1  1  62
1  5  244
1  7  207,734,955
1  12  865
1  18  490,627
1  22  579
1  26  865
1  28  36
1  29  579
1  31  187,733
1  33  156,865
1  37  63
1  39  187
1  48  130,865
1  58  650
1  59  865
1  60  865
1  63  187,360,754
1  66  734
1  71  187,859,865
1  77  859
1  87  187,244
1  94  244
1  98  251,895
1  100  187
1  102  244,474,644
1  103  244
1  108  813
1  114  244
1  115  627,865
1  116  84,865
1  120  187
1  123  929
1  131  387,516,596,865
1  133  516,596,734
1  134  232
1  135  204
1  144  859,877
1  153  140
1  157  877
1  188  997
1  211  187
1  215  563,865
1  219  244,865
1  223  733
1  232  929
1  236  801
1  239  733
2  8  785
2  22  813
2  25  579
2  27  36,801,929
2  29  519,865
2  32  929
2  35  140,326,369
2  38  244
2  46  859
2  47  865
2  48  244
2  49  865
2  51  801
2  61  859,877
2  64  198,764
2  76  36,198,764
2  83  84,865
2  94  156
2  106  187,615
2  112  519,623
2  114  84
2  149  734
2  150  474,644,865
2  152  232
2  153  859
2  157  516,596
2  171  369,516,596
2  173  859,929
2  180  623
2  182  865
2  186  579
2  188  187
2  190  516,596
2  192  244
2  197  929
2  200  801
2  205  490
2  213  474,644
2  220  877
2  233  94,820
2  239  140
2  241  516,596
2  247  836
2  248  650
3  7  84,516,596
3  11  636
3  14  727,811
3  16  516,596,865
3  21  733
3  22  307
3  25  244,997
3  26  29,63
3  30  650
3  36  929
3  42  204,221
3  43  877
3  47  865
3  55  187
3  57  94,820,865
3  58  974
3  73  877
3  80  130
3  84  357,360,754
3  88  859
3  99  156
3  101  877
3  110  244
3  115  650
3  117  140,734
3  119  187,244
3  134  187
3  139  801,877
3  154  734
3  155  734
3  157  579
3  161  785
3  166  130
3  167  36,187
3  172  63
3  176  865
3  186  949
3  190  579
3  197  865
3  202  251,997
3  213  733
3  221  22,717,877,949
3  227  623
3  234  865
3  240  187
4  3  516,596
4  5  156
4  11  929
4  15  36
4  21  97,360,754
4  29  997
4  33  207,955,974
4  36  187
4  39  62,244
4  46  244,669
4  50  360,734,754
4  53  836
4  58  187
4  65  232
4  68  997
4  73  734
4  77  669
4  79  485
4  80  646,929
4  83  865,929
4  103  156
4  114  251
4  120  207,955
4  124  204
4  133  562,579
4  137  357,997
4  143  627
4  147  813
4  148  650
4  149  623
4  170  36,221,859
4  171  627
4  172  929
4  181  663
4  184  187
4  191  360,754
4  192  739
4  220  63
4  224  63,360,754
4  230  130,615
4  239  646
4  240  363
4  248  244
4  250  836
5  2  232
5  4  859
5  11  244,801
5  16  865
5  19  929
5  20  232
5  21  357
5  24  29
5  25  251,650
5  28  22,734
5  37  244,775,846,991
5  43  734
5  44  244,929
5  45  369
5  49  997
5  54  187,877
5  58  363
5  60  997
5  63  357,538,978
5  66  734
5  71  579
5  78  22,717,949
5  81  733,797
5  83  209,997
5  85  187,360,754
5  87  156,363,663
5  101  36,865
5  103  579
5  135  140
5  137  859
5  138  627
5  141  650,997
5  145  689,865
5  146  929
5  147  865
5  148  360,754
5  150  865
5  160  244
5  171  579
5  182  663
5  184  363
5  187  734,865
5  189  865
5  193  615
5  195  516,519,596,865
5  200  530,531,621
5  202  801
5  210  140
5  212  360,754
5  217  28,877
5  218  221,929
5  222  865
5  225  153
5  227  29
5  230  621,929
5  231  474,579,644
5  236  865
5  243  490
5  246  244
6  1  820
6  13  623
6  25  652,734
6  26  733,797
6  28  387,733,859
6  29  997
6  32  734
6  37  63,251
6  48  974
6  57  689,865
6  62  813
6  66  84
6  67  221
6  68  579,865
6  77  516,596
6  99  813
6  105  929
6  109  232
6  119  734,859
6  126  244
6  127  859
6  133  209
6  136  579
6  138  130
6  141  579,786
6  142  516,596
6  145  997
6  156  997
6  158  877
6  162  187
6  165  615
6  166  360,754,877
6  175  36
6  178  244
6  179  516,596
6  186  187,734
6  195  579,949
6  198  140
6  202  516,596
6  203  877
6  207  836,929
6  217  52
6  218  36,929
6  220  877
6  225  22,717,949
6  231  877
6  233  36
6  238  156
6  242  734
6  250  627,650,733
7  2  490
7  8  877
7  9  490
7  17  959
7  18  209
7  19  209
7  22  187
7  25  929
7  28  36,84
7  47  997
7  50  357
7  58  865
7  62  244
7  65  195,393
7  69  244,734
7  73  140
7  77  579
7  79  579
7  81  621
7  82  29
7  85  734,865
7  91  820
7  92  130
7  93  519
7  97  727,733,797,811,859
7  107  360,754
7  110  221
7  116  929
7  120  363,387
7  130  369
7  135  646
7  143  929
7  151  865
7  154  156
7  164  579
7  165  387
7  167  363,538,978
7  173  865
7  174  877
7  175  22,519
7  179  650
7  182  813
7  200  187
7  201  187
7  203  931
7  211  363
7  212  865
7  229  692
7  234  689
7  235  519,623
7  240  62
7  242  357
7  246  140
8  2  363
8  10  187
8  22  135
8  26  997
8  29  127
8  33  615
8  36  244
8  39  363,664
8  44  251
8  45  650,663
8  51  519
8  73  865
8  76  22
8  97  187,663,734
8  98  579
8  111  997
8  117  836
8  125  360,754
8  128  579
8  132  516,596,929
8  133  949
8  138  232
8  144  669
8  162  363
8  177  244
8  182  997
8  185  801
8  195  127,130,663
8  196  130
8  202  201,530,531,579,621
8  216  187,232
8  217  411,454
8  228  733,797
8  233  650,813
8  246  357,646
8  248  187
9  8  244,865
9  12  865
9  16  997
9  21  904
9  29  684
9  53  234
9  56  929,997
9  58  387
9  59  244
9  61  22,669,717,931,949
9  64  727,811,997
9  66  733,797,813
9  70  959
9  76  135
9  79  187,615
9  91  187
9  110  929
9  117  234
9  118  130,563
9  122  627
9  123  865
9  128  733,797
9  131  579,734
9  136  130,187,204
9  147  187
9  149  369
9  160  251
9  163  627
9  164  232
9  165  579
9  168  801
9  169  734
9  173  669,997
9  182  579
9  188  363,733
9  190  820
9  193  140
9  195  307,519
9  197  209
9  206  140
9  218  22
9  222  929
9  224  244
9  229  865
9  230  974
9  234  997
9  238  232
9  239  97
9  242  209
9  243  865
9  248  615
10  1  207,232,955
10  3  579
10  7  579,650,959
10  10  363
10  20  490
10  25  655
10  28  62,97,962
10  45  422
10  48  156
10  57  813
10  65  206,562
10  72  187
10  86  187
10  91  22,717,949
10  101  387,820
10  128  22,187,717,949
10  134  195,232,393
10  145  251,692
10  152  615
10  156  130
10  157  251,931
10  161  727,811
10  162  244,579
10  166  929,974
10  173  209,753
10  182  684
10  193  865
10  210  187
10  212  865
10  213  563,997
10  215  244,877
10  225  813
10  236  530,531,621
10  238  94,519,820,929
10  241  579
10  248  130
10  250  234
11  9  997
11  13  113
11  24  140,409
11  34  244,615
11  38  156
11  41  474,644
11  52  244
11  54  931
11  58  669
11  59  84
11  70  244
11  82  409
11  91  363
11  93  623
11  94  859
11  96  187
11  101  153
11  106  733
11  108  244
11  110  156
11  111  689
11  112  113,187
11  144  949
11  147  865,997
11  149  422
11  151  130,496,997
11  153  646,669,865
11  155  130
11  164  485
11  169  562
11  173  130
11  175  782
11  176  859
11  177  94,813,820
11  180  579
11  184  519
11  185  140
11  190  470
11  196  22,627,717,949
11  198  646,865
11  209  140
11  212  84,187
11  216  646
11  219  997
11  221  187,775,846,991
11  222  535
11  223  801
11  231  187
11  250  244,600,666,884
12  9  244
12  11  28,877
12  19  516,596
12  29  516,596
12  37  865
12  38  627
12  45  943
12  58  753,997
12  59  130,156,187
12  62  28,733,797,877
12  68  650
12  73  66,84
12  75  244
12  81  519
12  83  684
12  89  187,733,734
12  97  727,811
12  100  329,936
12  105  232
12  127  669
12  128  877
12  132  535
12  136  929
12  138  600,666,801,884
12  148  357,839
12  169  97
12  177  232
12  187  997
12  191  244
12  192  109
12  193  646
12  197  535
12  206  615
12  209  360,754
12  211  997
12  218  782
12  224  357
12  229  244
12  234  187,997
12  237  820
12  238  470
12  245  62
12  247  636,831
12  248  865
13  1  664
13  7  663
13  30  363
13  39  387
13  48  130,251
13  49  63,579
13  52  579
13  58  684
13  70  251,733,797
13  72  363
13  79  363
13  88  519
13  91  320,655
13  95  187
13  97  496,865
13  100  207,955
13  115  865
13  123  209
13  125  357
13  132  472,535
13  138  563
13  139  156,931
13  140  959
13  145  490,652,997
13  146  209
13  147  135
13  149  929
13  150  563
13  164  865
13  168  140,326
13  173  535
13  182  490
13  189  360,754
13  191  156
13  192  855
13  193  997
13  199  519
13  205  627
13  207  929
13  208  785
13  211  621
13  215  563,684
13  218  859
13  231  865
13  235  949
13  236  997
13  238  209
13  248  652
14  4  232
14  7  307,627
14  11  209
14  13  187
14  14  801
14  19  470
14  31  97
14  34  244,251
14  37  244
14  38  251
14  67  232
14  69  623
14  83  62,535
14  86  820
14  95  627
14  96  519,621
14  102  156,929
14  111  187
14  113  859,877
14  133  387,652
14  137  669,739
14  140  140,244,496
14  147  684
14  150  650
14  151  684,974
14  156  474,644
14  157  201,485
14  170  843
14  173  931
14  177  813
14  180  733
14  192  156,187
14  195  813
14  200  929
14  207  234
14  213  684
14  220  931
14  224  474,644
14  226  232
14  234  36
14  235  113,127
14  241  244
14  243  775,846,991
14  246  610
14  247  813
15  1  519
15  6  244,734
15  7  387,884
15  9  684
15  18  820
15  20  187
15  28  535
15  32  209
15  33  997
15  35  36
15  41  187,627
15  42  140,326,929
15  48  487
15  55  363
15  68  84,997
15  69  113,251,865
15  88  127
15  94  669
15  97  669
15  99  646
15  108  28,734,877
15  120  579
15  128  360,754
15  131  207,307,955
15  133  307,623
15  134  206,562
15  136  974
15  138  146,527,684
15  147  363
15  150  997
15  153  753,997
15  155  244
15  162  307
15  163  600,666,884
15  164  733,797,997
15  172  820
15  174  369,931
15  177  733,797
15  180  113
15  182  143,929
15  187  485
15  188  369,621
15  199  733
15  202  490
15  212  997
15  215  684
15  220  187,931
15  222  959
15  236  684
15  240  743
15  243  739
15  244  63
15  249  929
16  1  320,655
16  7  232
16  8  363
16  11  530,531,621
16  18  355,747
16  22  143
16  34  621
16  37  997
16  41  563
16  52  307
16  53  120,251,522,594
16  54  387,931
16  58  623,846
16  59  29
16  62  251,820
16  71  363
16  73  232
16  83  130
16  86  369
16  90  244,929
16  92  813
16  95  363
16  96  959
16  97  490,519
16  101  997
16  109  734
16  122  130,600,666,884
16  133  143
16  140  646
16  141  221
16  143  529
16  157  652
16  181  929
16  186  130
16  193  610
16  194  207,955
16  196  529
16  197  187
16  219  156
16  229  187
16  231  931
16  232  28,877
16  239  813
16  241  251
16  246  109
16  248  621
17  1  516,519,596
17  8  187
17  12  734
17  19  535
17  27  209
17  29  307
17  33  538,621,684,978
17  39  931
17  42  929
17  46  251
17  48  997
17  54  363
17  62  320,655
17  66  562
17  67  929,997
17  68  684
17  82  244
17  93  127
17  98  307
17  112  488,811
17  119  10,669
17  122  360,754
17  124  232
17  131  10,232,684
17  139  140,198,764
17  143  663,743
17  148  733
17  151  221
17  152  140,187
17  155  10,156
17  163  130,153,261,895
17  172  209
17  178  36
17  181  943
17  190  307
17  191  251
17  199  929
17  209  357
17  218  28,877
17  222  363,609
17  224  251
17  227  113
18  3  307,859
18  4  669
18  7  209
18  11  535
18  15  22
18  18  609
18  19  307,753
18  23  733
18  27  36
18  28  209,273,669
18  29  143,808
18  36  929
18  42  820
18  44  209
18  46  753
18  52  655
18  55  621
18  56  836
18  58  327,671
18  64  496
18  84  357
18  86  363
18  94  753,865
18  97  156,562,753
18  104  244
18  105  130
18  111  363,650
18  114  251,652
18  115  650,684
18  128  153,877
18  131  562,949
18  145  684
18  147  375,621
18  155  974
18  158  187
18  161  684
18  162  143,490
18  163  609
18  170  877
18  178  251
18  180  488,811
18  185  734
18  187  522
18  188  422
18  189  997
18  192  251
18  201  997
18  202  187
18  205  600,666,884
18  207  209,865,877
18  213  97
18  216  195,393
18  218  962
18  240  621
18  242  198,764
18  248  623,974
18  250  97
19  1  232
19  5  232,251
19  7  535
19  16  877
19  31  204,355,747
19  34  652
19  39  156
19  43  10
19  59  62,244
19  66  135
19  74  244
19  78  490
19  82  251,371,485
19  93  808,929
19  100  232
19  101  959
19  112  363
19  119  621
19  120  621
19  126  84,251
19  128  557
19  129  734
19  131  363
19  158  156,363
19  170  929
19  177  187
19  185  10
19  186  63
19  195  143,997
19  199  127
19  201  84,865
19  209  44,367,469
19  216  610
19  228  187
19  235  877
19  237  320,655
19  239  355,610,747
19  246  496
20  1  519
20  4  753
20  6  727,811
20  8  997
20  16  307
20  18  198,820
20  20  187,363
20  25  865
20  35  244
20  37  363
20  44  652
20  49  22,684,717,949
20  56  684
20  58  153
20  59  363
20  64  652,931
20  72  621
20  77  307,753
20  85  363
20  104  802
20  108  949
20  111  929
20  116  997
20  118  684
20  119  753
20  125  877
20  133  84,739
20  141  621,929
20  164  563
20  177  610
20  187  153
20  188  221
20  191  929
20  194  84
20  196  474,644
20  202  733
20  207  931
20  208  779
20  218  52
20  221  363
20  224  652
20  227  63
20  240  524
20  247  251
20  250  355,747,929
21  4  195,393
21  8  621
21  27  663
21  29  623,846
21  32  488,865
21  35  156
21  36  44,469
21  39  859
21  41  600,666,884
21  42  502
21  53  785
21  59  664
21  64  623
21  80  974
21  81  127,190,296,422
21  82  652
21  84  904
21  85  621
21  86  579
21  91  387
21  98  201,802
21  100  130
21  101  140,326
21  105  519
21  106  621
21  108  156,813,865
21  110  251,734
21  115  623
21  122  779,997
21  138  609
21  139  303,728
21  142  579
21  147  734,997
21  157  303,623,728
21  164  135
21  166  140
21  170  130
21  178  652
21  180  865
21  183  36
21  191  652
21  194  187
21  200  209
21  206  621,646
21  207  303,307,728
21  229  187,820,997
21  235  130,808,931
21  242  865
21  249  733,797
22  8  156,931
22  19  143
22  21  733,797
22  28  535,753
22  30  84,621,734
22  36  209
22  37  251,621
22  60  684
22  61  753
22  69  198,488,562,764,811
22  74  94,820
22  76  296,929
22  89  97
22  90  209,949
22  119  130,156
22  124  195,393
22  139  422,734
22  150  84
22  152  519
22  155  251
22  157  251
22  164  187
22  170  679
22  172  113
22  176  669,997
22  179  307
22  188  929
22  189  865
22  194  363
22  206  610
22  207  535
22  246  689
23  7  779
23  11  251
23  16  997
23  22  363,459,460
23  23  877
23  25  187
23  45  84
23  51  490
23  57  375
23  63  474,644
23  68  187
23  69  22,997
23  71  187
23  78  786
23  84  429,904
23  89  562,997
23  91  621
23  96  770
23  101  959
23  112  621
23  121  221
23  122  743
23  128  22,717,734,949
23  129  579
23  131  143
23  136  785
23  137  753,855
23  140  610
23  142  307
23  146  535,663
23  148  865
23  152  646
23  155  490,538,859,978
23  157  143
23  166  209
23  178  579
23  182  490
23  189  357,684
23  199  808
23  201  997
23  202  439
23  213  244,273
23  220  303,728
23  234  684
23  237  779
23  247  652
23  249  187,244
24  3  143,669
24  6  877
24  10  621
24  16  204
24  17  836
24  18  535,621
24  19  519
24  24  371,646
24  25  84
24  29  143,429
24  32  28,63,877
24  33  387
24  37  652
24  39  319
24  52  836
24  67  646
24  73  62,684
24  75  198,652,764
24  76  84,734
24  79  621
24  81  808
24  93  820
24  104  251,929
24  106  221
24  107  865
24  115  609
24  116  62
24  122  865
24  134  663
24  135  610
24  143  209,363
24  144  753
24  153  865
24  161  978
24  165  307
24  166  367
24  167  357,663
24  176  753
24  177  470
24  178  307,623
24  180  190,358,725,997
24  183  22
24  188  44,469
24  195  459,487
24  198  997
24  202  557
24  207  459
24  210  646
24  211  623,846
24  214  251
24  221  739
24  237  929
24  238  535
24  240  63
24  248  538,978
25  2  621
25  4  689
25  6  251
25  10  244
25  11  187
25  26  877
25  27  959
25  34  156
25  42  679
25  52  135,663
25  55  524,865
25  57  387
25  61  62
25  74  470
25  84  198,764
25  88  669
25  102  209
25  114  623
25  116  409
25  128  357
25  129  307
25  134  195,393,621
25  136  538,978
25  140  187,779
25  143  535,865,899
25  148  97
25  153  997
25  159  153
25  162  251,621
25  165  621
25  166  904
25  168  84,530,531,621
25  170  779
25  172  636
25  176  367
25  185  488,562,865,877
25  186  562
25  187  684
25  188  524,679
25  189  865,904
25  196  663
25  198  684
25  202  307
25  210  563,610
25  215  251
25  223  836
25  225  156
25  227  63,130,190,358,725
25  231  563
25  233  28,734,877
25  235  813
25  249  770
26  18  135
26  20  621
26  22  66,621
26  25  621,652
26  28  472
26  35  36
26  41  684
26  49  387,557
26  51  530,531,621
26  56  636,831
26  59  156
26  62  652
26  64  63
26  68  733,797
26  72  363
26  77  143
26  82  251
26  90  820
26  92  22,375,717,949
26  93  190,209,358,725
26  97  808,865
26  98  689
26  104  209
26  108  997
26  109  36
26  113  460,669
26  114  652
26  116  209,684
26  128  63
26  141  244
26  143  621
26  145  733,797
26  168  187
26  176  950,983
26  177  135
26  180  929
26  182  209
26  191  209,623,734
26  198  610
26  202  143
26  212  363,684,997
26  214  201,209,232
26  222  865
26  223  97,877
26  229  244
26  237  187
26  241  307,652
26  242  535,904
26  250  609,865
27  3  753
27  6  652
27  8  232
27  10  360,754
27  15  782
27  18  273
27  19  28,127,877
27  20  363
27  21  355,747
27  30  524
27  36  363
27  38  600,650,666,884
27  43  488,865,959
27  44  490
27  46  367
27  52  797
27  56  797
27  62  623
27  67  621
27  68  490
27  73  646
27  80  209,538,943,978
27  86  621
27  90  535
27  98  734
27  108  684
27  112  307
27  119  367
27  123  535
27  124  393,870
27  140  770
27  151  949
27  152  127,865,997
27  154  187
27  158  251
27  162  459,524
27  167  904
27  177  195,393
27  183  782
27  193  621
27  194  232,621
27  202  621
27  209  327,470,671
27  225  251
27  229  156
27  244  62
28  9  733,797
28  10  156,357
28  24  610
28  27  530,531,621
28  30  130
28  33  190,296,422
28  38  813
28  41  609
28  44  623
28  67  232,524,684
28  72  232,621
28  76  782
28  77  367
28  80  733,797
28  85  524
28  86  490
28  94  28,877
28  97  367,429
28  98  244
28  111  621
28  121  929
28  124  502
28  126  734
28  127  460
28  133  22,109,459,779,865
28  137  367
28  148  355,747
28  149  209
28  151  813
28  163  974
28  169  232,650
28  171  29
28  172  190,725
28  180  557
28  181  209
28  184  621
28  186  557,974
28  193  684
28  195  127,650
28  202  579,786
28  208  387
28  219  684
28  223  562,931
28  230  470,813
28  231  997
28  233  562
28  246  367
28  247  135
28  249  156
29  8  156,524
29  11  959
29  16  143,684
29  23  931
29  25  36
29  26  232,684
29  31  929
29  34  623
29  38  261,375,895
29  40  207,955
29  51  187
29  67  470
29  71  621
29  87  251,621
29  88  753,808
29  89  273
29  91  524
29  122  357
29  123  623,846
29  129  143
29  138  684
29  151  130
29  154  770
29  156  974
29  163  198,538,820,978
29  169  22,273
29  171  600,666,884
29  173  684
29  179  143
29  188  29
29  199  429
29  201  684
29  203  244
29  214  460
29  223  530,531,621
29  224  623
29  227  974
29  229  156,684
29  231  684
29  241  143
30  3  367
30  8  303,684,728
30  13  488,811
30  16  929
30  17  28,234,877
30  19  808
30  27  187
30  34  190,296,363,422
30  35  251
30  40  232
30  59  877
30  62  63
30  68  557,621
30  74  156
30  76  135,859
30  93  429
30  97  22,943
30  106  621,929
30  109  206,244,562
30  114  623
30  116  371,535
30  125  931
30  134  393,524,870
30  138  195,393
30  141  156
30  142  143
30  155  487,490
30  172  28
30  173  84
30  193  367
30  196  487
30  201  363
30  227  487
30  234  997
30  244  579
30  245  664
30  246  156
30  247  623
31  1  490
31  6  562,623
31  14  530,531,621
31  16  623,846
31  22  158,247
31  26  621,623,846
31  29  459
31  30  29
31  35  29
31  50  63,904
31  53  28,187,877
31  58  621,865
31  70  734
31  71  387,490
31  73  931
31  89  22
31  95  663
31  96  808
31  104  911
31  108  251
31  111  84,524
31  112  524
31  117  120,594
31  126  652
31  131  488,621,865
31  138  865
31  149  535
31  153  684
31  156  538,684,877,978
31  161  779
31  162  63
31  167  621,943
31  172  621
31  173  62
31  188  621
31  191  535
31  195  84,135,684,808
31  197  692
31  205  261,895
31  212  36
31  214  206,562
31  221  621
31  233  135
31  237  929
31  243  563
31  245  785
32  4  206,562
32  5  519
32  9  846
32  13  190,358,563,725
32  20  621
32  26  195,393
32  36  156,327,621,671
32  43  763
32  47  684
32  56  535,621
32  59  251,621
32  64  135
32  69  623
32  70  652
32  82  180,522,556,809
32  86  557,689
32  99  610
32  101  684
32  104  652
32  108  219
32  113  931
32  137  904
32  139  469,646
32  140  251
32  147  135
32  148  273,997
32  149  488,811
32  157  180,556,809
32  158  113,931
32  177  206,562
32  180  273
32  191  865
32  193  190,296,422
32  203  739
32  212  623,846
32  214  66
32  222  36
32  226  195,393,959
32  234  579,623,786,846
32  240  319
32  244  28,307,877
32  245  22,717,949
33  2  232,524
33  4  367
33  8  251,329,936
33  13  684
33  18  524
33  24  801
33  29  779
33  33  487
33  37  684
33  38  609
33  44  180,556,809
33  53  770
33  54  303,728
33  76  209
33  78  621
33  104  623
33  109  156
33  111  320,655
33  123  734
33  127  66,753
33  128  904,931
33  131  439,763
33  135  187
33  136  502
33  147  684
33  153  367
33  157  459
33  158  621,733,797,811,877
33  164  522,859
33  174  422
33  179  84
33  180  209
33  186  261,851
33  189  187
33  200  535
33  205  609
33  212  97,621
33  221  363
33  222  949
33  230  538,978
33  235  303,728,974
33  237  209,363
33  246  904
34  2  519
34  4  393,870
34  8  251
34  13  28
34  14  474,644,689
34  19  459,950,983
34  25  557
34  26  931
34  28  367
34  37  524
34  39  251,684
34  52  615,943
34  62  734
34  63  563
34  66  22,62,733,797
34  70  187
34  71  557
34  98  156,579
34  99  36
34  107  997
34  121  679,820,949
34  130  422
34  138  689,855
34  145  623
34  153  187,367
34  156  487
34  171  261,307,895
34  175  859
34  185  22
34  197  997
34  200  187
34  208  929
34  212  524
34  219  22,251,717,949
34  228  770,820
34  231  557,623,846
34  239  273
34  243  109,198,764
34  245  36,319
34  248  487
35  31  490
35  48  490
35  52  459,621
35  57  684
35  59  62
35  63  974
35  71  524
35  73  727,811
35  75  650
35  76  535
35  78  307
35  84  63
35  91  949
35  95  775,820,846,991
35  97  950,983
35  102  22,553,717,949
35  107  684
35  111  209
35  114  180,556,809
35  117  610
35  120  232
35  136  417
35  144  689
35  145  187
35  148  187
35  149  190,358,725
35  153  367
35  161  813
35  165  190,296,422,997
35  170  538,978
35  171  143,609
35  174  44,469
35  185  187
35  195  429,943
35  197  684
35  215  156
35  229  156,251
35  233  28,877
35  237  36,496
35  249  209
36  12  623,846
36  13  524
36  14  650
36  21  273
36  27  535
36  37  739
36  39  621
36  47  474,644,684
36  62  375
36  68  187
36  73  367
36  94  367
36  95  621
36  106  273,679
36  113  753
36  131  195,393,459,519
36  133  156,535
36  139  10,187
36  150  684
36  152  52,808
36  164  557,684
36  171  29,44,469
36  174  187
36  176  684
36  182  387,535,959
36  185  931
36  186  538,978
36  187  562,623,846
36  202  459,621
36  205  198,820
36  214  158,247
36  217  130,207,955
36  218  201,553,579
36  225  135,779
36  229  251
36  230  487
36  240  579,786
36  242  763
36  245  22,717,949
37  15  859
37  21  187
37  24  367
37  26  303,728
37  31  470
37  34  621
37  37  623,855
37  54  303,621,728
37  64  623,846
37  67  679
37  69  28,684,813
37  75  84,623
37  76  962
37  77  459
37  88  367,429
37  95  320,524,655,855
37  98  143,251
37  99  251
37  102  251,808
37  105  209,949
37  112  143
37  113  367
37  128  535
37  141  251,679
37  145  621
37  160  652
37  165  579,786
37  183  859
37  186  487
37  203  156
37  212  62,387
37  216  367,621
37  217  232
37  230  209
37  231  496
37  235  135,429,859
37  237  579,786
37  240  557
37  241  180,556,809
37  243  855
37  250  84,209
38  6  22
38  7  143,820
38  14  187
38  15  962
38  17  120,594
38  22  524
38  31  502
38  32  763
38  34  251
38  39  524
38  58  367,524
38  61  367
38  62  490
38  67  959
38  75  180,556,809
38  79  524
38  88  84
38  94  950,983
38  98  22,307
38  103  307
38  104  535
38  116  490
38  120  187
38  122  36
38  125  904
38  126  623
38  135  367,684
38  137  621
38  139  610,865
38  149  10
38  152  621
38  154  562
38  155  195,393
38  164  579,786
38  166  535,538,978
38  175  962
38  183  962
38  185  646
38  188  327,671
38  190  143
38  199  156,209,490
38  203  855
38  208  209
38  210  367
38  228  320,655
38  234  684
38  237  209,535
38  240  621
38  243  684
38  250  273
39  24  938
39  29  684
39  35  153
39  36  524
39  38  62,84
39  55  813
39  57  623,846
39  65  734
39  66  187
39  70  743
39  72  524
39  73  387
39  74  779
39  86  320,655,959
39  88  490
39  90  251
39  107  357
39  108  562
39  116  820
39  125  303,728
39  127  367
39  133  855
39  148  650
39  150  684
39  151  375,487,929
39  152  621
39  158  524
39  160  623
39  175  429
39  177  135,490
39  178  143
39  180  28
39  182  459
39  194  524
39  201  135,621
39  210  684
39  223  187
39  224  180,556,809
39  225  779
39  233  22
39  234  329,936
39  244  143,664
40  6  496
40  14  84
40  34  524
40  61  950,983
40  68  949
40  70  770
40  72  195,393,524
40  79  146,190,296,422,527
40  81  187
40  88  62
40  99  375
40  103  459
40  105  535
40  116  140,326,655,801
40  119  251
40  120  524
40  122  904
40  130  44,469
40  138  187
40  139  488,865
40  147  524,623,846
40  153  623,846
40  156  931
40  161  487
40  165  621
40  167  524
40  175  201,553,579
40  185  610
40  190  459
40  200  770
40  201  36
40  212  623,846
40  221  855
40  235  190,358,538,725,978
40  237  535,621
40  244  459
40  250  198,251,820
