1  1  62
1  5  244
1  7  207,734,955
1  12  865
1  18  490,627
1  22  579
1  26  865
1  28  36
1  29  579
1  31  187,733
1  33  156,865
1  37  63
1  39  187
1  48  130,865
1  58  650
1  59  865
1  60  865
1  63  187,360,754
1  66  734
1  71  187,859,865
1  77  859
1  87  187,244
1  94  244
1  98  251,895
1  100  187
2  8  785
2  22  813
2  25  579
2  27  36,801,929
2  29  519,865
2  32  929
2  35  140,326,369
2  38  244
2  46  859
2  47  865
2  48  244
2  49  865
2  51  801
2  61  859,877
2  64  198,764
2  76  36,198,764
2  83  84,865
2  94  156
3  7  84,516,596
3  11  636
3  14  727,811
3  16  516,596,865
3  21  733
3  22  307
3  25  244,997
3  26  29,63
3  30  650
3  36  929
3  42  204,221
3  43  877
3  47  865
3  55  187
3  57  94,820,865
3  58  974
3  73  877
3  80  130
3  84  357,360,754
3  88  859
3  99  156
4  3  516,596
4  5  156
4  11  929
4  15  36
4  21  97,360,754
4  29  997
4  33  207,955,974
4  36  187
4  39  62,244
4  46  244,669
4  50  360,734,754
4  53  836
4  58  187
4  65  232
4  68  997
4  73  734
4  77  669
4  79  485
4  80  646,929
4  83  865,929
5  2  232
5  4  859
5  11  244,801
5  16  865
5  19  929
5  20  232
5  21  357
5  24  29
5  25  251,650
5  28  22,734
5  37  244,775,846,991
5  43  734
5  44  244,929
5  45  369
5  49  997
5  54  187,877
5  58  363
5  60  997
5  63  357,538,978
5  66  734
5  71  579
5  78  22,717,949
5  81  733,797
5  83  209,997
5  85  187,360,754
5  87  156,363,663
6  1  820
6  13  623
6  25  652,734
6  26  733,797
6  28  387,733,859
6  29  997
6  32  734
6  37  63,251
6  48  974
6  57  689,865
6  62  813
6  66  84
6  67  221
6  68  579,865
6  77  516,596
6  99  813
7  2  490
7  8  877
7  9  490
7  17  959
7  18  209
7  19  209
7  22  187
7  25  929
7  28  36,84
7  47  997
7  50  357
7  58  865
7  62  244
7  65  195,393
7  69  244,734
7  73  140
7  77  579
7  79  579
7  81  621
7  82  29
7  85  734,865
7  91  820
7  92  130
7  93  519
7  97  727,733,797,811,859
8  2  363
8  10  187
8  22  135
8  26  997
8  29  127
8  33  615
8  36  244
8  39  363,664
8  44  251
8  45  650,663
8  51  519
8  73  865
8  76  22
8  97  187,663,734
8  98  579
9  8  244,865
9  12  865
9  16  997
9  21  904
9  29  684
9  53  234
9  56  929,997
9  58  387
9  59  244
9  61  22,669,717,931,949
9  64  727,811,997
9  66  733,797,813
9  70  959
9  76  135
9  79  187,615
9  91  187
10  1  207,232,955
10  3  579
10  7  579,650,959
10  10  363
10  20  490
10  25  655
10  28  62,97,962
10  45  422
10  48  156
10  57  813
10  65  206,562
10  72  187
10  86  187
10  91  22,717,949
11  9  997
11  13  113
11  24  140,409
11  34  244,615
11  38  156
11  41  474,644
11  52  244
11  54  931
11  58  669
11  59  84
11  70  244
11  82  409
11  91  363
11  93  623
11  94  859
11  96  187
12  9  244
12  11  28,877
12  19  516,596
12  29  516,596
12  37  865
12  38  627
12  45  943
12  58  753,997
12  59  130,156,187
12  62  28,733,797,877
12  68  650
12  73  66,84
12  75  244
12  81  519
12  83  684
12  89  187,733,734
12  97  727,811
12  100  329,936
13  1  664
13  7  663
13  30  363
13  39  387
13  48  130,251
13  49  63,579
13  52  579
13  58  684
13  70  251,733,797
13  72  363
13  79  363
13  88  519
13  91  320,655
13  95  187
13  97  496,865
13  100  207,955
14  4  232
14  7  307,627
14  11  209
14  13  187
14  14  801
14  19  470
14  31  97
14  34  244,251
14  37  244
14  38  251
14  67  232
14  69  623
14  83  62,535
14  86  820
14  95  627
14  96  519,621
15  1  519
15  6  244,734
15  7  387,884
15  9  684
15  18  820
15  20  187
15  28  535
15  32  209
15  33  997
15  35  36
15  41  187,627
15  42  140,326,929
15  48  487
15  55  363
15  68  84,997
15  69  113,251,865
15  88  127
15  94  669
15  97  669
15  99  646
16  1  320,655
16  7  232
16  8  363
16  11  530,531,621
16  18  355,747
16  22  143
16  34  621
16  37  997
16  41  563
16  52  307
16  53  120,251,522,594
16  54  387,931
16  58  623,846
16  59  29
16  62  251,820
16  71  363
16  73  232
16  83  130
16  86  369
16  90  244,929
16  92  813
16  95  363
16  96  959
16  97  490,519
17  1  516,519,596
17  8  187
17  12  734
17  19  535
17  27  209
17  29  307
17  33  538,621,684,978
17  39  931
17  42  929
17  46  251
17  48  997
17  54  363
17  62  320,655
17  66  562
17  67  929,997
17  68  684
17  82  244
17  93  127
17  98  307
18  3  307,859
18  4  669
18  7  209
18  11  535
18  15  22
18  18  609
18  19  307,753
18  23  733
18  27  36
18  28  209,273,669
18  29  143,808
18  36  929
18  42  820
18  44  209
18  46  753
18  52  655
18  55  621
18  56  836
18  58  327,671
18  64  496
18  84  357
18  86  363
18  94  753,865
18  97  156,562,753
19  1  232
19  5  232,251
19  7  535
19  16  877
19  31  204,355,747
19  34  652
19  39  156
19  43  10
19  59  62,244
19  66  135
19  74  244
19  78  490
19  82  251,371,485
19  93  808,929
19  100  232
20  1  519
20  4  753
20  6  727,811
20  8  997
20  16  307
20  18  198,820
20  20  187,363
20  25  865
20  35  244
20  37  363
20  44  652
20  49  22,684,717,949
20  56  684
20  58  153
20  59  363
20  64  652,931
20  72  621
20  77  307,753
20  85  363
21  4  195,393
21  8  621
21  27  663
21  29  623,846
21  32  488,865
21  35  156
21  36  44,469
21  39  859
21  41  600,666,884
21  42  502
21  53  785
21  59  664
21  64  623
21  80  974
21  81  127,190,296,422
21  82  652
21  84  904
21  85  621
21  86  579
21  91  387
21  98  201,802
21  100  130
22  8  156,931
22  19  143
22  21  733,797
22  28  535,753
22  30  84,621,734
22  36  209
22  37  251,621
22  60  684
22  61  753
22  69  198,488,562,764,811
22  74  94,820
22  76  296,929
22  89  97
22  90  209,949
23  7  779
23  11  251
23  16  997
23  22  363,459,460
23  23  877
23  25  187
23  45  84
23  51  490
23  57  375
23  63  474,644
23  68  187
23  69  22,997
23  71  187
23  78  786
23  84  429,904
23  89  562,997
23  91  621
23  96  770
24  3  143,669
24  6  877
24  10  621
24  16  204
24  17  836
24  18  535,621
24  19  519
24  24  371,646
24  25  84
24  29  143,429
24  32  28,63,877
24  33  387
24  37  652
24  39  319
24  52  836
24  67  646
24  73  62,684
24  75  198,652,764
24  76  84,734
24  79  621
24  81  808
24  93  820
25  2  621
25  4  689
25  6  251
25  10  244
25  11  187
25  26  877
25  27  959
25  34  156
25  42  679
25  52  135,663
25  55  524,865
25  57  387
25  61  62
25  74  470
25  84  198,764
25  88  669
26  18  135
26  20  621
26  22  66,621
26  25  621,652
26  28  472
26  35  36
26  41  684
26  49  387,557
26  51  530,531,621
26  56  636,831
26  59  156
26  62  652
26  64  63
26  68  733,797
26  72  363
26  77  143
26  82  251
26  90  820
26  92  22,375,717,949
26  93  190,209,358,725
26  97  808,865
26  98  689
27  3  753
27  6  652
27  8  232
27  10  360,754
27  15  782
27  18  273
27  19  28,127,877
27  20  363
27  21  355,747
27  30  524
27  36  363
27  38  600,650,666,884
27  43  488,865,959
27  44  490
27  46  367
27  52  797
27  56  797
27  62  623
27  67  621
27  68  490
27  73  646
27  80  209,538,943,978
27  86  621
27  90  535
27  98  734
28  9  733,797
28  10  156,357
28  24  610
28  27  530,531,621
28  30  130
28  33  190,296,422
28  38  813
28  41  609
28  44  623
28  67  232,524,684
28  72  232,621
28  76  782
28  77  367
28  80  733,797
28  85  524
28  86  490
28  94  28,877
28  97  367,429
28  98  244
29  8  156,524
29  11  959
29  16  143,684
29  23  931
29  25  36
29  26  232,684
29  31  929
29  34  623
29  38  261,375,895
29  40  207,955
29  51  187
29  67  470
29  71  621
29  87  251,621
29  88  753,808
29  89  273
29  91  524
30  3  367
30  8  303,684,728
30  13  488,811
30  16  929
30  17  28,234,877
30  19  808
30  27  187
30  34  190,296,363,422
30  35  251
30  40  232
30  59  877
30  62  63
30  68  557,621
30  74  156
30  76  135,859
30  93  429
30  97  22,943
31  1  490
31  6  562,623
31  14  530,531,621
31  16  623,846
31  22  158,247
31  26  621,623,846
31  29  459
31  30  29
31  35  29
31  50  63,904
31  53  28,187,877
31  58  621,865
31  70  734
31  71  387,490
31  73  931
31  89  22
31  95  663
31  96  808
32  4  206,562
32  5  519
32  9  846
32  13  190,358,563,725
32  20  621
32  26  195,393
32  36  156,327,621,671
32  43  763
32  47  684
32  56  535,621
32  59  251,621
32  64  135
32  69  623
32  70  652
32  82  180,522,556,809
32  86  557,689
32  99  610
33  2  232,524
33  4  367
33  8  251,329,936
33  13  684
33  18  524
33  24  801
33  29  779
33  33  487
33  37  684
33  38  609
33  44  180,556,809
33  53  770
33  54  303,728
33  76  209
33  78  621
34  2  519
34  4  393,870
34  8  251
34  13  28
34  14  474,644,689
34  19  459,950,983
34  25  557
34  26  931
34  28  367
34  37  524
34  39  251,684
34  52  615,943
34  62  734
34  63  563
34  66  22,62,733,797
34  70  187
34  71  557
34  98  156,579
34  99  36
35  31  490
35  48  490
35  52  459,621
35  57  684
35  59  62
35  63  974
35  71  524
35  73  727,811
35  75  650
35  76  535
35  78  307
35  84  63
35  91  949
35  95  775,820,846,991
35  97  950,983
36  12  623,846
36  13  524
36  14  650
36  21  273
36  27  535
36  37  739
36  39  621
36  47  474,644,684
36  62  375
36  68  187
36  73  367
36  94  367
36  95  621
37  15  859
37  21  187
37  24  367
37  26  303,728
37  31  470
37  34  621
37  37  623,855
37  54  303,621,728
37  64  623,846
37  67  679
37  69  28,684,813
37  75  84,623
37  76  962
37  77  459
37  88  367,429
37  95  320,524,655,855
37  98  143,251
37  99  251
38  6  22
38  7  143,820
38  14  187
38  15  962
38  17  120,594
38  22  524
38  31  502
38  32  763
38  34  251
38  39  524
38  58  367,524
38  61  367
38  62  490
38  67  959
38  75  180,556,809
38  79  524
38  88  84
38  94  950,983
38  98  22,307
39  24  938
39  29  684
39  35  153
39  36  524
39  38  62,84
39  55  813
39  57  623,846
39  65  734
39  66  187
39  70  743
39  72  524
39  73  387
39  74  779
39  86  320,655,959
39  88  490
39  90  251
40  6  496
40  14  84
40  34  524
40  61  950,983
40  68  949
40  70  770
40  72  195,393,524
40  79  146,190,296,422,527
40  81  187
40  88  62
40  99  375
