1  1  62
1  5  244
1  7  207,734,955
1  12  865
1  18  490,627
1  22  579
1  26  865
1  28  36
1  29  579
1  31  187,733
1  33  156,865
1  37  63
1  39  187
1  48  130,865
1  58  650
1  59  865
1  60  865
1  63  187,360,754
1  66  734
1  71  187,859,865
1  77  859
1  87  187,244
1  94  244
1  98  251,895
1  100  187
1  102  244,474,644
1  103  244
1  108  813
1  114  244
1  115  627,865
1  116  84,865
1  120  187
1  123  929
1  131  387,516,596,865
1  133  516,596,734
1  134  232
1  135  204
1  144  859,877
1  153  140
1  157  877
1  188  997
1  211  187
1  215  563,865
1  219  244,865
1  223  733
1  232  929
1  236  801
1  239  733
1  251  627,865
1  255  130,865
1  261  516,596,627,877
1  262  187
1  266  615
1  280  244
1  283  801
1  289  130,244
1  291  187
1  293  232
1  296  187
1  305  474,644
1  308  650
1  310  244
1  315  997
1  317  865
1  324  36,207,955
1  333  244
1  337  929
1  357  360,754
1  362  357
1  364  140,734,865
1  365  929
1  367  627
1  368  490,519,959
1  373  244
1  374  187,801
1  378  865
1  382  244
1  385  36,733
1  392  232
1  393  991
1  403  36,820,865
1  407  36
1  425  579
1  428  865
1  441  865,929
1  469  650
1  473  187,627
1  476  251,522
1  477  244
1  482  865
1  487  130,244,460,650
1  492  130
1  493  485
1  497  636,877,997
1  502  63
1  518  187
1  519  244
1  520  865
1  533  360,627,754
1  542  929
1  560  865
1  563  865
1  564  997
1  566  232,579,627
1  570  877
1  573  187,207,955
1  576  859
1  583  516,596
1  584  519
1  594  734
1  598  187
1  602  244,929
1  614  865
1  622  232
1  626  779
1  633  865
1  634  820
1  635  929
1  645  244
1  654  820
1  674  28,877,997
1  675  474,644,734
1  677  813
1  689  733,797,836
1  698  187
1  713  627
1  718  859
1  722  627
1  734  734
1  741  244,929
1  742  929
1  743  865
1  748  865
2  8  785
2  22  813
2  25  579
2  27  36,801,929
2  29  519,865
2  32  929
2  35  140,326,369
2  38  244
2  46  859
2  47  865
2  48  244
2  49  865
2  51  801
2  61  859,877
2  64  198,764
2  76  36,198,764
2  83  84,865
2  94  156
2  106  187,615
2  112  519,623
2  114  84
2  149  734
2  150  474,644,865
2  152  232
2  153  859
2  157  516,596
2  171  369,516,596
2  173  859,929
2  180  623
2  182  865
2  186  579
2  188  187
2  190  516,596
2  192  244
2  197  929
2  200  801
2  205  490
2  213  474,644
2  220  877
2  233  94,820
2  239  140
2  241  516,596
2  247  836
2  248  650
2  257  204,627
2  270  733
2  277  232
2  281  734,785
2  282  865
2  295  244
2  297  997
2  302  130
2  303  865
2  305  113
2  307  36,387
2  322  959
2  324  22
2  328  959
2  340  474,644
2  341  865
2  345  627
2  361  232
2  377  627
2  383  198,650,764
2  393  959
2  408  474,644
2  411  929
2  421  485
2  424  84
2  425  307
2  428  865
2  443  474,644
2  444  859
2  447  859
2  462  929,959
2  466  207,221,369,955
2  469  689
2  484  187
2  488  360,754
2  492  974
2  506  865
2  517  244,843,959
2  529  130
2  536  997
2  551  232
2  553  865,997
2  561  865
2  574  650,865
2  578  865
2  583  360,754
2  585  836
2  587  474,644
2  598  579
2  600  251,929,997
2  606  460
2  617  130
2  620  865
2  622  813
2  626  244
2  641  516,596
2  647  360,754
2  653  244
2  660  579
2  661  929
2  663  244
2  670  734
2  672  244
2  688  859
2  691  877
2  692  244,627
2  696  187
2  697  929
2  701  360,369,754
2  704  929
2  705  733
2  706  63
2  713  600,666,813,884
2  715  615
2  724  650
2  730  244
2  738  63,959
2  746  369
3  7  84,516,596
3  11  636
3  14  727,811
3  16  516,596,865
3  21  733
3  22  307
3  25  244,997
3  26  29,63
3  30  650
3  36  929
3  42  204,221
3  43  877
3  47  865
3  55  187
3  57  94,820,865
3  58  974
3  73  877
3  80  130
3  84  357,360,754
3  88  859
3  99  156
3  101  877
3  110  244
3  115  650
3  117  140,734
3  119  187,244
3  134  187
3  139  801,877
3  154  734
3  155  734
3  157  579
3  161  785
3  166  130
3  167  36,187
3  172  63
3  176  865
3  186  949
3  190  579
3  197  865
3  202  251,997
3  213  733
3  221  22,717,877,949
3  227  623
3  234  865
3  240  187
3  252  615
3  255  997
3  256  877,929
3  257  529,644,929
3  260  820
3  265  644,929
3  270  97
3  273  615
3  278  877
3  282  997
3  283  94,820
3  295  877
3  298  244
3  299  187
3  300  244
3  308  615
3  312  865
3  314  36
3  324  232,490
3  326  579
3  335  36,801
3  344  859,865
3  351  130
3  357  84,130,357
3  366  156
3  370  579
3  375  929
3  378  84,813
3  382  251
3  386  997
3  392  801
3  408  28,859,877
3  409  663
3  419  865
3  423  29,689
3  437  615,929
3  438  130,490
3  439  650,959
3  469  623
3  473  877,929
3  475  734
3  482  244,997
3  486  84
3  488  357
3  493  865
3  502  623,865
3  510  485,490
3  511  140,326
3  522  865
3  524  734,877
3  527  820
3  531  929
3  532  627
3  535  63
3  537  865
3  545  997
3  557  865
3  561  997
3  577  615
3  581  627,785
3  592  865
3  597  627
3  602  734
3  611  369
3  614  929
3  617  877
3  629  615
3  633  733
3  636  865
3  637  865
3  641  579
3  645  22,156
3  648  187
3  674  52
3  679  244
3  680  959
3  682  516,596
3  684  84
3  685  627,929
3  693  997
3  694  84,734
3  695  813
3  697  733
3  698  363
3  706  519,733,797
3  713  63
3  714  579
3  720  244
3  721  865
3  723  29
4  3  516,596
4  5  156
4  11  929
4  15  36
4  21  97,360,754
4  29  997
4  33  207,955,974
4  36  187
4  39  62,244
4  46  244,669
4  50  360,734,754
4  53  836
4  58  187
4  65  232
4  68  997
4  73  734
4  77  669
4  79  485
4  80  646,929
4  83  865,929
4  103  156
4  114  251
4  120  207,955
4  124  204
4  133  562,579
4  137  357,997
4  143  627
4  147  813
4  148  650
4  149  623
4  170  36,221,859
4  171  627
4  172  929
4  181  663
4  184  187
4  191  360,754
4  192  739
4  220  63
4  224  63,360,754
4  230  130,615
4  239  646
4  240  363
4  248  244
4  250  836
4  253  29
4  254  877
4  256  579
4  260  187,733,797
4  266  187
4  268  232
4  273  460,877
4  274  439
4  279  244,650
4  303  579
4  308  621,689
4  322  684
4  327  187,244
4  329  859
4  336  929
4  363  232
4  374  531
4  378  997
4  380  865
4  382  652
4  386  579,739,786
4  387  813
4  392  195,393
4  393  187,779
4  396  187,997
4  399  198,764
4  400  627
4  402  865
4  405  140,474,644
4  412  623
4  415  615
4  417  36
4  421  522
4  424  727,811
4  429  130,785
4  437  621
4  443  646
4  452  949
4  454  997
4  457  474,644,663
4  458  865
4  462  997
4  468  187,623
4  472  650
4  480  360,650,754
4  487  727,811
4  493  387
4  498  244,929
4  502  997
4  518  244,859
4  522  369,997
4  523  360,754
4  526  130
4  527  733,797
4  535  363,820
4  537  244,811,997
4  540  733,734,797
4  543  516,596
4  551  997
4  552  877
4  557  692,813
4  561  684
4  564  244
4  568  865
4  572  130
4  583  357
4  584  865
4  586  36,360,754,865
4  591  244
4  592  363,623,959
4  600  201,232
4  601  733,929
4  604  650
4  608  496
4  609  865,997
4  615  130
4  626  156,357
4  627  865
4  632  865
4  641  307
4  642  865
4  650  140
4  654  865
4  656  579
4  657  733,797
4  658  36
4  662  460
4  664  627,733,797
4  665  865,929
4  667  244,474,644
4  669  615
4  672  29
4  678  187,877
4  693  140
4  699  733
4  711  36
4  713  135,609
4  734  727,811
4  737  733,797,929
4  742  490,820
4  749  232,865
5  2  232
5  4  859
5  11  244,801
5  16  865
5  19  929
5  20  232
5  21  357
5  24  29
5  25  251,650
5  28  22,734
5  37  244,775,846,991
5  43  734
5  44  244,929
5  45  369
5  49  997
5  54  187,877
5  58  363
5  60  997
5  63  357,538,978
5  66  734
5  71  579
5  78  22,717,949
5  81  733,797
5  83  209,997
5  85  187,360,754
5  87  156,363,663
5  101  36,865
5  103  579
5  135  140
5  137  859
5  138  627
5  141  650,997
5  145  689,865
5  146  929
5  147  865
5  148  360,754
5  150  865
5  160  244
5  171  579
5  182  663
5  184  363
5  187  734,865
5  189  865
5  193  615
5  195  516,519,596,865
5  200  530,531,621
5  202  801
5  210  140
5  212  360,754
5  217  28,877
5  218  221,929
5  222  865
5  225  153
5  227  29
5  230  621,929
5  231  474,579,644
5  236  865
5  243  490
5  246  244
5  252  369,650
5  261  579,836,865
5  262  363
5  267  727,811
5  274  94,820
5  282  244
5  289  974
5  291  363,474,644
5  293  244
5  304  187
5  315  579,786
5  316  62,130
5  321  877
5  323  949
5  328  801
5  331  813
5  332  369
5  335  22
5  338  865
5  339  733,929
5  343  460
5  354  734
5  376  130,627,865
5  379  997
5  402  516,596,997
5  405  490,563
5  407  650
5  415  621
5  421  369
5  426  692,865
5  440  689,734
5  443  785
5  447  859
5  449  865
5  454  650
5  455  929
5  456  29,63,474,644
5  472  650
5  475  97
5  476  460
5  483  387
5  490  232,615
5  492  63
5  494  474,644
5  497  733,797
5  502  113
5  509  36
5  512  29,244
5  517  36
5  520  244,579
5  524  627,734
5  527  650
5  538  734
5  548  140,187,244
5  550  820
5  571  130,244
5  572  36
5  573  363
5  578  219
5  581  360,754,779
5  584  997
5  591  251
5  593  63
5  606  36
5  610  140,820
5  615  244
5  622  865
5  633  877
5  636  929
5  648  387
5  653  997
5  658  22,187
5  660  615
5  664  232
5  667  187
5  694  865
5  695  859
5  710  244
5  726  877
5  730  251,877
5  732  596
5  733  198,221,764,959
5  745  877
5  749  320,655,997
6  1  820
6  13  623
6  25  652,734
6  26  733,797
6  28  387,733,859
6  29  997
6  32  734
6  37  63,251
6  48  974
6  57  689,865
6  62  813
6  66  84
6  67  221
6  68  579,865
6  77  516,596
6  99  813
6  105  929
6  109  232
6  119  734,859
6  126  244
6  127  859
6  133  209
6  136  579
6  138  130
6  141  579,786
6  142  516,596
6  145  997
6  156  997
6  158  877
6  162  187
6  165  615
6  166  360,754,877
6  175  36
6  178  244
6  179  516,596
6  186  187,734
6  195  579,949
6  198  140
6  202  516,596
6  203  877
6  207  836,929
6  217  52
6  218  36,929
6  220  877
6  225  22,717,949
6  231  877
6  233  36
6  238  156
6  242  734
6  250  627,650,733
6  255  221,684
6  266  877
6  271  929
6  273  650
6  282  684
6  292  865
6  304  363
6  308  63
6  316  474,644
6  323  929
6  326  36
6  327  156,734
6  334  84
6  342  22,615,717,949
6  349  36
6  353  627,813
6  354  94,820
6  359  627
6  365  929
6  368  859,997
6  370  232
6  378  733,797
6  383  865
6  401  244,820
6  403  187
6  409  865
6  432  490
6  438  650,974
6  439  929
6  451  801
6  464  733,797,865
6  467  615,877
6  472  650
6  473  156,209,974
6  475  22,36,615,717,949
6  480  187
6  485  146,527
6  487  130
6  502  130
6  504  734
6  506  22,717,949,997
6  508  519
6  509  244
6  514  244,733,797
6  518  156
6  519  251
6  523  36
6  528  251,522
6  531  734
6  539  232
6  541  627
6  544  244
6  553  579,786
6  557  775,846,991
6  563  997
6  566  600,650,666,865,884
6  567  232,997
6  574  929
6  576  669
6  585  865
6  588  813
6  590  94,820
6  591  187
6  595  198,490,764
6  606  949
6  608  865
6  619  140,326,865
6  635  820
6  646  94,820
6  647  357
6  650  865,959
6  653  684
6  663  251
6  669  187
6  674  646,929
6  680  959
6  693  63
6  694  997
6  709  877
6  720  156,579
6  723  409
6  729  929
6  730  865,929
6  737  209,734
6  738  187,615
6  741  209
6  746  734
6  748  997
7  2  490
7  8  877
7  9  490
7  17  959
7  18  209
7  19  209
7  22  187
7  25  929
7  28  36,84
7  47  997
7  50  357
7  58  865
7  62  244
7  65  195,393
7  69  244,734
7  73  140
7  77  579
7  79  579
7  81  621
7  82  29
7  85  734,865
7  91  820
7  92  130
7  93  519
7  97  727,733,797,811,859
7  107  360,754
7  110  221
7  116  929
7  120  363,387
7  130  369
7  135  646
7  143  929
7  151  865
7  154  156
7  164  579
7  165  387
7  167  363,538,978
7  173  865
7  174  877
7  175  22,519
7  179  650
7  182  813
7  200  187
7  201  187
7  203  931
7  211  363
7  212  865
7  229  692
7  234  689
7  235  519,623
7  240  62
7  242  357
7  246  140
7  251  244
7  253  409
7  260  187
7  265  29
7  267  865
7  270  36
7  272  94,244,579,820
7  282  251,743
7  289  153
7  312  727,811,997
7  315  733,959
7  317  865
7  325  865
7  341  360,538,754,978
7  343  244
7  344  669
7  360  733
7  364  820
7  369  221,865
7  386  692
7  396  187,363
7  401  949
7  402  579
7  407  22,579
7  411  959
7  414  490
7  430  820
7  431  997
7  432  244,689
7  433  232
7  436  615,627
7  439  387,579,650,786
7  440  959
7  444  929
7  451  865
7  457  474,644,646
7  461  187
7  468  113,801
7  470  251,522
7  478  244
7  479  836
7  480  363
7  484  130
7  486  36,733
7  494  140
7  499  244
7  501  865
7  503  187
7  509  156
7  511  929
7  513  130,244
7  514  156
7  517  516,596
7  520  187
7  527  94,820
7  536  28,877,946
7  539  195,393
7  540  232
7  542  187
7  544  251
7  546  140,326
7  552  627
7  558  63
7  578  84
7  585  187,734
7  592  865
7  599  877
7  602  209
7  619  519,865
7  622  195
7  627  775,846,991,997
7  629  877
7  638  29,734
7  640  727,811
7  641  221
7  644  187
7  646  929,982
7  649  187
7  651  232
7  654  865
7  657  244
7  664  187
7  666  187
7  676  516,596
7  680  929,997
7  682  579
7  686  360,754
7  696  130,615
7  698  156,563
7  703  865,991
7  705  877
7  719  244
7  725  813
7  728  232
7  732  579
7  740  785,997
7  745  22,519
7  749  195,393
8  2  363
8  10  187
8  22  135
8  26  997
8  29  127
8  33  615
8  36  244
8  39  363,664
8  44  251
8  45  650,663
8  51  519
8  73  865
8  76  22
8  97  187,663,734
8  98  579
8  111  997
8  117  836
8  125  360,754
8  128  579
8  132  516,596,929
8  133  949
8  138  232
8  144  669
8  162  363
8  177  244
8  182  997
8  185  801
8  195  127,130,663
8  196  130
8  202  201,530,531,579,621
8  216  187,232
8  217  411,454
8  228  733,797
8  233  650,813
8  246  357,646
8  248  187
8  251  251
8  253  371
8  256  187
8  257  209,563
8  263  689,949
8  267  84
8  268  195,393,623
8  269  734
8  280  130
8  282  130
8  286  244
8  304  621
8  305  488,811
8  314  140,689
8  317  644
8  320  232
8  324  782
8  330  929
8  334  187
8  340  36,563
8  341  734
8  353  621
8  354  474,644,929
8  360  187
8  361  949
8  370  307
8  373  156
8  376  600,666,884
8  377  156
8  390  859,865
8  392  530,531,621,836
8  412  113
8  416  627,813
8  432  813
8  452  974
8  456  409
8  460  62
8  461  156
8  462  865
8  466  198,764,929
8  467  36,621
8  468  865
8  484  363,974,997
8  488  207,955
8  493  820,877
8  498  156
8  502  488,621,811
8  505  36,865,929
8  506  29,244
8  507  865
8  509  22
8  513  251
8  516  734
8  524  187
8  526  650,689,865
8  534  244
8  537  684
8  538  22,717,949
8  540  474,644
8  546  733,734,797
8  548  646
8  554  198,764
8  560  929
8  579  244
8  581  490
8  603  779
8  604  615
8  606  959
8  608  198,764
8  610  36
8  611  627
8  613  490
8  616  130
8  623  130
8  624  28,734,877
8  625  516,596
8  627  739
8  631  369,877
8  632  516,596
8  633  931,997
8  635  63
8  640  627
8  642  84,140,326,997
8  644  363
8  648  813
8  650  959
8  651  997
8  652  244
8  662  66
8  667  232,363,877
8  668  198,244,764,877
8  670  997
8  673  650
8  674  130
8  679  156,813
8  681  36
8  683  187
8  685  209,727,811
8  690  251,522,836
8  699  615,877
8  700  785
8  701  130
8  707  130,663
8  709  931
8  727  859
8  732  727
8  733  929
8  737  187,535
8  738  621
8  744  689
9  8  244,865
9  12  865
9  16  997
9  21  904
9  29  684
9  53  234
9  56  929,997
9  58  387
9  59  244
9  61  22,669,717,931,949
9  64  727,811,997
9  66  733,797,813
9  70  959
9  76  135
9  79  187,615
9  91  187
9  110  929
9  117  234
9  118  130,563
9  122  627
9  123  865
9  128  733,797
9  131  579,734
9  136  130,187,204
9  147  187
9  149  369
9  160  251
9  163  627
9  164  232
9  165  579
9  168  801
9  169  734
9  173  669,997
9  182  579
9  188  363,733
9  190  820
9  193  140
9  195  307,519
9  197  209
9  206  140
9  218  22
9  222  929
9  224  244
9  229  865
9  230  974
9  234  997
9  238  232
9  239  97
9  242  209
9  243  865
9  248  615
9  253  721,846
9  260  363
9  263  140
9  265  563
9  266  363,650
9  267  865,997
9  275  474,644,997
9  283  187,982
9  300  156,244
9  321  877
9  323  929
9  334  62
9  346  579
9  347  579
9  350  997
9  353  244,785,813
9  363  371
9  368  127,130,669,779,865
9  369  929
9  370  187
9  371  813
9  384  779
9  386  959
9  391  187
9  393  363,739
9  396  187
9  399  929
9  403  997
9  422  232,387
9  425  143
9  426  623
9  436  600,666,884
9  437  190,296,422
9  447  669
9  461  929
9  469  627
9  473  94,820
9  474  187
9  477  232
9  479  360,754
9  483  187,877
9  491  627
9  492  621
9  493  931,997
9  498  209
9  504  562
9  507  198,764
9  508  127,153
9  514  813
9  522  684
9  538  562
9  545  52
9  564  516,596,974
9  572  22
9  577  929
9  591  652
9  606  66
9  613  36,357
9  619  997
9  622  84
9  623  959
9  627  109
9  630  734
9  641  929
9  643  813
9  645  734
9  654  997
9  665  209,929,997
9  666  251,522
9  673  997
9  695  244
9  697  813,859
9  701  244,974
9  704  929
9  708  232
9  709  929
9  711  36
9  719  156,865
9  725  650
9  738  363
9  741  84
10  1  207,232,955
10  3  579
10  7  579,650,959
10  10  363
10  20  490
10  25  655
10  28  62,97,962
10  45  422
10  48  156
10  57  813
10  65  206,562
10  72  187
10  86  187
10  91  22,717,949
10  101  387,820
10  128  22,187,717,949
10  134  195,232,393
10  145  251,692
10  152  615
10  156  130
10  157  251,931
10  161  727,811
10  162  244,579
10  166  929,974
10  173  209,753
10  182  684
10  193  865
10  210  187
10  212  865
10  213  563,997
10  215  244,877
10  225  813
10  236  530,531,621
10  238  94,519,820,929
10  241  579
10  248  130
10  250  234
10  253  663
10  256  209
10  265  63
10  267  997
10  270  187
10  272  865
10  275  627
10  277  997
10  285  959
10  298  140,156,579
10  300  650
10  302  865
10  312  865
10  314  22
10  333  243,635
10  344  997
10  350  929
10  353  63,135
10  364  734,997
10  367  600,666,884
10  370  877,997
10  379  997
10  383  785,997
10  390  859
10  391  363
10  402  929
10  403  734,743
10  406  474,644
10  407  187
10  408  187
10  433  29,474,644
10  440  360,754,929
10  443  563
10  449  689,997
10  454  579,786
10  455  244,360,754
10  456  28,663,734,877
10  484  579,786
10  487  387
10  496  627,929
10  501  28,187,877
10  507  195,393
10  508  496
10  520  360,754
10  523  22
10  525  485
10  530  36
10  538  974
10  542  209
10  554  865
10  555  733
10  575  387
10  579  801
10  580  801
10  586  357,490
10  590  982
10  593  207,733,955
10  599  813,931
10  601  187
10  604  232
10  608  474,644
10  631  422,931
10  632  997
10  635  320,655
10  640  600,666,884
10  644  621
10  650  865
10  662  307
10  663  949
10  664  600,666,884
10  665  209,244,535
10  672  156,865
10  675  244
10  677  627,743
10  678  931
10  683  363
10  693  646
10  696  974
10  701  357
10  716  130
10  721  244
10  723  371
10  724  84
10  735  187,865
10  741  734
10  747  36
10  748  865
10  750  997
11  9  997
11  13  113
11  24  140,409
11  34  244,615
11  38  156
11  41  474,644
11  52  244
11  54  931
11  58  669
11  59  84
11  70  244
11  82  409
11  91  363
11  93  623
11  94  859
11  96  187
11  101  153
11  106  733
11  108  244
11  110  156
11  111  689
11  112  113,187
11  144  949
11  147  865,997
11  149  422
11  151  130,496,997
11  153  646,669,865
11  155  130
11  164  485
11  169  562
11  173  130
11  175  782
11  176  859
11  177  94,813,820
11  180  579
11  184  519
11  185  140
11  190  470
11  196  22,627,717,949
11  198  646,865
11  209  140
11  212  84,187
11  216  646
11  219  997
11  221  187,775,846,991
11  222  535
11  223  801
11  231  187
11  250  244,600,666,884
11  252  422
11  257  490,663
11  260  621
11  263  646
11  276  865
11  284  615
11  291  187
11  293  519
11  294  439,865
11  296  156,363
11  305  865
11  306  369
11  307  734,813
11  308  84
11  311  130
11  313  244
11  332  422
11  341  562,734
11  346  244
11  351  130,974
11  354  474,644
11  362  422,904
11  371  877
11  379  198,474,644,764
11  385  422
11  387  859
11  388  130
11  395  360,754
11  396  363
11  399  209
11  403  490
11  411  865
11  412  209
11  413  877
11  417  221
11  427  62
11  428  739
11  432  734
11  433  195,393
11  434  516,596,820
11  440  209
11  449  684
11  451  209,320,655,997
11  456  371
11  460  29,490
11  463  251
11  466  422
11  472  84
11  474  997
11  487  156
11  489  187
11  494  646
11  525  733,797
11  529  974
11  534  734,946
11  540  393,870
11  548  363,610
11  553  621
11  554  187
11  559  244
11  562  207,955
11  566  187
11  568  997
11  576  753
11  577  621
11  588  187
11  592  244
11  595  360,733,734,754
11  597  140
11  603  627
11  607  232
11  608  563
11  621  813
11  632  485
11  659  62,865
11  667  195,393,931
11  675  865
11  679  232
11  681  929
11  690  251
11  693  865
11  707  29,485
11  709  187
11  714  232
11  717  865
11  720  307
11  725  244
11  739  36
11  743  244,997
11  744  859
12  9  244
12  11  28,877
12  19  516,596
12  29  516,596
12  37  865
12  38  627
12  45  943
12  58  753,997
12  59  130,156,187
12  62  28,733,797,877
12  68  650
12  73  66,84
12  75  244
12  81  519
12  83  684
12  89  187,733,734
12  97  727,811
12  100  329,936
12  105  232
12  127  669
12  128  877
12  132  535
12  136  929
12  138  600,666,801,884
12  148  357,839
12  169  97
12  177  232
12  187  997
12  191  244
12  192  109
12  193  646
12  197  535
12  206  615
12  209  360,754
12  211  997
12  218  782
12  224  357
12  229  244
12  234  187,997
12  237  820
12  238  470
12  245  62
12  247  636,831
12  248  865
12  255  579
12  258  251,522,865
12  259  929
12  261  636,831
12  268  156
12  271  209
12  274  733,797
12  293  931
12  296  127,959
12  307  22
12  311  877
12  339  97
12  341  562
12  344  244
12  355  727,811,820
12  363  66,198,764
12  369  130
12  373  187
12  379  490,621
12  384  153,615
12  385  369
12  390  650
12  391  865
12  398  187
12  401  813
12  417  929
12  421  422
12  428  997
12  433  371
12  442  22,717,865,949
12  460  490
12  462  209
12  465  187,877
12  468  689
12  478  865
12  481  519
12  497  579,786
12  502  485
12  503  84,244
12  508  808
12  510  929
12  512  409
12  514  865
12  520  997
12  537  156
12  541  813
12  551  204
12  557  689,997
12  558  232
12  559  156
12  564  949
12  582  820
12  589  207,955
12  591  22,363,717,949
12  599  734
12  603  692,959
12  604  621
12  605  198,232,320,615,655,764
12  615  974
12  643  135,865
12  645  187
12  654  997
12  666  785
12  667  28,156
12  669  29,936
12  670  84
12  673  997
12  675  929
12  677  929
12  678  303,728
12  690  84,234
12  715  733,877
12  721  387
12  726  232
12  734  496,865
12  737  10
12  740  63
12  743  28,369,877
12  749  959
13  1  664
13  7  663
13  30  363
13  39  387
13  48  130,251
13  49  63,579
13  52  579
13  58  684
13  70  251,733,797
13  72  363
13  79  363
13  88  519
13  91  320,655
13  95  187
13  97  496,865
13  100  207,955
13  115  865
13  123  209
13  125  357
13  132  472,535
13  138  563
13  139  156,931
13  140  959
13  145  490,652,997
13  146  209
13  147  135
13  149  929
13  150  563
13  164  865
13  168  140,326
13  173  535
13  182  490
13  189  360,754
13  191  156
13  192  855
13  193  997
13  199  519
13  205  627
13  207  929
13  208  785
13  211  621
13  215  563,684
13  218  859
13  231  865
13  235  949
13  236  997
13  238  209
13  248  652
13  262  779
13  272  997
13  273  865
13  279  84
13  280  974
13  286  244,652
13  287  836,997
13  291  84,363
13  294  198,764
13  295  813
13  297  997
13  300  156,813
13  306  663
13  322  859
13  323  535
13  332  187,689
13  334  363
13  336  209
13  351  734
13  367  609
13  369  974
13  370  130,143
13  387  669
13  389  865
13  392  187
13  393  307
13  394  187
13  395  357
13  399  44,469
13  416  22,717,949
13  419  997
13  429  615
13  449  187
13  456  652
13  462  63
13  465  929,997
13  474  363
13  476  66,785
13  477  36
13  478  734
13  483  931
13  488  997
13  496  485
13  499  156
13  520  684
13  521  615,865
13  522  422
13  535  621
13  538  538,978
13  541  666,884
13  547  865
13  550  623
13  554  997
13  556  130,650,929
13  557  232,779
13  564  538
13  566  609
13  596  244
13  599  130,375,460
13  600  36
13  605  97
13  610  187,320,655
13  616  974
13  619  363
13  620  36
13  628  244,623
13  632  519,684
13  638  949
13  642  684,689
13  644  733,797
13  649  997
13  654  579
13  655  187,733,797
13  659  187,664
13  664  261,895
13  665  360,490,754
13  677  209
13  679  84
13  690  785
13  694  10,929
13  695  156,669
13  699  187,931
13  702  232
13  720  143
13  729  209
13  734  646,997
13  740  579,786
13  746  66
14  4  232
14  7  307,627
14  11  209
14  13  187
14  14  801
14  19  470
14  31  97
14  34  244,251
14  37  244
14  38  251
14  67  232
14  69  623
14  83  62,535
14  86  820
14  95  627
14  96  519,621
14  102  156,929
14  111  187
14  113  859,877
14  133  387,652
14  137  669,739
14  140  140,244,496
14  147  684
14  150  650
14  151  684,974
14  156  474,644
14  157  201,485
14  170  843
14  173  931
14  177  813
14  180  733
14  192  156,187
14  195  813
14  200  929
14  207  234
14  213  684
14  220  931
14  224  474,644
14  226  232
14  234  36
14  235  113,127
14  241  244
14  243  775,846,991
14  246  610
14  247  813
14  259  140
14  262  251
14  263  244
14  267  684
14  269  563
14  271  140
14  279  931
14  282  929
14  286  156
14  288  785
14  294  209
14  303  623
14  304  490,553
14  305  563
14  312  496
14  313  929
14  320  997
14  344  753
14  345  600,666,884
14  346  251
14  349  140,326
14  354  563
14  356  689,865
14  357  62,198,764,974
14  360  130
14  374  363
14  380  997
14  386  490,855
14  387  135
14  394  519,733,865
14  399  519
14  401  156
14  409  997
14  410  733,797
14  411  360,754
14  413  865
14  414  357
14  426  360,754
14  429  627
14  449  363
14  451  684,689
14  455  156
14  461  820
14  467  490
14  471  650
14  474  974
14  478  997
14  484  244,621
14  485  813
14  488  579
14  493  187
14  494  232,562
14  501  997
14  506  409
14  509  997
14  511  209
14  519  652
14  521  997
14  525  474,644
14  529  232,538,978
14  534  562,663
14  538  997
14  541  261,895,929
14  544  244,652
14  566  490
14  577  190,221,296,422
14  582  579,865
14  584  684
14  597  490
14  605  355,621,650,747
14  610  646
14  612  474
14  613  22,929
14  617  865
14  638  409
14  642  232
14  645  195,232,393
14  646  357
14  649  579,786,865
14  651  813
14  654  209,684
14  658  251
14  660  865
14  665  357,997
14  672  409
14  679  156,579
14  683  84
14  684  140
14  688  813
14  692  650
14  693  997
14  697  209
14  703  997
14  712  877
14  714  187,865
14  715  244
14  722  600,666,884
14  724  357
14  736  813
14  746  158,247
15  1  519
15  6  244,734
15  7  387,884
15  9  684
15  18  820
15  20  187
15  28  535
15  32  209
15  33  997
15  35  36
15  41  187,627
15  42  140,326,929
15  48  487
15  55  363
15  68  84,997
15  69  113,251,865
15  88  127
15  94  669
15  97  669
15  99  646
15  108  28,734,877
15  120  579
15  128  360,754
15  131  207,307,955
15  133  307,623
15  134  206,562
15  136  974
15  138  146,527,684
15  147  363
15  150  997
15  153  753,997
15  155  244
15  162  307
15  163  600,666,884
15  164  733,797,997
15  172  820
15  174  369,931
15  177  733,797
15  180  113
15  182  143,929
15  187  485
15  188  369,621
15  199  733
15  202  490
15  212  997
15  215  684
15  220  187,931
15  222  959
15  236  684
15  240  743
15  243  739
15  244  63
15  249  929
15  265  409
15  266  621,931
15  270  363
15  280  360,754
15  282  623,846
15  284  130
15  298  251,646
15  301  244,627,734,929
15  304  579,865
15  306  422
15  326  187
15  328  579
15  336  997
15  342  734
15  344  244
15  345  261,895
15  349  22
15  368  627,808
15  374  739
15  378  187
15  384  244
15  389  734,997
15  398  363
15  404  195
15  422  490
15  433  563,721,846
15  439  29
15  446  244
15  447  753
15  453  865
15  457  610
15  462  609
15  463  232
15  470  865
15  473  931
15  477  22
15  478  684
15  479  22,717,949
15  481  198,764
15  483  97,865
15  488  232
15  492  187
15  499  650
15  510  387,877
15  513  652
15  520  357
15  526  974
15  533  734
15  534  974
15  535  62
15  548  621
15  551  684
15  552  600,666,884
15  555  669
15  556  360,754
15  560  232
15  564  357
15  566  363
15  576  820
15  578  63
15  581  357
15  584  429
15  601  813
15  602  28,877
15  606  52
15  609  244,579,786
15  612  734
15  617  84
15  621  375,865
15  622  62
15  635  877
15  638  929
15  641  679
15  646  63,244
15  647  10
15  654  187
15  657  895
15  658  363,962
15  670  997
15  674  519
15  680  877
15  690  62
15  696  244
15  699  929
15  701  422,865
15  704  734
15  708  195,393,615
15  710  244
15  711  22,140,326,684,717,949
15  724  22
15  725  663
15  726  470
15  740  997
15  743  733,877
15  748  232
16  1  320,655
16  7  232
16  8  363
16  11  530,531,621
16  18  355,747
16  22  143
16  34  621
16  37  997
16  41  563
16  52  307
16  53  120,251,522,594
16  54  387,931
16  58  623,846
16  59  29
16  62  251,820
16  71  363
16  73  232
16  83  130
16  86  369
16  90  244,929
16  92  813
16  95  363
16  96  959
16  97  490,519
16  101  997
16  109  734
16  122  130,600,666,884
16  133  143
16  140  646
16  141  221
16  143  529
16  157  652
16  181  929
16  186  130
16  193  610
16  194  207,955
16  196  529
16  197  187
16  219  156
16  229  187
16  231  931
16  232  28,877
16  239  813
16  241  251
16  246  109
16  248  621
16  251  997
16  258  785
16  263  251
16  267  727,811
16  268  113
16  270  22
16  285  244
16  300  621
16  301  29
16  306  140,326,943
16  316  974
16  323  94,209,820
16  334  621
16  339  187,877
16  351  516,596
16  355  320,655
16  360  974
16  364  646
16  376  261,895
16  379  187
16  383  251
16  387  734
16  402  156,209
16  403  207,320,655,955
16  405  646
16  411  997
16  420  244
16  421  244,877
16  422  84
16  424  28,877
16  426  84,519,579
16  429  974
16  437  439
16  444  669
16  453  775,846,991
16  454  615
16  462  684
16  477  251,782
16  484  538,978
16  486  97,877
16  491  600,666,884
16  493  865
16  502  764
16  512  146,371,527
16  513  22,623,717,949
16  515  646
16  525  522
16  526  487
16  527  877
16  534  84
16  537  684
16  539  156,865
16  545  369
16  547  36
16  549  623
16  550  113
16  560  997
16  568  782,929
16  572  62
16  576  140
16  582  36
16  588  562
16  591  621
16  594  865
16  596  244
16  617  28,62,877
16  632  127
16  642  62
16  644  187
16  647  485
16  655  221
16  662  143
16  666  187
16  675  997
16  686  357
16  694  232
16  700  232
16  702  195,393
16  704  84
16  712  63,579
16  718  553,669
16  721  997
16  727  669
16  728  187
16  730  959
16  732  36,865
16  734  684
16  741  485
16  743  865
16  745  782
17  1  516,519,596
17  8  187
17  12  734
17  19  535
17  27  209
17  29  307
17  33  538,621,684,978
17  39  931
17  42  929
17  46  251
17  48  997
17  54  363
17  62  320,655
17  66  562
17  67  929,997
17  68  684
17  82  244
17  93  127
17  98  307
17  112  488,811
17  119  10,669
17  122  360,754
17  124  232
17  131  10,232,684
17  139  140,198,764
17  143  663,743
17  148  733
17  151  221
17  152  140,187
17  155  10,156
17  163  130,153,261,895
17  172  209
17  178  36
17  181  943
17  190  307
17  191  251
17  199  929
17  209  357
17  218  28,877
17  222  363,609
17  224  251
17  227  113
17  253  801
17  256  36,535
17  257  865,929
17  259  646
17  262  198,621,764
17  264  615
17  265  371
17  267  62,684
17  276  140
17  291  62
17  297  579,786
17  300  153
17  314  232
17  316  130
17  321  931
17  322  859
17  339  865
17  343  127,156
17  346  859
17  349  244
17  350  187
17  355  187
17  369  734
17  375  865
17  378  684
17  388  734
17  390  490
17  402  307
17  417  955
17  418  734
17  423  650
17  436  261,895
17  450  232
17  453  140
17  457  563
17  462  198,820
17  471  474,644,865
17  473  251
17  474  62,538,621,978
17  478  997
17  482  232,684
17  487  997
17  489  363,650
17  493  997
17  497  931
17  514  187,652
17  524  562,813
17  532  600,666,884
17  536  621
17  542  363
17  543  579
17  555  244,753
17  560  684
17  573  519,621
17  575  187
17  584  623,846
17  592  130
17  594  562
17  600  621
17  612  10,207,955
17  626  232
17  629  931
17  637  865
17  638  371
17  647  244
17  648  813
17  649  997
17  657  802
17  662  459
17  665  156
17  666  363,727,811
17  675  156
17  676  579
17  678  363
17  679  232
17  681  22
17  690  120,594
17  691  485,931
17  694  195,393
17  705  63,97
17  706  127,187
17  721  846
17  729  232
17  735  140
17  738  623,846,997
17  743  684
18  3  307,859
18  4  669
18  7  209
18  11  535
18  15  22
18  18  609
18  19  307,753
18  23  733
18  27  36
18  28  209,273,669
18  29  143,808
18  36  929
18  42  820
18  44  209
18  46  753
18  52  655
18  55  621
18  56  836
18  58  327,671
18  64  496
18  84  357
18  86  363
18  94  753,865
18  97  156,562,753
18  104  244
18  105  130
18  111  363,650
18  114  251,652
18  115  650,684
18  128  153,877
18  131  562,949
18  145  684
18  147  375,621
18  155  974
18  158  187
18  161  684
18  162  143,490
18  163  609
18  170  877
18  178  251
18  180  488,811
18  185  734
18  187  522
18  188  422
18  189  997
18  192  251
18  201  997
18  202  187
18  205  600,666,884
18  207  209,865,877
18  213  97
18  216  195,393
18  218  962
18  240  621
18  242  198,764
18  248  623,974
18  250  97
18  255  187
18  260  524
18  264  251
18  265  209,721,846
18  275  84
18  287  820
18  298  962
18  306  519
18  307  782
18  310  865
18  314  782
18  326  232
18  329  669,727,811
18  337  579
18  340  22
18  347  187,579
18  371  221
18  374  36
18  387  207,689,955
18  390  669
18  391  929,997
18  405  490,813
18  408  669
18  413  997
18  428  109
18  432  156,360,490,754
18  434  727,811,931
18  440  130,387
18  441  997
18  443  650,865
18  455  251
18  456  10
18  464  997
18  465  733
18  470  387,813
18  475  621
18  482  156,195,393
18  489  621
18  493  490
18  495  801
18  504  785
18  509  251,782
18  515  198,610,764
18  522  650
18  528  251,485,522
18  534  997
18  553  997
18  568  209,859
18  586  904
18  594  232
18  598  187
18  602  785
18  605  244
18  608  684
18  609  251,621
18  611  865
18  616  232
18  623  865,974
18  624  363,562
18  626  251
18  627  684
18  630  36
18  632  143
18  634  187
18  635  209
18  645  615
18  650  813
18  656  387
18  657  156
18  659  997
18  672  371
18  680  209
18  689  865
18  692  490
18  695  753
18  696  485
18  701  997
18  714  949
18  725  84
18  726  195,393
18  730  684,997
18  741  156
18  743  931
19  1  232
19  5  232,251
19  7  535
19  16  877
19  31  204,355,747
19  34  652
19  39  156
19  43  10
19  59  62,244
19  66  135
19  74  244
19  78  490
19  82  251,371,485
19  93  808,929
19  100  232
19  101  959
19  112  363
19  119  621
19  120  621
19  126  84,251
19  128  557
19  129  734
19  131  363
19  158  156,363
19  170  929
19  177  187
19  185  10
19  186  63
19  195  143,997
19  199  127
19  201  84,865
19  209  44,367,469
19  216  610
19  228  187
19  235  877
19  237  320,655
19  239  355,610,747
19  246  496
19  252  44,469
19  254  22,717,949
19  268  949
19  271  959
19  273  232
19  275  261,895
19  284  621
19  289  198,538,764,978
19  297  538,978
19  299  360,754
19  302  22,62
19  306  44,469
19  310  22,717,949
19  311  244
19  314  519
19  315  490
19  317  650
19  320  232
19  327  470,865
19  342  153
19  356  997
19  365  209,360,754
19  371  689,929
19  380  997
19  384  621
19  396  959
19  402  143,251,684
19  412  63,488,811
19  415  652
19  426  113,127,734
19  433  734
19  437  991,997
19  439  232
19  441  156,843
19  443  84,692
19  449  621
19  452  84,650
19  460  319
19  461  363
19  463  579
19  470  650
19  473  363
19  475  63
19  477  652
19  481  127
19  489  579
19  494  610
19  498  929
19  499  251
19  502  684
19  512  156
19  515  959
19  530  859
19  531  244
19  537  22,717,949
19  542  207,621,955
19  545  411,422,454
19  547  22
19  551  387
19  552  261,865,895
19  557  739
19  566  62
19  567  579,786
19  570  221
19  572  974
19  575  187
19  588  562
19  589  244,949
19  593  232
19  596  62
19  607  130,195,393
19  619  519,997
19  622  206
19  625  579
19  630  22
19  633  97
19  638  22,721,846
19  642  610
19  647  579
19  649  63
19  651  579,786
19  655  130,813
19  661  156,615
19  669  409,621
19  681  782
19  686  140,904
19  688  646
19  693  684
19  698  621
19  699  621
19  703  877
19  707  579,786
19  719  865,974
19  720  251
19  722  187
19  730  209,684
19  738  621
19  739  22
19  746  422
20  1  519
20  4  753
20  6  727,811
20  8  997
20  16  307
20  18  198,820
20  20  187,363
20  25  865
20  35  244
20  37  363
20  44  652
20  49  22,684,717,949
20  56  684
20  58  153
20  59  363
20  64  652,931
20  72  621
20  77  307,753
20  85  363
20  104  802
20  108  949
20  111  929
20  116  997
20  118  684
20  119  753
20  125  877
20  133  84,739
20  141  621,929
20  164  563
20  177  610
20  187  153
20  188  221
20  191  929
20  194  84
20  196  474,644
20  202  733
20  207  931
20  208  779
20  218  52
20  221  363
20  224  652
20  227  63
20  240  524
20  247  251
20  250  355,747,929
20  255  130
20  256  959
20  266  357,650
20  268  28,865
20  278  519,865
20  282  663
20  286  251
20  294  535
20  296  650
20  302  36
20  306  29
20  314  859
20  317  84
20  330  615
20  331  251
20  337  307
20  338  997
20  342  22,717,949
20  345  609
20  346  615
20  347  307
20  349  782
20  353  600,666,884
20  360  538,978
20  370  974
20  380  130
20  390  615
20  391  375,689
20  392  779
20  407  782
20  426  156
20  430  813
20  439  689
20  442  997
20  460  721,846
20  462  734
20  465  363
20  466  679
20  469  600,884
20  472  84,727,811
20  474  487
20  497  865
20  503  363
20  514  997
20  521  684
20  523  97,782
20  526  949
20  532  261,895
20  544  623
20  548  156
20  550  488,811
20  557  232,684
20  561  929
20  569  734
20  571  232,974
20  573  524
20  574  209,621
20  581  739
20  582  959
20  592  156
20  594  997
20  599  562
20  600  209
20  610  610
20  620  997
20  637  865,997
20  638  261,535,801,851
20  657  187,820
20  659  734
20  660  997
20  663  140
20  665  949
20  676  307
20  687  244
20  689  234
20  693  621,959
20  698  663
20  714  363
20  721  251
20  723  721,846
20  732  727,811
20  741  62
20  742  22,717,949
20  745  22
21  4  195,393
21  8  621
21  27  663
21  29  623,846
21  32  488,865
21  35  156
21  36  44,469
21  39  859
21  41  600,666,884
21  42  502
21  53  785
21  59  664
21  64  623
21  80  974
21  81  127,190,296,422
21  82  652
21  84  904
21  85  621
21  86  579
21  91  387
21  98  201,802
21  100  130
21  101  140,326
21  105  519
21  106  621
21  108  156,813,865
21  110  251,734
21  115  623
21  122  779,997
21  138  609
21  139  303,728
21  142  579
21  147  734,997
21  157  303,623,728
21  164  135
21  166  140
21  170  130
21  178  652
21  180  865
21  183  36
21  191  652
21  194  187
21  200  209
21  206  621,646
21  207  303,307,728
21  229  187,820,997
21  235  130,808,931
21  242  865
21  249  733,797
21  253  938
21  257  684
21  260  770
21  261  689,797
21  282  209,652,943
21  292  997
21  299  997
21  300  135,524
21  304  959
21  328  187
21  332  363
21  339  997
21  351  369,579
21  352  627
21  353  387
21  354  209,470
21  371  684
21  375  997
21  385  36,44,469
21  393  109
21  394  36,127
21  402  459,535
21  409  29
21  413  820
21  423  409
21  429  261,895
21  430  135
21  432  865
21  434  579
21  436  734,813
21  439  97
21  440  535
21  441  684
21  457  135
21  459  615,865
21  462  36
21  465  974
21  473  538,978
21  489  734
21  494  563
21  501  684,779
21  507  997
21  530  669
21  534  487,943
21  537  251
21  550  877
21  556  357
21  558  929
21  561  209
21  572  664,782
21  578  209
21  579  36,652
21  583  207,955
21  585  363,997
21  586  198,764
21  595  357
21  597  369
21  601  375
21  607  689,974
21  608  997
21  609  621
21  619  127,684
21  621  997
21  623  733,797,997
21  635  733,797
21  637  684
21  648  135
21  650  84
21  653  251,623,775,846,991
21  666  363
21  669  198,764
21  670  684
21  674  153
21  681  209
21  697  375
21  699  97,363
21  702  206,562
21  710  156
21  715  931
21  716  579
21  721  201
21  739  782
21  743  36,422,997
21  744  63,669
21  745  859
21  748  195,393,684,997
22  8  156,931
22  19  143
22  21  733,797
22  28  535,753
22  30  84,621,734
22  36  209
22  37  251,621
22  60  684
22  61  753
22  69  198,488,562,764,811
22  74  94,820
22  76  296,929
22  89  97
22  90  209,949
22  119  130,156
22  124  195,393
22  139  422,734
22  150  84
22  152  519
22  155  251
22  157  251
22  164  187
22  170  679
22  172  113
22  176  669,997
22  179  307
22  188  929
22  189  865
22  194  363
22  206  610
22  207  535
22  246  689
22  263  877
22  264  615
22  265  684
22  269  22,387,717,949
22  270  273,782
22  282  360,754
22  288  28,877
22  296  251
22  310  251
22  333  997
22  335  232,387,782
22  347  557
22  350  786
22  352  529
22  356  684
22  379  62
22  383  684
22  384  156,190,296,422
22  386  490
22  388  949
22  397  140,326
22  405  684
22  414  785
22  426  904
22  440  357
22  450  206,562
22  458  931
22  459  997
22  465  538,621,978
22  468  621
22  471  563
22  473  261,303,535,621,728,785,895
22  475  190,296,422
22  479  636,831
22  485  650
22  493  522,684
22  505  22,209
22  509  859
22  510  931
22  514  684
22  522  307
22  523  859
22  531  209
22  533  22,357,717,949
22  549  113
22  555  650
22  556  974
22  564  156
22  569  734
22  571  195,393
22  572  859
22  576  646
22  580  865
22  581  109,490
22  583  522
22  587  36,563
22  589  251
22  601  198,621,764
22  602  84
22  605  156
22  615  156
22  650  62,375
22  652  244,600,666,884
22  665  251,684
22  669  371
22  673  684
22  677  135
22  681  859
22  691  877
22  694  684
22  695  877
22  696  156
22  703  187,931
22  707  409
22  721  251
22  736  146,527
22  738  187
22  741  187,522
23  7  779
23  11  251
23  16  997
23  22  363,459,460
23  23  877
23  25  187
23  45  84
23  51  490
23  57  375
23  63  474,644
23  68  187
23  69  22,997
23  71  187
23  78  786
23  84  429,904
23  89  562,997
23  91  621
23  96  770
23  101  959
23  112  621
23  121  221
23  122  743
23  128  22,717,734,949
23  129  579
23  131  143
23  136  785
23  137  753,855
23  140  610
23  142  307
23  146  535,663
23  148  865
23  152  646
23  155  490,538,859,978
23  157  143
23  166  209
23  178  579
23  182  490
23  189  357,684
23  199  808
23  201  997
23  202  439
23  213  244,273
23  220  303,728
23  234  684
23  237  779
23  247  652
23  249  187,244
23  258  417
23  261  261,895
23  266  84,855
23  267  496
23  278  959
23  281  563,779
23  284  207,209,955
23  285  140
23  287  801
23  288  474,644
23  290  627
23  291  621
23  292  684
23  294  63
23  299  363
23  303  113
23  311  974
23  314  962
23  326  22
23  330  621
23  351  187,487
23  375  320,655
23  385  422
23  393  143,600,666,884
23  403  734
23  405  135
23  407  859
23  412  190,358,725
23  417  232,779,865
23  423  689
23  426  488,811
23  429  621
23  432  997
23  444  997
23  447  669,859
23  452  563
23  459  244,684
23  461  579,621
23  468  621
23  473  538,978
23  474  36,621
23  477  623
23  496  522
23  497  621
23  503  156,621
23  507  206,562,684
23  521  877
23  525  563
23  526  84
23  532  609
23  538  684
23  539  363
23  541  244
23  547  782
23  549  488,811
23  571  360,754
23  578  244
23  591  623
23  596  156
23  601  524
23  602  779
23  603  615
23  607  743
23  610  367
23  618  244,865
23  625  187,244
23  628  113
23  630  156,734
23  632  522
23  633  355,747
23  635  579
23  640  609
23  643  997
23  647  209
23  655  62,363,929
23  658  621
23  674  66,209,490
23  675  209
23  692  261,895
23  705  369,663
23  708  153
23  709  363
23  710  22,717,949
23  714  877
23  716  974
23  736  63,135
23  746  562
23  750  997
24  3  143,669
24  6  877
24  10  621
24  16  204
24  17  836
24  18  535,621
24  19  519
24  24  371,646
24  25  84
24  29  143,429
24  32  28,63,877
24  33  387
24  37  652
24  39  319
24  52  836
24  67  646
24  73  62,684
24  75  198,652,764
24  76  84,734
24  79  621
24  81  808
24  93  820
24  104  251,929
24  106  221
24  107  865
24  115  609
24  116  62
24  122  865
24  134  663
24  135  610
24  143  209,363
24  144  753
24  153  865
24  161  978
24  165  307
24  166  367
24  167  357,663
24  176  753
24  177  470
24  178  307,623
24  180  190,358,725,997
24  183  22
24  188  44,469
24  195  459,487
24  198  997
24  202  557
24  207  459
24  210  646
24  211  623,846
24  214  251
24  221  739
24  237  929
24  238  535
24  240  63
24  248  538,978
24  251  261,895
24  253  621
24  259  130,209,244
24  267  820
24  283  363
24  296  621
24  301  209,600,666,884
24  313  156
24  320  195,206,393,562,865
24  324  859
24  327  329,936,997
24  333  244
24  340  490,684
24  344  156
24  375  535
24  383  779
24  391  209
24  393  195,524
24  394  439,562
24  400  251,522
24  401  375
24  410  187
24  415  623
24  416  261,895
24  427  664,865
24  429  490,609
24  430  535
24  439  84
24  445  734
24  452  84,363,487
24  454  84,621
24  458  865
24  459  621
24  462  865
24  463  36,307,519
24  480  621
24  488  187
24  497  524
24  502  522,623,846
24  509  650
24  523  522
24  528  785
24  530  753
24  531  156,535
24  534  623,846
24  538  22
24  544  180,488,556,809,865
24  546  877,959
24  550  190,358,725
24  552  609
24  553  684
24  556  734,904
24  561  251
24  563  684
24  565  627
24  572  156
24  576  610
24  588  363
24  589  496
24  592  113,733
24  594  519
24  597  261,422,895
24  598  557
24  599  66,974
24  611  997
24  612  949
24  616  997
24  625  187
24  634  929
24  638  472
24  650  610
24  654  859
24  682  307
24  683  621
24  684  516,596
24  692  609
24  694  846
24  697  387
24  699  357
24  701  487
24  721  652
24  722  363
24  725  689
24  728  734
24  732  307,959
24  738  363
24  743  623,846
24  745  962
24  749  684
25  2  621
25  4  689
25  6  251
25  10  244
25  11  187
25  26  877
25  27  959
25  34  156
25  42  679
25  52  135,663
25  55  524,865
25  57  387
25  61  62
25  74  470
25  84  198,764
25  88  669
25  102  209
25  114  623
25  116  409
25  128  357
25  129  307
25  134  195,393,621
25  136  538,978
25  140  187,779
25  143  535,865,899
25  148  97
25  153  997
25  159  153
25  162  251,621
25  165  621
25  166  904
25  168  84,530,531,621
25  170  779
25  172  636
25  176  367
25  185  488,562,865,877
25  186  562
25  187  684
25  188  524,679
25  189  865,904
25  196  663
25  198  684
25  202  307
25  210  563,610
25  215  251
25  223  836
25  225  156
25  227  63,130,190,358,725
25  231  563
25  233  28,734,877
25  235  813
25  249  770
25  258  997
25  259  156
25  273  66
25  277  579,786
25  281  562
25  282  36,623
25  285  646
25  287  234
25  307  36,84
25  308  97
25  310  652
25  311  931
25  332  621
25  333  156,684
25  339  931
25  341  22,846,865
25  352  663
25  354  684
25  364  949
25  370  538,978
25  374  28,877
25  375  684
25  380  684
25  383  865
25  387  367
25  389  684
25  391  232
25  399  535
25  404  387,727,811
25  407  962
25  421  156,931
25  440  904
25  447  753
25  455  652
25  470  785
25  472  865
25  493  303,728
25  495  360,754
25  498  734
25  510  650
25  514  623
25  517  232
25  520  904
25  533  609
25  537  232
25  542  232,535
25  550  320,655
25  551  206,562
25  575  363,733,797
25  581  609
25  583  579
25  590  949
25  596  689
25  609  652
25  610  646
25  611  600,666,884
25  615  251
25  618  156,997
25  619  621
25  620  684
25  623  187,538,978
25  633  273
25  636  209,684
25  643  375
25  654  557
25  660  307
25  661  621
25  663  820
25  674  127
25  678  621
25  679  307
25  681  949
25  683  524,621
25  690  201
25  692  904
25  699  904
25  705  140,244,326,355,747
25  707  371,621
25  712  187,931
25  714  206,562
25  721  623
25  731  232
25  736  219
25  739  562,859
25  740  621
26  18  135
26  20  621
26  22  66,621
26  25  621,652
26  28  472
26  35  36
26  41  684
26  49  387,557
26  51  530,531,621
26  56  636,831
26  59  156
26  62  652
26  64  63
26  68  733,797
26  72  363
26  77  143
26  82  251
26  90  820
26  92  22,375,717,949
26  93  190,209,358,725
26  97  808,865
26  98  689
26  104  209
26  108  997
26  109  36
26  113  460,669
26  114  652
26  116  209,684
26  128  63
26  141  244
26  143  621
26  145  733,797
26  168  187
26  176  950,983
26  177  135
26  180  929
26  182  209
26  191  209,623,734
26  198  610
26  202  143
26  212  363,684,997
26  214  201,209,232
26  222  865
26  223  97,877
26  229  244
26  237  187
26  241  307,652
26  242  535,904
26  250  609,865
26  253  209,943
26  257  997
26  262  156
26  270  524
26  277  195,393
26  278  997
26  285  563,610
26  287  865
26  296  187
26  297  621
26  298  610,801
26  299  357,684
26  301  251
26  304  143
26  314  201,553,579
26  331  623
26  359  600,666,884
26  363  289
26  370  459
26  377  261,895
26  378  198,764,779
26  383  84
26  388  244
26  390  621
26  393  156,459
26  400  785
26  401  251
26  413  959
26  418  94,813,820
26  423  519
26  426  562,808,820
26  436  135
26  443  610
26  450  393,870
26  453  997
26  467  997
26  476  813
26  478  623
26  496  261,895
26  501  363
26  505  535,865
26  510  820
26  515  63
26  517  187
26  524  553
26  527  929
26  531  562
26  565  600,666,884
26  569  187
26  571  206,357,562
26  579  623
26  580  997
26  586  522
26  591  524
26  603  600,621,666,865,884
26  605  206,251
26  610  610
26  611  609
26  613  209
26  614  84
26  624  22
26  625  156
26  628  156
26  629  621
26  634  209
26  655  187,579,621,664
26  660  621
26  663  320,646,655
26  665  684
26  672  244
26  679  143
26  680  931
26  684  734
26  695  251
26  697  535,563
26  700  198,764
26  701  684
26  714  187
26  715  621
26  722  621
26  746  44,469
26  749  623,846
27  3  753
27  6  652
27  8  232
27  10  360,754
27  15  782
27  18  273
27  19  28,127,877
27  20  363
27  21  355,747
27  30  524
27  36  363
27  38  600,650,666,884
27  43  488,865,959
27  44  490
27  46  367
27  52  797
27  56  797
27  62  623
27  67  621
27  68  490
27  73  646
27  80  209,538,943,978
27  86  621
27  90  535
27  98  734
27  108  684
27  112  307
27  119  367
27  123  535
27  124  393,870
27  140  770
27  151  949
27  152  127,865,997
27  154  187
27  158  251
27  162  459,524
27  167  904
27  177  195,393
27  183  782
27  193  621
27  194  232,621
27  202  621
27  209  327,470,671
27  225  251
27  229  156
27  244  62
27  252  327,671
27  258  684
27  263  652,931
27  282  135,733
27  284  535
27  285  836
27  287  684
27  295  251,375,931
27  301  261,895
27  307  62,562,962
27  313  502
27  314  367
27  315  997
27  322  669
27  329  753
27  330  29
27  333  66,251
27  340  198,490,764,782
27  349  156
27  350  209
27  351  422
27  356  490,621
27  361  877
27  363  29
27  369  997
27  371  679
27  391  813
27  404  496,562
27  406  563,650
27  416  931
27  418  375
27  423  127
27  436  621,734
27  439  209
27  441  251
27  453  684
27  459  156
27  462  623,846
27  472  363
27  473  609
27  480  357,646
27  488  519
27  489  562
27  492  487
27  499  84
27  506  371
27  514  206,562
27  525  187
27  531  251
27  533  84
27  535  524
27  537  519
27  540  563
27  543  785
27  554  684
27  557  109
27  575  140,387
27  580  530,531,621
27  583  307,519
27  586  36
27  609  949
27  621  387
27  622  650
27  629  190,296,422
27  630  782
27  633  959
27  641  143
27  645  991,997
27  648  363
27  656  187,865
27  672  251
27  673  684
27  677  261,895
27  679  135,251
27  684  579
27  697  496,684
27  701  623
27  704  62,488,865
27  705  187,422,931
27  709  232
27  721  251
27  726  206,562
27  728  363
27  730  652
27  732  496
27  734  610
28  9  733,797
28  10  156,357
28  24  610
28  27  530,531,621
28  30  130
28  33  190,296,422
28  38  813
28  41  609
28  44  623
28  67  232,524,684
28  72  232,621
28  76  782
28  77  367
28  80  733,797
28  85  524
28  86  490
28  94  28,877
28  97  367,429
28  98  244
28  111  621
28  121  929
28  124  502
28  126  734
28  127  460
28  133  22,109,459,779,865
28  137  367
28  148  355,747
28  149  209
28  151  813
28  163  974
28  169  232,650
28  171  29
28  172  190,725
28  180  557
28  181  209
28  184  621
28  186  557,974
28  193  684
28  195  127,650
28  202  579,786
28  208  387
28  219  684
28  223  562,931
28  230  470,813
28  231  997
28  233  562
28  246  367
28  247  135
28  249  156
28  255  557
28  259  535
28  264  621
28  266  303,728
28  270  859
28  272  156
28  278  808
28  281  360,663,754
28  282  180,556,809
28  286  623
28  289  140,326
28  295  652
28  302  664
28  325  187
28  328  153
28  334  251
28  346  669
28  349  859
28  352  899
28  362  44,469
28  363  140
28  364  320,655
28  365  357
28  368  140,326
28  370  621,931
28  378  623,846
28  380  553,684
28  382  623
28  394  22
28  398  621
28  399  522,563
28  412  28
28  420  156
28  441  623,846
28  446  579
28  448  187
28  452  621,865
28  464  187
28  473  734
28  485  140,326
28  489  243,557,635
28  507  895
28  521  621
28  523  579,786
28  526  538,820,978
28  541  156
28  543  307
28  547  877
28  548  524
28  554  84
28  555  84
28  558  209
28  565  261,895
28  571  865
28  576  367
28  580  187,684
28  585  621
28  587  689
28  589  232
28  596  615
28  599  538,978
28  606  158,247,411,454
28  622  684
28  628  610
28  631  530,531,621
28  645  621
28  647  156
28  666  621
28  675  251,997
28  685  997
28  689  187
28  692  156
28  696  251
28  699  187,615
28  700  206,562
28  704  763
28  705  579
28  715  363
28  733  209
28  736  187
28  749  959
29  8  156,524
29  11  959
29  16  143,684
29  23  931
29  25  36
29  26  232,684
29  31  929
29  34  623
29  38  261,375,895
29  40  207,955
29  51  187
29  67  470
29  71  621
29  87  251,621
29  88  753,808
29  89  273
29  91  524
29  122  357
29  123  623,846
29  129  143
29  138  684
29  151  130
29  154  770
29  156  974
29  163  198,538,820,978
29  169  22,273
29  171  600,666,884
29  173  684
29  179  143
29  188  29
29  199  429
29  201  684
29  203  244
29  214  460
29  223  530,531,621
29  224  623
29  227  974
29  229  156,684
29  231  684
29  241  143
29  258  623,846
29  261  307,813
29  264  621
29  265  535,938
29  267  320,655
29  272  684
29  274  232
29  280  156,357
29  286  180,556,809
29  290  529
29  311  251
29  317  387
29  321  303,728
29  323  187,733
29  324  962
29  325  363
29  326  782
29  327  251
29  335  519,530,531,621,859
29  336  187
29  337  209
29  339  535
29  341  904
29  343  865
29  355  36
29  363  727,811
29  368  187,779
29  369  679
29  370  519
29  378  62
29  388  538,978
29  394  808
29  423  721,846
29  433  684,801
29  444  929
29  457  22,684,717,949
29  463  357
29  467  684,949
29  470  135
29  476  375,417
29  480  610
29  482  251
29  490  621
29  494  929
29  504  22
29  505  782
29  509  962
29  510  209
29  514  516,596
29  517  579,615
29  528  785
29  542  949
29  543  143
29  547  931
29  551  393,870,982
29  555  367
29  567  187
29  571  251
29  578  156,535
29  588  22,621
29  597  44,469
29  611  684
29  613  782
29  615  538,978
29  618  733
29  621  684
29  622  135
29  634  929
29  645  251
29  652  251
29  660  130
29  674  808
29  677  535
29  681  962
29  684  307
29  686  22,717,949
29  689  684
29  693  320,655
29  698  684
29  700  387,393,779,870
29  701  156
29  705  44,156,469
29  708  393
29  712  557
29  718  244
29  724  146,527,904
29  727  62,753
29  729  535
30  3  367
30  8  303,684,728
30  13  488,811
30  16  929
30  17  28,234,877
30  19  808
30  27  187
30  34  190,296,363,422
30  35  251
30  40  232
30  59  877
30  62  63
30  68  557,621
30  74  156
30  76  135,859
30  93  429
30  97  22,943
30  106  621,929
30  109  206,244,562
30  114  623
30  116  371,535
30  125  931
30  134  393,524,870
30  138  195,393
30  141  156
30  142  143
30  155  487,490
30  172  28
30  173  84
30  193  367
30  196  487
30  201  363
30  227  487
30  234  997
30  244  579
30  245  664
30  246  156
30  247  623
30  251  609,684
30  252  84,621
30  253  535,779
30  255  929
30  257  502,684
30  260  84
30  273  244,519
30  274  959
30  279  156
30  282  357,535
30  305  997
30  310  623
30  311  303,652,728
30  320  130
30  323  329,936
30  327  684
30  341  22
30  343  865
30  346  621,753
30  350  485
30  356  997
30  376  609
30  380  439,623,846
30  387  63
30  388  156
30  392  234
30  397  997
30  400  36,417
30  406  36
30  408  363
30  410  770
30  414  289,904
30  417  684
30  419  28,877
30  421  251
30  430  156,650
30  432  357
30  450  187
30  457  859
30  459  251
30  463  904
30  472  496
30  485  733
30  488  684
30  491  609
30  498  209,535
30  501  621
30  502  28,538,978
30  503  251
30  506  563,721,846
30  507  609
30  514  623,846
30  515  692
30  530  367
30  540  684
30  547  859
30  555  244,950,983
30  556  209
30  564  487,689,904
30  569  187
30  582  187
30  593  579
30  598  363
30  611  216,711
30  614  209
30  620  782
30  622  387
30  628  865
30  636  187
30  640  198,820
30  646  470,472,904
30  647  84,244
30  650  997
30  651  29,206,562
30  661  209,251
30  665  623,846
30  668  931
30  672  652
30  675  563
30  687  251
30  705  251,307,363
30  710  959
30  729  929
30  732  459
30  734  140,326
30  735  621
30  739  997
30  740  357
30  747  232
31  1  490
31  6  562,623
31  14  530,531,621
31  16  623,846
31  22  158,247
31  26  621,623,846
31  29  459
31  30  29
31  35  29
31  50  63,904
31  53  28,187,877
31  58  621,865
31  70  734
31  71  387,490
31  73  931
31  89  22
31  95  663
31  96  808
31  104  911
31  108  251
31  111  84,524
31  112  524
31  117  120,594
31  126  652
31  131  488,621,865
31  138  865
31  149  535
31  153  684
31  156  538,684,877,978
31  161  779
31  162  63
31  167  621,943
31  172  621
31  173  62
31  188  621
31  191  535
31  195  84,135,684,808
31  197  692
31  205  261,895
31  212  36
31  214  206,562
31  221  621
31  233  135
31  237  929
31  243  563
31  245  785
31  251  623,846
31  252  490
31  261  130,931
31  263  303,610,728
31  276  610
31  278  959
31  281  22
31  292  232
31  296  84
31  307  22
31  309  820
31  321  931
31  322  734
31  326  859
31  336  535
31  342  820
31  344  367
31  354  535
31  357  538,978
31  363  100
31  367  198,820
31  368  895,997
31  372  615
31  376  198,820
31  386  621
31  387  232
31  389  10
31  396  770
31  408  621
31  409  684,943
31  416  609
31  420  251,485,684
31  422  865
31  444  244
31  465  209
31  472  621
31  485  84
31  487  579,786
31  495  357
31  504  779
31  506  156
31  510  320,655
31  512  140,326,721,846
31  516  360,562,754
31  524  261,734,895
31  527  535
31  528  522
31  541  198,209,820
31  542  524
31  551  929
31  553  36
31  558  36
31  567  363
31  569  557,929
31  571  904
31  575  646
31  577  929
31  578  251
31  587  490,663
31  604  206,562
31  609  623
31  613  859
31  619  684
31  624  130
31  625  307
31  628  251
31  630  562,859
31  634  474,621,644
31  636  363
31  638  859
31  640  496
31  644  524
31  656  557
31  657  251
31  659  684
31  671  959
31  674  429
31  684  143
31  690  156
31  696  538,621,978
31  702  393,870
31  705  579,621,943
31  707  490,721,846,974
31  716  490
31  725  84
31  728  244
31  731  195,393
31  733  943
31  735  646
31  741  562
31  744  734
31  745  303,728
31  748  623,846
32  4  206,562
32  5  519
32  9  846
32  13  190,358,563,725
32  20  621
32  26  195,393
32  36  156,327,621,671
32  43  763
32  47  684
32  56  535,621
32  59  251,621
32  64  135
32  69  623
32  70  652
32  82  180,522,556,809
32  86  557,689
32  99  610
32  101  684
32  104  652
32  108  219
32  113  931
32  137  904
32  139  469,646
32  140  251
32  147  135
32  148  273,997
32  149  488,811
32  157  180,556,809
32  158  113,931
32  177  206,562
32  180  273
32  191  865
32  193  190,296,422
32  203  739
32  212  623,846
32  214  66
32  222  36
32  226  195,393,959
32  234  579,623,786,846
32  240  319
32  244  28,307,877
32  245  22,717,949
32  276  367
32  285  684
32  289  251
32  317  84,563
32  328  530,531,621
32  329  367,496
32  336  770
32  340  859
32  342  244
32  343  997
32  346  156
32  351  44,307,469
32  352  307
32  353  261,895
32  359  261,895
32  364  610,684
32  366  251
32  371  140,326
32  373  251
32  390  84,190,296,422,753
32  400  609
32  416  387
32  423  243,470,635
32  424  62
32  426  22,28,429
32  427  997
32  429  84
32  431  360,754
32  432  135
32  434  307,496
32  438  538,978
32  447  367
32  454  62,190,296,422
32  455  623,904
32  463  143
32  477  859
32  478  623,846
32  486  62
32  493  130
32  494  209
32  496  535,609
32  506  251
32  509  621
32  511  684
32  522  650
32  527  472
32  528  417
32  534  156
32  535  307
32  549  190,358,725
32  557  519
32  568  684
32  572  962
32  582  557,997
32  589  130
32  592  251
32  595  904
32  596  621
32  597  610
32  600  535
32  608  684
32  610  865
32  621  623,846
32  630  251
32  649  363
32  654  387,535
32  657  911
32  666  621
32  674  474,644
32  681  535
32  687  652
32  693  623,727,811,846
32  695  135
32  704  535
32  705  135,524
32  707  153,538,978
32  709  519,621
32  718  156,753
32  722  524
32  728  156
32  738  153
32  739  623,846,962
32  742  209
32  745  201
32  747  782
33  2  232,524
33  4  367
33  8  251,329,936
33  13  684
33  18  524
33  24  801
33  29  779
33  33  487
33  37  684
33  38  609
33  44  180,556,809
33  53  770
33  54  303,728
33  76  209
33  78  621
33  104  623
33  109  156
33  111  320,655
33  123  734
33  127  66,753
33  128  904,931
33  131  439,763
33  135  187
33  136  502
33  147  684
33  153  367
33  157  459
33  158  621,733,797,811,877
33  164  522,859
33  174  422
33  179  84
33  180  209
33  186  261,851
33  189  187
33  200  535
33  205  609
33  212  97,621
33  221  363
33  222  949
33  230  538,978
33  235  303,728,974
33  237  209,363
33  246  904
33  273  156
33  274  770
33  283  621
33  285  367
33  292  689
33  303  307
33  306  251
33  310  180,556,809
33  311  487
33  322  36,946
33  323  470
33  328  557
33  330  439
33  333  623,846
33  340  962
33  351  143,813
33  360  355,747
33  372  946
33  389  130
33  390  367,813
33  391  621
33  396  621
33  402  623,846
33  403  524,684
33  404  393,663,870
33  408  367
33  413  931
33  422  63,490
33  423  808
33  432  562,684
33  437  209
33  441  209
33  444  156,209
33  451  535
33  463  201
33  465  689
33  472  62
33  491  198,820
33  492  187
33  509  201,553,579
33  515  367
33  517  621
33  519  623
33  539  621
33  544  763
33  562  232
33  566  94,198,621,820
33  570  929,949
33  575  621
33  588  524
33  592  387
33  593  307,519
33  597  689
33  607  487
33  613  156,904
33  616  652
33  635  187
33  645  206,562
33  647  557
33  648  621
33  655  375,770
33  656  63
33  659  623,846
33  661  140,190,296,326,422,535
33  662  28,156,877
33  663  579,610,786
33  664  770
33  666  417,496
33  669  646,721,846
33  678  524
33  683  524
33  689  623,846
33  701  327,671
33  703  363
33  705  198,327,671,764
33  707  522
33  717  997
33  722  198,820
33  727  367,689
33  730  623,846
33  733  535,679
33  735  524
33  738  621
33  745  962
33  750  579,786
34  2  519
34  4  393,870
34  8  251
34  13  28
34  14  474,644,689
34  19  459,950,983
34  25  557
34  26  931
34  28  367
34  37  524
34  39  251,684
34  52  615,943
34  62  734
34  63  563
34  66  22,62,733,797
34  70  187
34  71  557
34  98  156,579
34  99  36
34  107  997
34  121  679,820,949
34  130  422
34  138  689,855
34  145  623
34  153  187,367
34  156  487
34  171  261,307,895
34  175  859
34  185  22
34  197  997
34  200  187
34  208  929
34  212  524
34  219  22,251,717,949
34  228  770,820
34  231  557,623,846
34  239  273
34  243  109,198,764
34  245  36,319
34  248  487
34  263  623
34  269  684
34  271  135,535,646
34  278  429,684
34  283  524
34  287  22,579,717,786,949,959
34  301  652
34  303  143,198,488,764,811
34  304  524
34  307  201,375,553,579
34  308  355,747
34  311  623
34  321  303,728
34  338  684
34  349  962
34  355  770
34  356  524,684
34  361  195,393
34  364  367
34  368  363
34  383  621
34  386  36
34  391  516,596
34  392  206,562
34  394  524
34  403  36,623,846
34  408  198,684,764,949
34  411  684
34  415  180,556,809
34  423  801
34  425  422
34  427  684
34  436  190,296,422,855
34  440  140,326
34  447  367
34  455  813
34  463  459
34  469  113
34  471  684
34  486  156,355,747,959
34  487  66
34  488  135
34  489  650
34  498  535
34  499  195,393
34  510  865
34  517  251
34  524  609
34  533  198,820
34  535  143
34  543  459
34  550  28
34  559  130
34  560  209,623,846
34  561  623,846
34  568  201,579
34  569  130,490
34  572  251
34  575  490
34  582  684
34  583  143
34  586  684
34  589  623
34  592  156,524
34  593  143
34  597  327,671
34  599  487
34  603  609
34  606  140,326
34  607  206,562
34  611  615
34  622  538,865,978
34  632  459
34  634  535
34  656  627,997
34  660  579,786
34  667  251,621
34  669  801
34  672  801
34  675  684
34  679  459
34  681  201,553,579
34  683  62
34  684  459,646
34  685  733
34  688  375,931
34  695  950,983
34  696  522
34  699  770
34  704  535
34  706  808
34  709  303,524,728
34  710  156
34  714  621,931
34  715  156
34  726  959
34  728  195,393
34  729  187,206,562
34  738  621
34  744  753,813
34  746  22
35  31  490
35  48  490
35  52  459,621
35  57  684
35  59  62
35  63  974
35  71  524
35  73  727,811
35  75  650
35  76  535
35  78  307
35  84  63
35  91  949
35  95  775,820,846,991
35  97  950,983
35  102  22,553,717,949
35  107  684
35  111  209
35  114  180,556,809
35  117  610
35  120  232
35  136  417
35  144  689
35  145  187
35  148  187
35  149  190,358,725
35  153  367
35  161  813
35  165  190,296,422,997
35  170  538,978
35  171  143,609
35  174  44,469
35  185  187
35  195  429,943
35  197  684
35  215  156
35  229  156,251
35  233  28,877
35  237  36,496
35  249  209
35  256  303,728,820
35  261  303,609,728
35  264  190,296,422
35  272  251
35  274  84,209,490
35  275  609
35  277  206,562
35  283  530,531,621
35  285  251
35  302  859,997
35  317  62
35  326  962
35  327  320,623,655,846
35  331  113,652
35  332  327,671,689
35  334  36
35  343  808
35  349  201,553,579
35  350  727,811
35  360  357
35  361  28,877
35  365  209
35  390  375
35  404  943
35  416  187
35  417  439
35  423  393,870,938
35  428  684,779
35  429  779
35  432  251
35  437  198,743,764
35  454  36
35  461  307
35  463  251
35  464  684
35  478  621
35  482  623,846
35  486  615
35  505  997
35  512  251
35  520  156,557
35  521  190,296,422
35  531  22
35  553  623,689,846
35  558  206,562
35  564  579,786
35  566  84,557
35  572  209
35  585  496
35  587  198,684,764
35  589  519
35  596  209
35  603  198,820
35  604  84
35  606  621
35  611  621
35  613  962
35  616  623
35  617  303,728
35  624  29
35  632  808
35  633  684
35  634  535
35  638  490
35  646  387
35  649  621
35  652  652
35  656  684
35  668  156
35  669  610
35  672  251
35  677  198,820
35  686  198,646,764
35  690  251
35  691  522
35  692  84,94,820
35  707  801
35  714  524
35  715  251
35  716  739
35  731  135,959
35  735  274,443,673
35  737  770
35  740  904
36  12  623,846
36  13  524
36  14  650
36  21  273
36  27  535
36  37  739
36  39  621
36  47  474,644,684
36  62  375
36  68  187
36  73  367
36  94  367
36  95  621
36  106  273,679
36  113  753
36  131  195,393,459,519
36  133  156,535
36  139  10,187
36  150  684
36  152  52,808
36  164  557,684
36  171  29,44,469
36  174  187
36  176  684
36  182  387,535,959
36  185  931
36  186  538,978
36  187  562,623,846
36  202  459,621
36  205  198,820
36  214  158,247
36  217  130,207,955
36  218  201,553,579
36  225  135,779
36  229  251
36  230  487
36  240  579,786
36  242  763
36  245  22,717,949
36  263  180,556,809
36  270  387,962
36  271  610
36  281  684,904
36  283  187
36  294  623,846
36  296  770
36  301  623
36  302  562
36  312  997
36  320  997
36  325  621
36  339  303,684,728
36  344  684
36  350  621
36  362  140,326,563
36  364  855
36  368  621,753
36  371  63
36  373  621,813
36  377  251,609
36  384  251
36  385  689
36  397  130,562
36  399  684,734
36  401  198,764
36  406  439
36  411  357
36  414  417
36  427  623,846
36  430  84
36  431  357
36  437  535
36  446  156,307
36  455  63
36  467  931
36  473  779,982
36  480  84
36  484  487
36  486  621
36  487  36
36  493  684
36  494  535
36  497  130
36  511  251
36  512  801
36  513  22,180,556,717,809,949
36  522  84
36  525  22,717,949
36  539  524
36  543  779
36  545  44,469,959
36  546  931
36  547  962
36  555  156
36  556  535,562
36  557  855
36  558  535
36  560  393,870
36  566  519
36  569  734
36  575  621
36  582  363,621
36  585  524,623,846
36  587  949
36  592  28,251
36  599  22
36  614  209,684
36  620  859
36  625  143,997
36  638  201,553,579
36  645  190,296,422
36  647  156,522
36  648  36,524
36  650  865
36  655  974
36  659  621
36  660  808
36  669  938
36  671  187,779
36  676  143
36  680  579,786
36  687  623
36  705  29,130
36  728  524
36  729  209
36  732  143
36  743  303,728
36  748  684
37  15  859
37  21  187
37  24  367
37  26  303,728
37  31  470
37  34  621
37  37  623,855
37  54  303,621,728
37  64  623,846
37  67  679
37  69  28,684,813
37  75  84,623
37  76  962
37  77  459
37  88  367,429
37  95  320,524,655,855
37  98  143,251
37  99  251
37  102  251,808
37  105  209,949
37  112  143
37  113  367
37  128  535
37  141  251,679
37  145  621
37  160  652
37  165  579,786
37  183  859
37  186  487
37  203  156
37  212  62,387
37  216  367,621
37  217  232
37  230  209
37  231  496
37  235  135,429,859
37  237  579,786
37  240  557
37  241  180,556,809
37  243  855
37  250  84,209
37  255  679
37  262  524
37  264  535
37  269  496
37  282  904
37  284  232
37  288  779
37  303  490
37  305  684
37  309  320,655
37  315  355,747
37  319  859
37  320  684
37  322  753
37  328  187
37  339  329,936
37  343  684
37  344  251
37  347  459
37  350  496
37  351  327,375,459,671
37  357  487
37  359  609
37  367  84
37  371  535,623,846
37  373  524,820
37  385  327,671
37  388  496
37  391  519
37  397  621
37  405  734
37  407  557
37  419  684
37  428  855
37  431  621
37  432  63
37  455  209
37  456  488,623,801,865
37  460  801
37  461  524
37  465  621
37  471  84,684
37  480  367
37  483  997
37  484  251
37  489  734
37  493  135
37  504  562
37  505  684
37  506  801
37  507  474,644
37  511  535
37  516  357
37  524  820
37  530  950,983
37  531  877
37  534  62
37  559  251
37  565  609
37  569  209
37  571  496
37  575  94,187,610,820
37  580  623,846
37  587  943
37  594  684
37  596  779
37  605  470
37  610  524
37  614  187,535,904
37  616  180,195,393,556,809
37  619  835
37  620  962
37  625  459
37  635  877
37  636  535,621
37  637  689
37  647  904
37  652  609
37  653  652
37  660  429,459,621,684
37  663  63,198,764
37  666  524
37  672  623
37  674  535
37  680  244
37  682  143
37  685  535
37  688  610
37  693  496,943
37  698  524
37  701  251
37  708  621
37  718  367
37  719  997
37  723  801
37  725  156
37  730  130
37  735  610
37  738  524
37  742  535,877
37  744  367
38  6  22
38  7  143,820
38  14  187
38  15  962
38  17  120,594
38  22  524
38  31  502
38  32  763
38  34  251
38  39  524
38  58  367,524
38  61  367
38  62  490
38  67  959
38  75  180,556,809
38  79  524
38  88  84
38  94  950,983
38  98  22,307
38  103  307
38  104  535
38  116  490
38  120  187
38  122  36
38  125  904
38  126  623
38  135  367,684
38  137  621
38  139  610,865
38  149  10
38  152  621
38  154  562
38  155  195,393
38  164  579,786
38  166  535,538,978
38  175  962
38  183  962
38  185  646
38  188  327,671
38  190  143
38  199  156,209,490
38  203  855
38  208  209
38  210  367
38  228  320,655
38  234  684
38  237  209,535
38  240  621
38  243  684
38  250  273
38  255  959
38  257  899
38  259  367
38  264  472
38  275  621
38  280  84
38  284  190,296,422
38  288  187,485,563
38  292  519,689
38  293  156,692
38  295  623
38  298  530,531,621
38  299  621
38  315  187
38  316  664
38  317  684
38  319  962
38  325  524
38  329  739,950,983
38  337  63,387
38  339  273,623,846
38  345  198,820
38  346  190,296,367,422
38  350  329,557,936
38  353  156,609
38  368  140,326
38  370  487
38  372  650,865
38  377  959
38  387  251
38  395  904
38  396  524
38  397  22
38  399  327
38  407  84,201,553,579
38  417  679
38  418  779
38  438  22,717,949
38  439  621
38  444  209
38  445  562
38  453  130,610
38  455  375
38  456  763,938
38  457  684
38  461  459
38  477  865
38  479  734
38  494  684
38  503  524
38  505  201,553,579,623,846
38  510  535
38  525  684
38  535  320,655
38  559  198,764
38  567  621
38  569  563
38  572  487
38  576  367
38  582  621
38  584  865
38  596  251,319
38  605  273
38  608  636
38  623  487,623,846
38  625  684
38  627  855
38  630  962
38  647  470,535
38  649  684
38  656  609,623,846
38  663  623
38  664  63
38  670  387
38  678  488,865
38  679  195,393
38  680  156
38  699  621
38  700  496,959
38  706  429
38  713  734
38  716  538,978
38  726  610
38  729  393,535,689,870
38  739  904
38  740  779
39  24  938
39  29  684
39  35  153
39  36  524
39  38  62,84
39  55  813
39  57  623,846
39  65  734
39  66  187
39  70  743
39  72  524
39  73  387
39  74  779
39  86  320,655,959
39  88  490
39  90  251
39  107  357
39  108  562
39  116  820
39  125  303,728
39  127  367
39  133  855
39  148  650
39  150  684
39  151  375,487,929
39  152  621
39  158  524
39  160  623
39  175  429
39  177  135,490
39  178  143
39  180  28
39  182  459
39  194  524
39  201  135,621
39  210  684
39  223  187
39  224  180,556,809
39  225  779
39  233  22
39  234  329,936
39  244  143,664
39  254  516,596
39  259  244
39  273  490
39  277  621
39  278  734
39  285  84,234
39  288  684
39  290  663
39  298  367
39  302  516,596,684
39  305  929
39  309  563,734
39  322  367
39  324  201,519,553,579
39  328  190,296,422
39  330  209
39  337  143,535
39  342  156
39  353  198,779,820
39  354  562
39  361  261,851,931
39  363  496,734
39  372  621
39  373  135,320,655
39  375  36
39  378  490
39  382  180,556,809
39  386  490
39  387  519
39  393  261,895,959
39  403  22,198,519,764
39  420  522
39  422  393,870
39  429  813,959
39  434  143
39  436  609
39  439  535
39  441  535
39  444  535
39  446  143,251
39  454  130,487
39  462  535
39  470  417,623,846
39  480  524
39  481  808
39  494  562
39  495  904
39  496  357
39  507  393,734,870
39  511  623
39  522  84
39  523  273,962
39  529  195,393
39  532  198,820
39  577  535
39  596  991,997
39  598  621
39  610  63
39  619  808
39  620  623,846
39  624  621
39  626  904,949
39  630  22
39  633  387,623,846
39  634  563
39  648  135
39  650  684
39  656  496
39  657  375
39  660  846
39  668  303,728
39  670  621,623,846
39  673  535,623
39  674  959
39  699  209
39  703  621
39  704  198,764
39  715  36,621
39  716  487,557
39  717  684
39  719  684
39  721  180,556,809
39  731  206,562
39  732  496
39  739  22,201,553,579
39  740  621
39  742  303,320,655
40  6  496
40  14  84
40  34  524
40  61  950,983
40  68  949
40  70  770
40  72  195,393,524
40  79  146,190,296,422,527
40  81  187
40  88  62
40  99  375
40  103  459
40  105  535
40  116  140,326,655,801
40  119  251
40  120  524
40  122  904
40  130  44,469
40  138  187
40  139  488,865
40  147  524,623,846
40  153  623,846
40  156  931
40  161  487
40  165  621
40  167  524
40  175  201,553,579
40  185  610
40  190  459
40  200  770
40  201  36
40  212  623,846
40  221  855
40  235  190,358,538,725,978
40  237  535,621
40  244  459
40  250  198,251,820
40  251  623
40  261  198,692,820
40  266  84
40  273  251
40  278  623,846,931
40  279  140,326
40  280  251
40  281  140
40  299  689
40  304  22,459,717,949
40  309  684
40  312  684
40  320  393,623,846,870
40  326  684
40  330  130
40  331  28
40  341  387
40  343  251,429
40  344  251
40  346  623
40  351  621
40  352  387
40  368  524
40  369  487
40  379  684
40  383  535
40  384  490
40  386  496
40  391  524
40  392  870
40  396  621
40  408  524,950,983
40  413  320,655,684,689
40  424  557
40  429  439,487
40  447  63,950,983
40  448  363
40  449  490,524
40  461  209
40  464  623,846
40  467  303,728
40  469  609
40  477  962
40  483  524
40  494  22
40  496  904
40  498  251
40  501  524
40  517  143
40  524  135,198,820
40  527  982
40  536  663
40  544  251
40  562  519
40  563  490
40  567  393,621,870
40  569  535,538,684,978
40  572  319
40  575  367,982
40  578  519
40  580  393,870
40  581  198,820
40  583  459
40  600  251
40  608  329,936
40  609  524
40  614  535,557
40  631  327,671
40  637  813,949
40  650  367,770
40  651  621
40  653  623
40  664  393,870
40  671  474,644,770
40  679  251
40  680  251
40  684  62
40  685  609
40  687  180,556,809
40  694  84
40  695  303,728
40  696  487
40  699  535
40  707  938
40  709  22,36,717,949
40  715  524
40  730  470
40  731  393,870
