1  1  519
1  7  216
1  16  579
1  18  303,610,728
1  19  156,636,831
1  21  303,982
1  23  519,974
1  28  429,459
1  33  487,579
1  37  375,663
1  40  763
1  48  519,664
1  49  946
1  51  663
1  53  251,522,525
1  54  369
1  57  820
1  61  156
1  86  94,519,820
1  91  28,877
1  97  519,636
1  108  525
1  115  84
1  119  974
1  125  487
1  127  519,636,831
1  128  684
1  135  261,895
1  141  417
1  143  100,209,239
1  147  303,728
1  157  519
1  164  94,820
1  166  97
1  172  303,663,728
1  174  636,831
1  176  28,865
1  178  429,439
1  179  525
1  180  808
1  182  627
1  185  120,219,594
1  188  460
1  189  459
1  195  127
1  198  100,239
1  209  487
1  219  487
1  223  652
1  224  525
1  227  100,239
1  248  538,978
2  15  865,946
2  25  44,216,469
2  26  636,763,831
2  28  371,519
2  36  459
2  39  22
2  42  216
2  55  84
2  56  303,728,946
2  58  44,216,469,496,525
2  62  216,664,684
2  65  763
2  80  120,594
2  100  472
2  113  785,974
2  116  303,728,929
2  122  472,579,663,786
2  123  303,664,728
2  128  808
2  133  636,831
2  137  636,652,831
2  142  216
2  144  652
2  145  261,895
2  153  502
2  155  439
2  162  519,652
2  163  429
2  170  946
2  179  398
2  181  865
2  182  579,786
2  192  946
2  194  417
2  205  636,831
2  212  684
2  217  216
2  233  865
2  234  417
2  236  307,763
2  247  684,808
3  7  156
3  9  84
3  13  623,663
3  22  663
3  30  156,307
3  45  579,786
3  52  375
3  59  519
3  69  244
3  74  244
3  81  439,663,865
3  86  393
3  87  303,728
3  92  209
3  105  522
3  109  636,831
3  111  459
3  122  487,627
3  126  28,877
3  133  623,652,929
3  141  261
3  148  216
3  157  865
3  168  519
3  169  663
3  173  459
3  182  94,820
3  188  664
3  191  243,251,522,635
3  195  303,496,728
3  199  156,519
3  200  243,635
3  202  472,664
3  207  97,460,519
3  213  375
3  215  216
3  230  22
3  238  496
3  240  84,763
3  245  303,728,865
4  7  216
4  13  180,556,809
4  16  519
4  17  519
4  27  303,728
4  39  782
4  43  216
4  55  663
4  61  627
4  67  519,652
4  68  663
4  70  525
4  72  763
4  73  84
4  82  22
4  83  156
4  84  216
4  90  663
4  98  36
4  103  320,655
4  111  303,728
4  112  36,689,865
4  113  320,655
4  114  303,417,728
4  122  474,644
4  125  84
4  128  664
4  136  398
4  137  303,728
4  150  519,579
4  153  209
4  155  663
4  156  303,728
4  158  579,786
4  166  355,636,747
4  171  525,763
4  177  190,358,725
4  186  664
4  187  303,636,728,831
4  190  216
4  194  127
4  197  216,579,763
4  199  44,469,627
4  202  562
4  214  459
4  216  519
4  218  209,303,728
4  221  303,728
4  230  562
4  234  127,303,684,728
4  241  209,459
4  245  519
4  247  763
5  4  496
5  7  303,728
5  11  488,865
5  17  519
5  19  562
5  26  610
5  28  216,946
5  33  636,831
5  40  562,734
5  54  417,487
5  58  84
5  60  982
5  62  319
5  76  422,487
5  84  636,831
5  90  243,635,636,831
5  92  519
5  98  417
5  100  488,496,865
5  103  417
5  112  843
5  116  646
5  121  859
5  122  946
5  131  836
5  138  664
5  150  206,562
5  153  171,982
5  160  216
5  172  44,469
5  174  251
5  178  371,417
5  180  375,417
5  198  652
5  205  156
5  206  216,251,522
5  212  303,728
5  213  22
5  215  763
5  220  94,496,820
5  221  219,417
5  222  375
5  224  327
5  227  684
5  229  664
5  243  28,36,127,684,877
5  247  216
6  2  579,786
6  3  636
6  7  808
6  14  375,865
6  19  97,496
6  41  417
6  43  610
6  65  664
6  67  684
6  68  156
6  75  190,358,725
6  76  763
6  88  460
6  101  519,664
6  103  216
6  106  375
6  107  929
6  115  459
6  116  417
6  120  664
6  124  519
6  127  206,562
6  136  459
6  139  28,610
6  141  251,522
6  149  375,684
6  154  307,808
6  162  579
6  167  216
6  183  146,527
6  186  488,865
6  187  375
6  189  22
6  190  663
6  191  244
6  196  307
6  198  417
6  203  303,728,763
6  214  636,831
6  220  610
6  227  623,846
6  233  274,443,673,843
6  241  244,663
6  243  763
6  244  519
7  4  600,666,884
7  18  627,946
7  26  367,487,636,831
7  30  621
7  41  664
7  47  763
7  59  156
7  61  219
7  75  663
7  76  460
7  79  636,831,877
7  85  519
7  92  206,562
7  97  44,469,487,946
7  101  429
7  112  627
7  114  303,728
7  151  519
7  154  84
7  164  439,487
7  171  303,636,728,831
7  180  84
7  183  460
7  187  303,728
7  197  562
7  204  100,239
7  205  417
7  216  156
7  227  646
7  235  303,728
7  238  130
7  250  100,239,579,728
8  9  97
8  15  327,671
8  19  763
8  27  439
8  28  36,195,216,393
8  50  496,627
8  52  579
8  54  663
8  58  327,663,671
8  59  398
8  73  538,929,978
8  74  459
8  77  22
8  90  190,358,725
8  92  535
8  95  579
8  107  519
8  116  393,623
8  117  929
8  122  734
8  123  459
8  132  519,946
8  133  519,562
8  134  251,522
8  139  367,519
8  144  320,655,859
8  147  636,831
8  156  865
8  161  209
8  166  946
8  167  156
8  168  460
8  169  22,460
8  170  216
8  172  439
8  174  84
8  176  843
8  181  627
8  203  261,895
8  207  261,851
8  211  522
8  218  216
8  222  562
8  223  28,636,831,877
8  224  488
8  232  865
8  236  307
8  237  209,303,579,728
8  243  22
8  249  216
9  1  929
9  12  865
9  18  367
9  29  120,594
9  32  929
9  38  135
9  43  22,367,717,949
9  54  836
9  55  763
9  59  836
9  68  460
9  72  156,417
9  75  156
9  79  859
9  81  843
9  86  244,684
9  91  460,763
9  94  232,496,929
9  100  417
9  108  22
9  113  636,831
9  115  120,594
9  120  664
9  127  127
9  139  487,763
9  143  84
9  153  472
9  161  519
9  163  371
9  165  538,978
9  173  97,623
9  179  519
9  181  502
9  188  216
9  189  782
9  195  562,663
9  208  472
9  212  216
9  216  251
9  219  734
9  223  209
9  229  859
9  235  375,664,946
9  243  153
10  8  636,831
10  10  303,728
10  14  843
10  19  130
10  25  216
10  27  216
10  28  649
10  29  636,831
10  33  439
10  40  320,655
10  46  627
10  47  627,808
10  52  36
10  66  663
10  76  734
10  83  763
10  86  623
10  97  303,728
10  112  808
10  113  859
10  116  63
10  120  319
10  124  216
10  132  66
10  135  198,764
10  136  146,527
10  143  684
10  148  623
10  150  931
10  154  62
10  156  843
10  181  650
10  182  36
10  185  209
10  202  319
10  210  219
10  224  610
10  242  216
10  243  663
10  244  156
10  246  209,303,562,728
11  1  219
11  5  496
11  7  216
11  8  439
11  11  525
11  14  398
11  15  895
11  16  206,562
11  20  684
11  21  439
11  26  650
11  29  84
11  33  664
11  36  460
11  42  274,443,673
11  43  84
11  44  684
11  47  664
11  48  319
11  65  375
11  67  623,846
11  68  44,469
11  71  100,239
11  73  763
11  83  303,728
11  111  496
11  112  895
11  115  417
11  122  946
11  128  97
11  132  877
11  137  156
11  140  808
11  151  28
11  156  895
11  165  84,865
11  167  487
11  172  393,870
11  173  664
11  177  519
11  180  216
11  187  519
11  188  417
11  193  36,303,728
11  194  652
11  206  209
11  207  355,747
11  210  375
11  211  763
11  212  28,663,877
11  213  782
11  223  156
11  227  562
11  228  865
11  231  244
11  244  206,562
11  245  195,393
11  246  439
12  2  156
12  18  562
12  19  273,562
12  29  303,460,728
12  38  303,417,459,728
12  39  859
12  52  251,522
12  53  627
12  66  579
12  68  562
12  81  808
12  83  562
12  93  303,664,728,763
12  99  636,831
12  101  97
12  108  251,522
12  118  627
12  121  684
12  123  422
12  126  519
12  127  100,239
12  129  865
12  133  153,627
12  134  865
12  138  562
12  145  623
12  146  209,663
12  148  417
12  150  63
12  154  243,635
12  158  261,895
12  159  216
12  168  727,811
12  170  156
12  171  562
12  175  216,763
12  180  100,239
12  187  439
12  192  519
12  195  439,843
12  197  22
12  202  623
12  205  156
12  207  206,562
12  210  135,171,982
12  217  652
12  218  865
12  222  153
12  231  156
12  250  216
13  6  472
13  7  97,439
13  11  459
13  22  664
13  25  519
13  29  94,820,836
13  34  303,728
13  39  307
13  43  663
13  47  496
13  58  562
13  64  663
13  68  327,671,895
13  71  156
13  72  216,251,562
13  73  562
13  91  562
13  94  375
13  96  209,244
13  97  734,974
13  98  538,978
13  108  156
13  111  734
13  112  959
13  119  84
13  126  206,219,562
13  128  261,895
13  145  522
13  152  429
13  157  865
13  164  831
13  173  221,785
13  175  636,831
13  189  859
13  196  579
13  200  684
13  201  303,728
13  202  216
13  205  36,251
13  235  232,496
14  11  525
14  21  303,728
14  29  663
14  31  650
14  37  525
14  46  496
14  47  627
14  51  219
14  56  579,786
14  61  692
14  62  100,239,261,895
14  63  216
14  71  307
14  78  216
14  86  251,522
14  87  303,439,728
14  88  44,469
14  91  22
14  94  130
14  100  488,865
14  106  636,831
14  120  727,811
14  134  579
14  138  97
14  141  130,650
14  143  663
14  144  36
14  151  652
14  158  232,609
14  161  525
14  163  289,579,763,786
14  164  621
14  169  303,728
14  170  216,251,459
14  173  836
14  177  274,443,459,673
14  185  579
14  192  519
14  199  206,562
14  214  303,728
14  215  22,623,663,717,949
14  217  562
14  222  204
14  230  782
14  231  307
14  241  949
14  242  22,717,820,949
15  2  84
15  6  644
15  9  355,747
15  16  650
15  17  206,562
15  20  865
15  21  44,469
15  25  206,562
15  32  261,895
15  33  84
15  36  502
15  39  244,663
15  50  627
15  57  28,877
15  59  636,831
15  68  22,859
15  69  127,216
15  74  485,949
15  76  636,831
15  77  623
15  98  371
15  107  206,562
15  113  982
15  119  664
15  131  610
15  149  97
15  153  636,831
15  155  899
15  157  206,562
15  164  734
15  171  439,859
15  172  439
15  176  156
15  177  393,870
15  181  216
15  182  529
15  185  439,621
15  190  216
15  209  525
15  218  244
15  225  763
15  231  190,358,725
15  238  307,623
16  1  375
16  3  36,127,689
16  4  527
16  6  216
16  12  417
16  16  251,522,733
16  25  393,870
16  29  529
16  49  375
16  50  130
16  51  84,439
16  57  216
16  59  209
16  62  146,527
16  71  429
16  78  216,636,831
16  79  664
16  89  496,684
16  92  63
16  98  289
16  103  273
16  118  216
16  121  946
16  131  319
16  134  398,843
16  138  44,469,946
16  140  120,594
16  142  216
16  155  303
16  158  820
16  173  562
16  180  62,652
16  189  949
16  192  646
16  213  946
16  218  187
16  219  459
16  225  538,978
16  229  84,496
16  250  216
17  1  232
17  3  44,94,469,820
17  18  28,877
17  20  636,831
17  29  127
17  33  664
17  34  439
17  36  562
17  39  439,808
17  54  734
17  73  135
17  88  327,671
17  94  135,488,865
17  95  496
17  105  216
17  121  609,877
17  126  234
17  132  216,650,711
17  140  519
17  141  439
17  142  429
17  153  190,358,535,725
17  163  946
17  164  44,251,469
17  170  646
17  175  44,469
17  176  251,763
17  180  459
17  182  216,621
17  188  650
17  189  649,946
17  190  22
17  196  209
17  226  459
17  227  519
17  230  153,525
17  231  143,652
17  234  692
17  240  650
17  246  636,831
17  247  711
17  248  460
18  1  525
18  4  130
18  9  621
18  13  127
18  22  472
18  29  62
18  37  127,135,763
18  39  962
18  44  946
18  60  813
18  64  899
18  75  216
18  77  782
18  82  216
18  91  859
18  93  562
18  96  130,535
18  97  538,978
18  98  398
18  104  600,666,884
18  105  398
18  122  216
18  133  204,946
18  138  273
18  145  261,895
18  148  22,717,949
18  153  946
18  166  84
18  171  243,635
18  174  664
18  178  289,375
18  180  251,522
18  185  692
18  186  522,859
18  188  22,216,627,717,949
18  202  28
18  224  439,609
18  229  319
18  231  84
18  236  562
18  237  156
18  240  375
19  6  663
19  10  439,728
19  11  156,460
19  12  843
19  13  652
19  16  496
19  28  519
19  40  36,375
19  53  171,439,982
19  58  664
19  63  22,717,949
19  68  261
19  69  782,859
19  75  439
19  97  219,393
19  112  529
19  113  813
19  115  209,636,831
19  125  417
19  129  36
19  131  120,460,519,579,594,600,666,786,884
19  133  232
19  134  36
19  136  198,764
19  138  460
19  141  261,851,865
19  151  684
19  152  100,216,239
19  163  140,562
19  170  84
19  184  519
19  190  398
19  195  84,417
19  199  650,652
19  201  763
19  202  113
19  203  273
19  205  216,251
19  210  146,527
19  218  22,355,717,747,949
19  221  439
19  226  949
19  237  562
19  241  251,522
20  7  355,747
20  17  393,870
20  22  130,663
20  25  22,63,717,949
20  27  663
20  32  198,209,764
20  33  84
20  48  417
20  52  187,785
20  64  180,519,556,684,808,809
20  66  187,460,663,728
20  70  522
20  71  143,371,646
20  77  859
20  78  636,831
20  91  579
20  106  135
20  111  10
20  114  859
20  139  156,734
20  151  609
20  153  127
20  156  439,684
20  157  843
20  165  851
20  177  974
20  188  62,459
20  189  877
20  193  439,663
20  195  209,243,635
20  201  519
20  202  156,877
20  204  646
20  206  22,717,949
20  208  636,831
20  212  244
20  213  859
20  216  206,562
20  220  216
20  225  320,655
20  230  859
20  235  496,519
20  240  62
20  246  946
20  250  439
21  1  652
21  5  28,303,728,877
21  7  273
21  8  146,527,664
21  18  865
21  24  664
21  25  663
21  26  562
21  30  143
21  45  459
21  55  562
21  62  627
21  63  733
21  65  562
21  70  216,417
21  76  375
21  77  209
21  83  538,978
21  94  946
21  102  946
21  109  650
21  115  535,649
21  118  216
21  120  251
21  128  808
21  136  763
21  137  127
21  138  153
21  140  206,562
21  147  22
21  149  650
21  155  663
21  159  562
21  161  650
21  162  195,393
21  178  652
21  182  496
21  187  865
21  192  733
21  199  931
21  209  44,469
21  212  244
21  213  28,931,962
21  220  156,650
21  235  135,417
21  236  843
21  240  135,429,785
21  245  911
21  250  820
22  5  130
22  6  216
22  13  627
22  16  97
22  25  22,327,671
22  33  127
22  41  319
22  42  22,717,949
22  45  621
22  59  929
22  61  251
22  66  156
22  69  663,859
22  70  130
22  78  650
22  79  734
22  84  232
22  86  460
22  93  763
22  97  100,239,820,931
22  101  460
22  113  439,650
22  116  439,525
22  126  375
22  131  367,417
22  141  627
22  147  782
22  151  355,623,747,846
22  157  243,393,635,843,870
22  159  22,717,949
22  168  195,393,610
22  171  171,982
22  177  562
22  179  859
22  185  797
22  187  439
22  194  84,535
22  202  156
22  203  143,146,527,664
22  207  209
22  214  439,519
22  216  319
22  223  417
22  225  652
22  230  204
22  233  895
22  235  206,251,562,877
22  236  22
22  237  153
23  3  470
23  7  733,797
23  11  135
23  19  22,251
23  22  865
23  24  319
23  37  562,652
23  39  439
23  44  209
23  47  36
23  59  234
23  68  802
23  81  895
23  86  398
23  89  502
23  93  562
23  98  127
23  99  28,44,232,469,650,877
23  103  733,797
23  108  782
23  111  949
23  119  836
23  120  375
23  128  319
23  143  216,519,711
23  146  535
23  148  28
23  151  63
23  153  636,831
23  164  763
23  175  650
23  181  802
23  183  763
23  189  201,553,579
23  190  22,303,717,728,949
23  191  646
23  192  371
23  193  763
23  194  859
23  201  22
23  229  209
23  235  946
23  240  562,610
23  247  982
23  250  579
24  7  66
24  16  187
24  21  813
24  24  727,811
24  26  22
24  36  22
24  44  929
24  46  519
24  47  529
24  59  84
24  64  623
24  75  763
24  76  10,135,562
24  77  962
24  81  802
24  82  459
24  84  797
24  87  417,439
24  101  929
24  108  859
24  123  216
24  128  527,562
24  132  439
24  133  303,728,877
24  156  623,663,763,846,865
24  166  519
24  177  22
24  182  417,470,474,644
24  191  946
24  194  62,652
24  202  251,327,671
24  203  733,797
24  208  502
24  214  949
24  215  22
24  222  664
24  234  439
24  239  100,239
24  244  636,831
24  248  535
24  250  865
25  2  28,251,877
25  4  525
25  6  216
25  8  417
25  11  251
25  20  127,929
25  27  209
25  28  846
25  29  261,851
25  37  472,877
25  46  130,525
25  50  190,358,652,725
25  52  303,393,728,870
25  61  650
25  69  22,459
25  72  623
25  82  652,949
25  84  525
25  88  733
25  93  439
25  98  636,831,859
25  104  156
25  108  652
25  114  664
25  115  62
25  130  209
25  140  417
25  147  859
25  152  94,820
25  153  650
25  159  22,417
25  162  663
25  168  367,627
25  177  63,636,831
25  180  472
25  186  650
25  190  375
25  193  562
25  197  652,820
25  202  251
25  203  459
25  222  785
25  237  652,663
25  238  663
25  249  417
26  1  692
26  2  621
26  20  895
26  27  216,865
26  30  974
26  33  216,734
26  45  460
26  49  84
26  50  529
26  64  439
26  66  417,808
26  74  609
26  80  156
26  83  22
26  86  36,877
26  97  127,496
26  100  635
26  101  371
26  105  519
26  117  303,728
26  124  22,195,393,717,949
26  129  460
26  132  785
26  134  398
26  138  733,797
26  139  195,393
26  160  417
26  175  562
26  176  562
26  184  636,831
26  186  562,946
26  193  652,808
26  195  130,190,234,358,725
26  202  946
26  246  535,865,899
26  248  261,519,535,851
26  250  216
27  1  261,851
27  4  198,764
27  6  627
27  9  562
27  13  232,636,831
27  19  153
27  22  843
27  23  439
27  27  22,717,949
27  29  84,439
27  32  535
27  33  319,865
27  41  127,579,786,929
27  51  156,865
27  52  439
27  56  621,623,846
27  59  393,870
27  74  198,820
27  75  865
27  79  10,232
27  80  251,636,831
27  82  859
27  85  496
27  90  974
27  101  289
27  104  84
27  105  116
27  110  261,895
27  111  439
27  119  207,652,955
27  122  877
27  125  664
27  128  439
27  129  843
27  136  460
27  138  261,851
27  145  146,527
27  147  439
27  152  22,371,717,949
27  167  232
27  182  97
27  185  535,865
27  190  439
27  192  97,289
27  193  22,460
27  195  650
27  201  63
27  209  216
27  210  692
27  219  216
27  223  156
27  229  62
27  233  664
27  237  204
27  247  216,307,652
28  2  62
28  7  22,717,865,949
28  9  273
28  11  650
28  14  895
28  22  563
28  34  865
28  44  251,522,877
28  58  36
28  62  22,717,949
28  69  209,962
28  70  929
28  72  22,717,949
28  76  156
28  77  201,553,579
28  99  522
28  101  63,733,797
28  102  974,982
28  106  417,877
28  114  439
28  116  519
28  117  538,978
28  143  439
28  149  763
28  151  216,711
28  157  895
28  160  562,663
28  167  22,459,717,949
28  173  22
28  175  327,671
28  177  375
28  179  209
28  180  319,371
28  185  251
28  191  621
28  193  439
28  197  579,786
28  200  417
28  204  650
28  223  251
28  227  195,216,393,711
28  231  206,562
28  239  97
28  240  289,931
28  245  398
28  246  153,877
28  250  251,522
29  14  610,663
29  16  36
29  17  63
29  24  216
29  29  234
29  33  439
29  34  496
29  37  135,525
29  38  502
29  39  209,649
29  49  135,877
29  57  375
29  58  319
29  62  460
29  70  525
29  73  623
29  91  808
29  99  207,955
29  110  146
29  116  663,865
29  117  627
29  131  261,851
29  133  459
29  135  460
29  139  251,663
29  140  797
29  142  808
29  147  439
29  157  127,209
29  162  946
29  171  22
29  172  562
29  179  171,535,982
29  182  563,865
29  202  519
29  207  273
29  208  563
29  212  22,717,949
29  238  460
29  239  355,747
29  248  195,393
30  1  398
30  6  22,717,899,949
30  8  636,831
30  9  153
30  12  525,895
30  13  929
30  14  367
30  32  460
30  33  865
30  34  519
30  38  439
30  54  10
30  58  153
30  59  251
30  65  22
30  90  216
30  94  877
30  116  190,358,725
30  119  62,877
30  125  94,579,727,811,820
30  130  216
30  132  929
30  133  127,307,439,763
30  139  10,684,843
30  143  623
30  146  84
30  147  865
30  149  303,355,728,747
30  151  198,273,820
30  152  646
30  157  911
30  161  946
30  163  459
30  165  538,664,978
30  174  460
30  175  22
30  196  28,877
30  199  63
30  212  216,711
30  218  273
30  237  251
30  239  273,487
31  1  135,652
31  7  663,949
31  10  439,946
31  25  100,239
31  57  84,127,307
31  59  63
31  66  320,655
31  67  216,393,711,870
31  71  289,627
31  72  180,556,809
31  75  22,251,717,949
31  79  485
31  80  797
31  96  579,786
31  108  962
31  112  375,802
31  114  319,865
31  117  529
31  123  22,717,865,949
31  129  895
31  131  398
31  135  636,831
31  138  538,978
31  139  320,655
31  158  982
31  160  232
31  164  327,417,671
31  170  650
31  171  171,982
31  182  130
31  192  195,393
31  194  460
31  195  535,802,859
31  196  22,535,717,949
31  202  369
31  208  243,635
31  209  375
31  213  201,553,579
31  214  865
31  228  843
31  229  525
31  234  84
31  237  439
31  240  929
31  247  487
32  1  251
32  3  959
32  7  459
32  8  865
32  11  470
32  22  307
32  31  579,786
32  34  209
32  36  100,239
32  49  303,728
32  52  652
32  53  459
32  56  865
32  67  63
32  73  684
32  88  97
32  91  369
32  93  22
32  94  808
32  98  22,535,717,949
32  100  529
32  102  216,375
32  103  22,627,717,949
32  122  877
32  124  209
32  126  692
32  132  664
32  136  562
32  137  251
32  143  664
32  145  198,727,764,811
32  147  84
32  148  180,556,809
32  149  273
32  152  470
32  158  636,831
32  164  562
32  184  84
32  186  116,877
32  194  261,851
32  195  204
32  209  734
32  224  156,865
32  225  562
32  230  488,728,865,962
33  15  190,358,725,802
33  25  646
33  29  865
33  35  97,398
33  36  991,997
33  37  663
33  39  535
33  58  204
33  65  135
33  70  650
33  79  650
33  80  100,239
33  85  636,831
33  86  785
33  89  652
33  97  646
33  108  529
33  109  439
33  129  802
33  161  877
33  163  209,579,786
33  166  251,273,522
33  169  859
33  172  307
33  173  303,877
33  174  650
33  175  519
33  185  529
33  189  502
33  197  36
33  201  535
33  202  877
33  216  63,130
33  220  663
33  235  393,870
33  237  28,877
33  238  156,261,851
33  246  204,763
33  250  519
34  22  763
34  28  216,711,877
34  35  146,527,652
34  37  22,946
34  55  22
34  56  877
34  61  529
34  63  636,664,831
34  69  201,535,553,579
34  93  636,831
34  95  22,187,717,949
34  97  10
34  100  130
34  102  244
34  111  439
34  114  865
34  120  84
34  128  579,786
34  133  195,320,393,459,655
34  134  763,785
34  144  439
34  148  865
34  156  802
34  173  234
34  175  663
34  190  865
34  213  669,865
34  215  36
34  226  649
34  233  664,727,811
34  234  204
34  245  650
35  1  22,171,717,949,982
35  3  490
35  4  946
35  8  243,635
35  20  802
35  34  195,393,535,808
35  48  375
35  57  36
35  59  261,851
35  68  251
35  77  669
35  90  664
35  102  190,358,725
35  104  636,831
35  122  529
35  125  734
35  126  931
35  127  393,870
35  128  198,764
35  131  621,779
35  143  865
35  144  459
35  148  627
35  151  398
35  153  877
35  158  621,813
35  161  22,535,717,949
35  172  865
35  173  273
35  175  22,717,899,949
35  191  636,831
35  193  865
35  195  62,911
35  208  684
35  211  663
35  213  843
35  219  22,717,949
35  221  865
35  237  417
35  242  22,717,865,949
35  247  22,143
35  249  22,439,717,949
35  250  929
36  1  195,393
36  11  171,982
36  12  307
36  13  650,808
36  14  135
36  16  562
36  18  22
36  22  802
36  28  195,289,393
36  35  273,600,666,884
36  36  627
36  40  22,135
36  41  417
36  44  439
36  46  171,982
36  51  62
36  58  496
36  59  535
36  63  97
36  66  865
36  69  22,717,949
36  75  562
36  76  261,851
36  85  130
36  101  140,232
36  104  519
36  106  650,663
36  122  251,522,785
36  128  216,273,621,711
36  137  650
36  138  327,671,877
36  141  398,529
36  148  843
36  152  877
36  169  962
36  173  439
36  175  307
36  176  895
36  179  195,393
36  181  636,831
36  191  650
36  192  877
36  198  646
36  205  502
36  207  652
36  211  130,727,811,831
36  217  439
36  221  692
36  222  562
36  224  367
36  225  146,527
36  230  865
36  234  623,846,865
36  235  303,728
36  238  899
36  240  140
37  8  84
37  14  802
37  16  22
37  19  562
37  28  94,820
37  30  327,671
37  38  865,991,997
37  48  727,811
37  54  663
37  62  646
37  83  135,439
37  84  171,216,982
37  95  130
37  97  877
37  104  797
37  112  911
37  120  135,303,728
37  125  244
37  131  367,636,831
37  136  899
37  139  22,538,808,978
37  147  650,664
37  149  865
37  161  865
37  177  369
37  184  62
37  202  36,650
37  205  22,717,949
37  211  562
37  214  535
37  222  417
37  229  303,728
37  237  865
37  241  22,244,717,949
37  243  733,797
38  2  538,978
38  5  207,439,955
38  27  84
38  33  187,195,393
38  37  502
38  38  393,870
38  45  649
38  46  529
38  49  195
38  58  459,646
38  59  398
38  70  785
38  73  22,62,652,717,949
38  89  623,846
38  94  36
38  97  130,320,655,692
38  124  535
38  127  459
38  131  320,655
38  133  529
38  134  911
38  150  303,728
38  152  289
38  153  650
38  155  865
38  156  562
38  163  621
38  164  22
38  169  201,439,553,579,899
38  172  538,978
38  176  22
38  180  627
38  183  496
38  187  135
38  203  865
38  205  243,635
38  207  63
38  209  171,982
38  225  127,198,764
38  228  895
38  229  171,439,535,982
38  231  244
38  240  367
39  10  865
39  19  22
39  21  439
39  22  367,652
39  26  650,734
39  29  28,877
39  30  251
39  31  216,711
39  37  877
39  45  261,851
39  47  130
39  48  135,195,393
39  52  135
39  54  652
39  58  135
39  61  646
39  62  529
39  63  251,522
39  64  865
39  78  22,717,949
39  91  127
39  97  207,663,955
39  99  116
39  102  813,877
39  105  63,127,579,786
39  107  393,870
39  108  244,669
39  111  130,663,865
39  119  727
39  125  811
39  126  135,627
39  128  733,797
39  136  22,949
39  138  663
39  143  646
39  148  652,763
39  150  439
39  157  535,808
39  161  797
39  165  802
39  167  209
39  174  62,663
39  176  802
39  187  865
39  202  130
39  206  535
39  217  135,190,358,725
39  218  535
39  228  802
39  230  859
39  231  393,870
39  239  734
39  241  649
39  243  562
39  244  393,870
39  245  865
39  247  135,734
40  5  865
40  8  460
40  11  502
40  12  802
40  14  459
40  34  130
40  44  535
40  47  243,635
40  49  439,459
40  50  529
40  53  865
40  57  62,135
40  67  556,809
40  70  116,261
40  79  417
40  82  459,649
40  95  216
40  105  621
40  107  63
40  110  198,764
40  133  650
40  134  562
40  145  127
40  149  562
40  151  865
40  153  28,877
40  155  190,358,725,865
40  160  204
40  164  470
40  167  10,535
40  169  261,851,865
40  170  579
40  174  261,851
40  176  911
40  180  646
40  190  135
40  197  621
40  202  22,460
40  203  22
40  207  439
40  214  946
40  221  274,443,673
40  223  251
40  228  460
40  229  243,635,865
40  231  63,627
40  233  802
40  235  63,439
40  249  865
40  250  195,393
