1  1  519
1  7  216
1  16  579
1  18  303,610,728
1  19  156,636,831
1  21  303,982
1  23  519,974
1  28  429,459
1  33  487,579
1  37  375,663
1  40  763
1  48  519,664
1  49  946
1  51  663
1  53  251,522,525
1  54  369
1  57  820
1  61  156
1  86  94,519,820
1  91  28,877
1  97  519,636
2  15  865,946
2  25  44,216,469
2  26  636,763,831
2  28  371,519
2  36  459
2  39  22
2  42  216
2  55  84
2  56  303,728,946
2  58  44,216,469,496,525
2  62  216,664,684
2  65  763
2  80  120,594
2  100  472
3  7  156
3  9  84
3  13  623,663
3  22  663
3  30  156,307
3  45  579,786
3  52  375
3  59  519
3  69  244
3  74  244
3  81  439,663,865
3  86  393
3  87  303,728
3  92  209
4  7  216
4  13  180,556,809
4  16  519
4  17  519
4  27  303,728
4  39  782
4  43  216
4  55  663
4  61  627
4  67  519,652
4  68  663
4  70  525
4  72  763
4  73  84
4  82  22
4  83  156
4  84  216
4  90  663
4  98  36
5  4  496
5  7  303,728
5  11  488,865
5  17  519
5  19  562
5  26  610
5  28  216,946
5  33  636,831
5  40  562,734
5  54  417,487
5  58  84
5  60  982
5  62  319
5  76  422,487
5  84  636,831
5  90  243,635,636,831
5  92  519
5  98  417
5  100  488,496,865
6  2  579,786
6  3  636
6  7  808
6  14  375,865
6  19  97,496
6  41  417
6  43  610
6  65  664
6  67  684
6  68  156
6  75  190,358,725
6  76  763
6  88  460
7  4  600,666,884
7  18  627,946
7  26  367,487,636,831
7  30  621
7  41  664
7  47  763
7  59  156
7  61  219
7  75  663
7  76  460
7  79  636,831,877
7  85  519
7  92  206,562
7  97  44,469,487,946
8  9  97
8  15  327,671
8  19  763
8  27  439
8  28  36,195,216,393
8  50  496,627
8  52  579
8  54  663
8  58  327,663,671
8  59  398
8  73  538,929,978
8  74  459
8  77  22
8  90  190,358,725
8  92  535
8  95  579
9  1  929
9  12  865
9  18  367
9  29  120,594
9  32  929
9  38  135
9  43  22,367,717,949
9  54  836
9  55  763
9  59  836
9  68  460
9  72  156,417
9  75  156
9  79  859
9  81  843
9  86  244,684
9  91  460,763
9  94  232,496,929
9  100  417
10  8  636,831
10  10  303,728
10  14  843
10  19  130
10  25  216
10  27  216
10  28  649
10  29  636,831
10  33  439
10  40  320,655
10  46  627
10  47  627,808
10  52  36
10  66  663
10  76  734
10  83  763
10  86  623
10  97  303,728
11  1  219
11  5  496
11  7  216
11  8  439
11  11  525
11  14  398
11  15  895
11  16  206,562
11  20  684
11  21  439
11  26  650
11  29  84
11  33  664
11  36  460
11  42  274,443,673
11  43  84
11  44  684
11  47  664
11  48  319
11  65  375
11  67  623,846
11  68  44,469
11  71  100,239
11  73  763
11  83  303,728
12  2  156
12  18  562
12  19  273,562
12  29  303,460,728
12  38  303,417,459,728
12  39  859
12  52  251,522
12  53  627
12  66  579
12  68  562
12  81  808
12  83  562
12  93  303,664,728,763
12  99  636,831
13  6  472
13  7  97,439
13  11  459
13  22  664
13  25  519
13  29  94,820,836
13  34  303,728
13  39  307
13  43  663
13  47  496
13  58  562
13  64  663
13  68  327,671,895
13  71  156
13  72  216,251,562
13  73  562
13  91  562
13  94  375
13  96  209,244
13  97  734,974
13  98  538,978
14  11  525
14  21  303,728
14  29  663
14  31  650
14  37  525
14  46  496
14  47  627
14  51  219
14  56  579,786
14  61  692
14  62  100,239,261,895
14  63  216
14  71  307
14  78  216
14  86  251,522
14  87  303,439,728
14  88  44,469
14  91  22
14  94  130
14  100  488,865
15  2  84
15  6  644
15  9  355,747
15  16  650
15  17  206,562
15  20  865
15  21  44,469
15  25  206,562
15  32  261,895
15  33  84
15  36  502
15  39  244,663
15  50  627
15  57  28,877
15  59  636,831
15  68  22,859
15  69  127,216
15  74  485,949
15  76  636,831
15  77  623
15  98  371
16  1  375
16  3  36,127,689
16  4  527
16  6  216
16  12  417
16  16  251,522,733
16  25  393,870
16  29  529
16  49  375
16  50  130
16  51  84,439
16  57  216
16  59  209
16  62  146,527
16  71  429
16  78  216,636,831
16  79  664
16  89  496,684
16  92  63
16  98  289
17  1  232
17  3  44,94,469,820
17  18  28,877
17  20  636,831
17  29  127
17  33  664
17  34  439
17  36  562
17  39  439,808
17  54  734
17  73  135
17  88  327,671
17  94  135,488,865
17  95  496
18  1  525
18  4  130
18  9  621
18  13  127
18  22  472
18  29  62
18  37  127,135,763
18  39  962
18  44  946
18  60  813
18  64  899
18  75  216
18  77  782
18  82  216
18  91  859
18  93  562
18  96  130,535
18  97  538,978
18  98  398
19  6  663
19  10  439,728
19  11  156,460
19  12  843
19  13  652
19  16  496
19  28  519
19  40  36,375
19  53  171,439,982
19  58  664
19  63  22,717,949
19  68  261
19  69  782,859
19  75  439
19  97  219,393
20  7  355,747
20  17  393,870
20  22  130,663
20  25  22,63,717,949
20  27  663
20  32  198,209,764
20  33  84
20  48  417
20  52  187,785
20  64  180,519,556,684,808,809
20  66  187,460,663,728
20  70  522
20  71  143,371,646
20  77  859
20  78  636,831
20  91  579
21  1  652
21  5  28,303,728,877
21  7  273
21  8  146,527,664
21  18  865
21  24  664
21  25  663
21  26  562
21  30  143
21  45  459
21  55  562
21  62  627
21  63  733
21  65  562
21  70  216,417
21  76  375
21  77  209
21  83  538,978
21  94  946
22  5  130
22  6  216
22  13  627
22  16  97
22  25  22,327,671
22  33  127
22  41  319
22  42  22,717,949
22  45  621
22  59  929
22  61  251
22  66  156
22  69  663,859
22  70  130
22  78  650
22  79  734
22  84  232
22  86  460
22  93  763
22  97  100,239,820,931
23  3  470
23  7  733,797
23  11  135
23  19  22,251
23  22  865
23  24  319
23  37  562,652
23  39  439
23  44  209
23  47  36
23  59  234
23  68  802
23  81  895
23  86  398
23  89  502
23  93  562
23  98  127
23  99  28,44,232,469,650,877
24  7  66
24  16  187
24  21  813
24  24  727,811
24  26  22
24  36  22
24  44  929
24  46  519
24  47  529
24  59  84
24  64  623
24  75  763
24  76  10,135,562
24  77  962
24  81  802
24  82  459
24  84  797
24  87  417,439
25  2  28,251,877
25  4  525
25  6  216
25  8  417
25  11  251
25  20  127,929
25  27  209
25  28  846
25  29  261,851
25  37  472,877
25  46  130,525
25  50  190,358,652,725
25  52  303,393,728,870
25  61  650
25  69  22,459
25  72  623
25  82  652,949
25  84  525
25  88  733
25  93  439
25  98  636,831,859
26  1  692
26  2  621
26  20  895
26  27  216,865
26  30  974
26  33  216,734
26  45  460
26  49  84
26  50  529
26  64  439
26  66  417,808
26  74  609
26  80  156
26  83  22
26  86  36,877
26  97  127,496
26  100  635
27  1  261,851
27  4  198,764
27  6  627
27  9  562
27  13  232,636,831
27  19  153
27  22  843
27  23  439
27  27  22,717,949
27  29  84,439
27  32  535
27  33  319,865
27  41  127,579,786,929
27  51  156,865
27  52  439
27  56  621,623,846
27  59  393,870
27  74  198,820
27  75  865
27  79  10,232
27  80  251,636,831
27  82  859
27  85  496
27  90  974
28  2  62
28  7  22,717,865,949
28  9  273
28  11  650
28  14  895
28  22  563
28  34  865
28  44  251,522,877
28  58  36
28  62  22,717,949
28  69  209,962
28  70  929
28  72  22,717,949
28  76  156
28  77  201,553,579
28  99  522
29  14  610,663
29  16  36
29  17  63
29  24  216
29  29  234
29  33  439
29  34  496
29  37  135,525
29  38  502
29  39  209,649
29  49  135,877
29  57  375
29  58  319
29  62  460
29  70  525
29  73  623
29  91  808
29  99  207,955
30  1  398
30  6  22,717,899,949
30  8  636,831
30  9  153
30  12  525,895
30  13  929
30  14  367
30  32  460
30  33  865
30  34  519
30  38  439
30  54  10
30  58  153
30  59  251
30  65  22
30  90  216
30  94  877
31  1  135,652
31  7  663,949
31  10  439,946
31  25  100,239
31  57  84,127,307
31  59  63
31  66  320,655
31  67  216,393,711,870
31  71  289,627
31  72  180,556,809
31  75  22,251,717,949
31  79  485
31  80  797
31  96  579,786
32  1  251
32  3  959
32  7  459
32  8  865
32  11  470
32  22  307
32  31  579,786
32  34  209
32  36  100,239
32  49  303,728
32  52  652
32  53  459
32  56  865
32  67  63
32  73  684
32  88  97
32  91  369
32  93  22
32  94  808
32  98  22,535,717,949
32  100  529
33  15  190,358,725,802
33  25  646
33  29  865
33  35  97,398
33  36  991,997
33  37  663
33  39  535
33  58  204
33  65  135
33  70  650
33  79  650
33  80  100,239
33  85  636,831
33  86  785
33  89  652
33  97  646
34  22  763
34  28  216,711,877
34  35  146,527,652
34  37  22,946
34  55  22
34  56  877
34  61  529
34  63  636,664,831
34  69  201,535,553,579
34  93  636,831
34  95  22,187,717,949
34  97  10
34  100  130
35  1  22,171,717,949,982
35  3  490
35  4  946
35  8  243,635
35  20  802
35  34  195,393,535,808
35  48  375
35  57  36
35  59  261,851
35  68  251
35  77  669
35  90  664
36  1  195,393
36  11  171,982
36  12  307
36  13  650,808
36  14  135
36  16  562
36  18  22
36  22  802
36  28  195,289,393
36  35  273,600,666,884
36  36  627
36  40  22,135
36  41  417
36  44  439
36  46  171,982
36  51  62
36  58  496
36  59  535
36  63  97
36  66  865
36  69  22,717,949
36  75  562
36  76  261,851
36  85  130
37  8  84
37  14  802
37  16  22
37  19  562
37  28  94,820
37  30  327,671
37  38  865,991,997
37  48  727,811
37  54  663
37  62  646
37  83  135,439
37  84  171,216,982
37  95  130
37  97  877
38  2  538,978
38  5  207,439,955
38  27  84
38  33  187,195,393
38  37  502
38  38  393,870
38  45  649
38  46  529
38  49  195
38  58  459,646
38  59  398
38  70  785
38  73  22,62,652,717,949
38  89  623,846
38  94  36
38  97  130,320,655,692
39  10  865
39  19  22
39  21  439
39  22  367,652
39  26  650,734
39  29  28,877
39  30  251
39  31  216,711
39  37  877
39  45  261,851
39  47  130
39  48  135,195,393
39  52  135
39  54  652
39  58  135
39  61  646
39  62  529
39  63  251,522
39  64  865
39  78  22,717,949
39  91  127
39  97  207,663,955
39  99  116
40  5  865
40  8  460
40  11  502
40  12  802
40  14  459
40  34  130
40  44  535
40  47  243,635
40  49  439,459
40  50  529
40  53  865
40  57  62,135
40  67  556,809
40  70  116,261
40  79  417
40  82  459,649
40  95  216
