1  1  519
1  7  216
1  16  579
1  18  303,610,728
1  19  156,636,831
1  21  303,982
1  23  519,974
1  28  429,459
1  33  487,579
1  37  375,663
1  40  763
1  48  519,664
1  49  946
1  51  663
1  53  251,522,525
1  54  369
1  57  820
1  61  156
1  86  94,519,820
1  91  28,877
1  97  519,636
1  108  525
1  115  84
1  119  974
1  125  487
1  127  519,636,831
1  128  684
1  135  261,895
1  141  417
1  143  100,209,239
1  147  303,728
1  157  519
1  164  94,820
1  166  97
1  172  303,663,728
1  174  636,831
1  176  28,865
1  178  429,439
1  179  525
1  180  808
1  182  627
1  185  120,219,594
1  188  460
1  189  459
1  195  127
1  198  100,239
1  209  487
1  219  487
1  223  652
1  224  525
1  227  100,239
1  248  538,978
1  255  459
1  258  209
1  274  472,519
1  277  156
1  280  859
1  296  763
1  302  931
1  304  209
1  308  22
1  314  460
1  317  100,239
1  320  22,636,831
1  324  22
1  325  519
1  330  429
1  339  417
1  342  636,831,865
1  376  44,469,946
1  377  733
1  383  36,417,562
1  391  684
1  398  459
1  402  156
1  408  22
1  411  216
1  412  216
1  415  579
1  416  519
1  426  429,472,652
1  427  763
1  436  100,239,274,320,443,655,673
1  454  417
1  455  28
1  456  232,459,562
1  477  156,808
1  482  156,417
1  501  303,487,728
1  509  496
1  512  307
1  516  100,239
1  543  307
1  546  307
1  549  100,239
1  556  946
1  558  94,820
1  565  946
1  580  525
1  589  623,733
1  592  244,652
1  593  22
1  596  502
1  597  623
1  616  865
1  627  243,635,865
1  632  652
1  635  97
1  642  209,664
1  660  519
1  666  44,469
1  672  621
1  697  36,303,728
1  698  206,562,664
1  699  663
1  705  636,831
1  707  684
1  723  94,820
1  726  519
1  734  865
1  735  84
2  15  865,946
2  25  44,216,469
2  26  636,763,831
2  28  371,519
2  36  459
2  39  22
2  42  216
2  55  84
2  56  303,728,946
2  58  44,216,469,496,525
2  62  216,664,684
2  65  763
2  80  120,594
2  100  472
2  113  785,974
2  116  303,728,929
2  122  472,579,663,786
2  123  303,664,728
2  128  808
2  133  636,831
2  137  636,652,831
2  142  216
2  144  652
2  145  261,895
2  153  502
2  155  439
2  162  519,652
2  163  429
2  170  946
2  179  398
2  181  865
2  182  579,786
2  192  946
2  194  417
2  205  636,831
2  212  684
2  217  216
2  233  865
2  234  417
2  236  307,763
2  247  684,808
2  252  496
2  265  627
2  267  429
2  269  684
2  270  627
2  273  303,728
2  282  459
2  286  156,627
2  290  375,459,636,831
2  295  496
2  296  36
2  300  84
2  305  417,623
2  306  171,982
2  308  782
2  326  216,519,929
2  334  243,635,733
2  335  261,895
2  363  663
2  364  439,460
2  365  44,469,946
2  369  28,877
2  371  303,664,728
2  383  36,439
2  385  496
2  393  460
2  397  127
2  406  216
2  413  209,664
2  419  664
2  427  562
2  432  859
2  437  94,820
2  439  663
2  446  156,417
2  457  684
2  459  684
2  463  216
2  465  156
2  468  859
2  479  763
2  482  303,728
2  486  636,831
2  488  216,460
2  493  232
2  500  303,728
2  507  496
2  512  684
2  527  664
2  528  763,946
2  529  763
2  532  579,786
2  537  261,895
2  555  496
2  572  22,717,949
2  573  472
2  576  496
2  588  664,946
2  589  562
2  593  782
2  594  216,579
2  596  929
2  608  417
2  610  496,663
2  616  261,664,895
2  619  94,232,519,820
2  621  261,472,895
2  625  244
2  644  562
2  648  496
2  649  502
2  654  209
2  666  519
2  671  28,877
2  672  946
2  681  763
2  692  100,239
2  699  303,728
2  701  190,358,725
2  709  156
2  719  303,728
2  720  636,831
2  728  209
2  732  36
2  734  459,519
2  748  417
3  7  156
3  9  84
3  13  623,663
3  22  663
3  30  156,307
3  45  579,786
3  52  375
3  59  519
3  69  244
3  74  244
3  81  439,663,865
3  86  393
3  87  303,728
3  92  209
3  105  522
3  109  636,831
3  111  459
3  122  487,627
3  126  28,877
3  133  623,652,929
3  141  261
3  148  216
3  157  865
3  168  519
3  169  663
3  173  459
3  182  94,820
3  188  664
3  191  243,251,522,635
3  195  303,496,728
3  199  156,519
3  200  243,635
3  202  472,664
3  207  97,460,519
3  213  375
3  215  216
3  230  22
3  238  496
3  240  84,763
3  245  303,728,865
3  264  303,728
3  271  652
3  275  303
3  282  219,636,831
3  290  650
3  313  652
3  327  303,728
3  333  636,831
3  336  303,728,946
3  341  519
3  343  763
3  345  472
3  356  216
3  357  519
3  361  763
3  363  859
3  367  460
3  368  22
3  370  525
3  385  496
3  390  470
3  392  261,895
3  396  243,635
3  401  320,655
3  415  28,307,375,877
3  417  303,728
3  423  100,127,239,307
3  446  156
3  456  153
3  468  36,209,243,635,636,831
3  472  303,728
3  479  36
3  490  375
3  497  519
3  499  733
3  507  398
3  511  216
3  515  216
3  536  216
3  543  579,786
3  550  519
3  561  627
3  566  261,895
3  567  417,525
3  571  216
3  576  610
3  577  251,522
3  578  398,684
3  579  22
3  582  303,728
3  583  244,664,684
3  587  663
3  594  22,474,644,717,949
3  605  303,429,728
3  611  562
3  612  946
3  614  417
3  617  36
3  622  303,728
3  623  221,579
3  632  375,982
3  633  664
3  637  44,469
3  642  97
3  649  664
3  657  763
3  659  562
3  660  232,251,522,525
3  661  375,636,831
3  663  460
3  669  519
3  681  216
3  686  663
3  692  519
3  693  44,459,469
3  698  652
3  705  650,763
3  706  663
3  708  439
3  726  216
3  729  417
3  738  36,219,763
3  739  636,831
3  741  946
4  7  216
4  13  180,556,809
4  16  519
4  17  519
4  27  303,728
4  39  782
4  43  216
4  55  663
4  61  627
4  67  519,652
4  68  663
4  70  525
4  72  763
4  73  84
4  82  22
4  83  156
4  84  216
4  90  663
4  98  36
4  103  320,655
4  111  303,728
4  112  36,689,865
4  113  320,655
4  114  303,417,728
4  122  474,644
4  125  84
4  128  664
4  136  398
4  137  303,728
4  150  519,579
4  153  209
4  155  663
4  156  303,728
4  158  579,786
4  166  355,636,747
4  171  525,763
4  177  190,358,725
4  186  664
4  187  303,636,728,831
4  190  216
4  194  127
4  197  216,579,763
4  199  44,469,627
4  202  562
4  214  459
4  216  519
4  218  209,303,728
4  221  303,728
4  230  562
4  234  127,303,684,728
4  241  209,459
4  245  519
4  247  763
4  251  684
4  256  763
4  261  303,728
4  264  664
4  265  28,156,877
4  267  97
4  278  22
4  280  84,303,728
4  283  97
4  287  664
4  293  209
4  304  232,261,895,946
4  313  459,652
4  317  646
4  328  244
4  329  303,728
4  339  460
4  342  319
4  346  243,303,635,728
4  349  472
4  354  525
4  361  579
4  378  216
4  379  244
4  380  652
4  388  579,786
4  390  97
4  391  623,846,997
4  393  579,684,786
4  408  429,535,600,666,884
4  416  232
4  417  562
4  420  664
4  429  496
4  434  865
4  440  216,472
4  441  22
4  458  664
4  463  525
4  466  459,865
4  470  636,831
4  492  982
4  497  127
4  498  684
4  517  244
4  522  439
4  524  219,946
4  525  623
4  528  232
4  530  44,469,946
4  543  460
4  544  636,831
4  550  206,562
4  551  472
4  557  320,655,859
4  576  127,652
4  578  84
4  582  439
4  583  307
4  584  216
4  600  375,460
4  601  209,538,978
4  604  496
4  605  371
4  608  251,522,763
4  629  865
4  645  216
4  648  97,417
4  652  519
4  654  460
4  658  652
4  662  763
4  665  417,429,859
4  666  195,393
4  669  28
4  672  216
4  699  439
4  703  519
4  704  303,728
4  705  44,469
4  714  519,859
4  715  28,44,469
4  721  519
4  725  472
4  726  209,519
4  730  209
4  741  843
5  4  496
5  7  303,728
5  11  488,865
5  17  519
5  19  562
5  26  610
5  28  216,946
5  33  636,831
5  40  562,734
5  54  417,487
5  58  84
5  60  982
5  62  319
5  76  422,487
5  84  636,831
5  90  243,635,636,831
5  92  519
5  98  417
5  100  488,496,865
5  103  417
5  112  843
5  116  646
5  121  859
5  122  946
5  131  836
5  138  664
5  150  206,562
5  153  171,982
5  160  216
5  172  44,469
5  174  251
5  178  371,417
5  180  375,417
5  198  652
5  205  156
5  206  216,251,522
5  212  303,728
5  213  22
5  215  763
5  220  94,496,820
5  221  219,417
5  222  375
5  224  327
5  227  684
5  229  664
5  243  28,36,127,684,877
5  247  216
5  262  519
5  266  44,120,469,594,664
5  272  375
5  275  375
5  276  763
5  280  664
5  288  156
5  291  429
5  296  36
5  298  808
5  304  146,527
5  322  664
5  337  216
5  339  130,663
5  344  97,244
5  347  684
5  350  684
5  351  496
5  358  946
5  360  127
5  361  519
5  368  946
5  374  84,623
5  375  562
5  377  209
5  379  375,417
5  398  216
5  401  763
5  402  44,469,627
5  409  216,459
5  416  209
5  427  460
5  429  84,303,684,728,808
5  435  865
5  439  459,636,831
5  447  663
5  474  663
5  487  627
5  489  663
5  490  439,664
5  491  44,84,469
5  492  216
5  493  519
5  496  375
5  507  663
5  510  502
5  513  303,728
5  520  663
5  522  946
5  529  209
5  531  519
5  535  216
5  536  209
5  540  684
5  542  636,831
5  544  84
5  547  44,303,469,728
5  552  519
5  557  519
5  560  519
5  561  627
5  565  877
5  572  319
5  575  627
5  576  519
5  577  946
5  592  562
5  595  216
5  596  209
5  600  982
5  605  652
5  619  417
5  623  627
5  624  303,728
5  632  135
5  641  261,303,728
5  643  127
5  650  460,487
5  656  320,459,655
5  680  261,895
5  682  496
5  687  216
5  694  303,728
5  696  733
5  699  519
5  700  100,120,239,594
5  709  156
5  711  652
5  713  487
5  720  120,594,650
5  731  946
5  734  562,895
5  744  859
5  749  519
6  2  579,786
6  3  636
6  7  808
6  14  375,865
6  19  97,496
6  41  417
6  43  610
6  65  664
6  67  684
6  68  156
6  75  190,358,725
6  76  763
6  88  460
6  101  519,664
6  103  216
6  106  375
6  107  929
6  115  459
6  116  417
6  120  664
6  124  519
6  127  206,562
6  136  459
6  139  28,610
6  141  251,522
6  149  375,684
6  154  307,808
6  162  579
6  167  216
6  183  146,527
6  186  488,865
6  187  375
6  189  22
6  190  663
6  191  244
6  196  307
6  198  417
6  203  303,728,763
6  214  636,831
6  220  610
6  227  623,846
6  233  274,443,673,843
6  241  244,663
6  243  763
6  244  519
6  259  84
6  265  946
6  266  946
6  267  355,684,747
6  275  36
6  276  562
6  281  127,974
6  283  355,747
6  287  519
6  289  156
6  300  808
6  307  216,808
6  309  459
6  314  156
6  322  808
6  360  36
6  367  808
6  371  146,319,527
6  382  303,728
6  391  319
6  392  146,216,527
6  394  525
6  399  261,895
6  401  156
6  402  808,946
6  403  127,307,785
6  404  946
6  413  636,831
6  415  244,470,652
6  418  496
6  422  663
6  423  143
6  424  303,684,728
6  426  97,371
6  429  303,728
6  431  84
6  434  808,843
6  440  36
6  443  865
6  472  417
6  473  120,594,684
6  486  460
6  487  459
6  488  146,527
6  492  251,522,525
6  493  627
6  494  652
6  502  519,579,786
6  505  216
6  506  562
6  509  209,251,459,522
6  513  84,206,562
6  517  459,836
6  522  664,865
6  524  663
6  536  496
6  549  646
6  556  439
6  557  156,206,562,946
6  558  627,663
6  575  232
6  578  303,728
6  586  459
6  589  97
6  590  664
6  594  187
6  595  663,763
6  603  251
6  604  156
6  606  865
6  609  303,728
6  625  22
6  630  232,496,663
6  634  375
6  635  156,417
6  637  303,728
6  638  303,728
6  651  243,579,635,786
6  654  562,636,831
6  655  460,663,946
6  656  216
6  657  216
6  665  808
6  681  232
6  682  519
6  683  763
6  689  303,728
6  696  946
6  698  439,636,831
6  700  232
6  701  785
6  704  251,763
6  707  652
6  712  422
6  732  307,525
6  739  808
6  741  417,519
6  745  22
6  749  417
6  750  519
7  4  600,666,884
7  18  627,946
7  26  367,487,636,831
7  30  621
7  41  664
7  47  763
7  59  156
7  61  219
7  75  663
7  76  460
7  79  636,831,877
7  85  519
7  92  206,562
7  97  44,469,487,946
7  101  429
7  112  627
7  114  303,728
7  151  519
7  154  84
7  164  439,487
7  171  303,636,728,831
7  180  84
7  183  460
7  187  303,728
7  197  562
7  204  100,239
7  205  417
7  216  156
7  227  646
7  235  303,728
7  238  130
7  250  100,239,579,728
7  256  62,460
7  259  62,820
7  261  429,439
7  263  375,519,600,666,884
7  291  663
7  299  216,519
7  300  472
7  301  94,209,820
7  303  496
7  306  84
7  308  859
7  315  94,209,820,946
7  320  127
7  321  44,469
7  323  156
7  332  216,763
7  334  209
7  336  997
7  340  519
7  371  216
7  378  219
7  387  664
7  396  216
7  406  28
7  407  216
7  411  209
7  417  519
7  418  130,209
7  424  120,594
7  430  684,763
7  445  303,728
7  452  216
7  455  216
7  456  303,728
7  457  303,627,728
7  461  663,808,859
7  473  94,623,820,846
7  478  307
7  479  156,459
7  496  100,135,239
7  497  375
7  505  684
7  510  946
7  517  84,375
7  519  636,831
7  520  865
7  531  496
7  532  621
7  534  375,439
7  539  307
7  543  156
7  552  684
7  553  652
7  564  216,836
7  568  459
7  573  644
7  592  153,636,831
7  596  97
7  597  180,556,562,809
7  598  459
7  599  865
7  602  156
7  608  439
7  611  303,487,728
7  613  156,216
7  624  636,831
7  630  459,519
7  632  459
7  645  538,978
7  658  439
7  663  664
7  665  22
7  670  84
7  674  156,519,664
7  675  303,728
7  678  763
7  681  579,786
7  690  94,820
7  699  216
7  711  303,562,728
7  715  156
7  724  100,239
7  725  859
7  732  459
7  743  209,562
8  9  97
8  15  327,671
8  19  763
8  27  439
8  28  36,195,216,393
8  50  496,627
8  52  579
8  54  663
8  58  327,663,671
8  59  398
8  73  538,929,978
8  74  459
8  77  22
8  90  190,358,725
8  92  535
8  95  579
8  107  519
8  116  393,623
8  117  929
8  122  734
8  123  459
8  132  519,946
8  133  519,562
8  134  251,522
8  139  367,519
8  144  320,655,859
8  147  636,831
8  156  865
8  161  209
8  166  946
8  167  156
8  168  460
8  169  22,460
8  170  216
8  172  439
8  174  84
8  176  843
8  181  627
8  203  261,895
8  207  261,851
8  211  522
8  218  216
8  222  562
8  223  28,636,831,877
8  224  488
8  232  865
8  236  307
8  237  209,303,579,728
8  243  22
8  249  216
8  251  375,579
8  257  684,808,865
8  263  195,393
8  265  251
8  266  303,319,728
8  267  216,289,460
8  271  627
8  285  623
8  286  808
8  290  135,949
8  292  127
8  300  244
8  305  36,652
8  306  320,579,655
8  329  36
8  336  877
8  361  84
8  362  663
8  384  460
8  390  94,820
8  406  439,865
8  408  303,371,728
8  421  375
8  428  579
8  434  375
8  443  460
8  444  156
8  454  684
8  455  44,439,469
8  456  204,417
8  462  216
8  469  460,487
8  470  519
8  471  261,439,895
8  472  496
8  477  579
8  479  562
8  482  417,684
8  484  251,303,522,652,728
8  488  763
8  501  664
8  506  156
8  509  375
8  513  439
8  517  234,663
8  521  472
8  530  209
8  535  261,895
8  543  44,469
8  555  562
8  582  519
8  596  535
8  606  843
8  607  684
8  609  209
8  620  519
8  624  135
8  626  261,808,895
8  630  813
8  633  664
8  635  355,747
8  639  763
8  641  303,728
8  650  232,261,459,851
8  656  684
8  666  439,684
8  681  519
8  685  22
8  686  459
8  693  398
8  703  375
8  707  319
8  721  156
8  722  303,728
8  729  627
8  730  429
8  731  519
8  733  865
8  734  153,206,216,562
8  735  496
8  739  470,650
8  740  487
8  748  398
8  750  195,393
9  1  929
9  12  865
9  18  367
9  29  120,594
9  32  929
9  38  135
9  43  22,367,717,949
9  54  836
9  55  763
9  59  836
9  68  460
9  72  156,417
9  75  156
9  79  859
9  81  843
9  86  244,684
9  91  460,763
9  94  232,496,929
9  100  417
9  108  22
9  113  636,831
9  115  120,594
9  120  664
9  127  127
9  139  487,763
9  143  84
9  153  472
9  161  519
9  163  371
9  165  538,978
9  173  97,623
9  179  519
9  181  502
9  188  216
9  189  782
9  195  562,663
9  208  472
9  212  216
9  216  251
9  219  734
9  223  209
9  229  859
9  235  375,664,946
9  243  153
9  253  127,209,525
9  256  627
9  268  303,728
9  270  375,652
9  283  459
9  286  519
9  291  460
9  295  243,417,635
9  296  153
9  299  650
9  304  535
9  308  429
9  310  684
9  320  865
9  340  763
9  353  156,375
9  364  627,664
9  370  206,562
9  377  209
9  379  135,519
9  380  763
9  383  153
9  384  519
9  389  579,763,786
9  416  195,393
9  421  417
9  425  519
9  438  232,519
9  440  22,717,949
9  442  460
9  443  496
9  445  439
9  457  623,846
9  463  127,156
9  468  663
9  472  156,439,459
9  474  216
9  496  216
9  504  209
9  505  623,846
9  506  216
9  510  627
9  514  28,684,877,895
9  517  650
9  520  843
9  522  684
9  523  375
9  525  375
9  527  261,895
9  528  156
9  532  579,627
9  533  663,946
9  542  496
9  544  84
9  547  156
9  550  393,562,870
9  556  820
9  557  251
9  559  785
9  560  525
9  572  36
9  574  216
9  575  636,831
9  578  62
9  582  997
9  589  153
9  590  439
9  601  320,655
9  603  652
9  609  153
9  613  562
9  617  251,522,836
9  626  209
9  630  525
9  632  143
9  635  519,982
9  637  865
9  644  153
9  645  627
9  654  209
9  657  84,610
9  672  562,664
9  674  195,393
9  680  636,831
9  681  244
9  692  646
9  697  663
9  700  929
9  704  496
9  706  808
9  707  836
9  708  28,320,655,877
9  713  496
9  715  734
9  717  216,251
9  726  22,562,663,717,949
9  727  216
9  735  209
9  737  375
9  738  664
9  742  28
9  748  982
10  8  636,831
10  10  303,728
10  14  843
10  19  130
10  25  216
10  27  216
10  28  649
10  29  636,831
10  33  439
10  40  320,655
10  46  627
10  47  627,808
10  52  36
10  66  663
10  76  734
10  83  763
10  86  623
10  97  303,728
10  112  808
10  113  859
10  116  63
10  120  319
10  124  216
10  132  66
10  135  198,764
10  136  146,527
10  143  684
10  148  623
10  150  931
10  154  62
10  156  843
10  181  650
10  182  36
10  185  209
10  202  319
10  210  219
10  224  610
10  242  216
10  243  663
10  244  156
10  246  209,303,562,728
10  274  474,644
10  275  650,652
10  278  782
10  279  519
10  281  459
10  291  371,398,562
10  304  375
10  312  519
10  323  127,209
10  324  782
10  325  627
10  326  652,663
10  345  251
10  351  496
10  352  251,522,562
10  357  28
10  358  877
10  361  562,808
10  375  519
10  376  650
10  379  135
10  383  865
10  385  130
10  389  232,562
10  391  209,496
10  420  319
10  423  929
10  430  562,763
10  439  949
10  456  439,459,535
10  461  216
10  467  946
10  481  459,519,627
10  483  519
10  485  429
10  486  439
10  491  664
10  492  519
10  496  646,733
10  506  28,877
10  512  36,216
10  515  216
10  517  127
10  533  216
10  544  763
10  553  763
10  569  216,525
10  586  303,728,763
10  591  216
10  593  859
10  594  563
10  621  525
10  625  623,846
10  632  949
10  638  522
10  644  307
10  650  684,734
10  658  209
10  660  84,94,369,820
10  673  429
10  675  180,556,809
10  694  439
10  698  650
10  705  261,895
10  706  650
10  709  472
10  713  734
10  722  100,239
10  727  94,652,820
10  729  417
10  738  439
10  744  429,460
10  749  417
11  1  219
11  5  496
11  7  216
11  8  439
11  11  525
11  14  398
11  15  895
11  16  206,562
11  20  684
11  21  439
11  26  650
11  29  84
11  33  664
11  36  460
11  42  274,443,673
11  43  84
11  44  684
11  47  664
11  48  319
11  65  375
11  67  623,846
11  68  44,469
11  71  100,239
11  73  763
11  83  303,728
11  111  496
11  112  895
11  115  417
11  122  946
11  128  97
11  132  877
11  137  156
11  140  808
11  151  28
11  156  895
11  165  84,865
11  167  487
11  172  393,870
11  173  664
11  177  519
11  180  216
11  187  519
11  188  417
11  193  36,303,728
11  194  652
11  206  209
11  207  355,747
11  210  375
11  211  763
11  212  28,663,877
11  213  782
11  223  156
11  227  562
11  228  865
11  231  244
11  244  206,562
11  245  195,393
11  246  439
11  263  664
11  268  763
11  276  28,244
11  278  66,84,496,836
11  281  929,949
11  282  459,692
11  285  538,978
11  286  251,393,663,870
11  303  127,684
11  308  36
11  310  519
11  337  733
11  339  22,717,949
11  345  417,785
11  351  209
11  354  636,831
11  361  187
11  370  375
11  374  94,232,820
11  375  153
11  376  127,327,671
11  377  97
11  380  417,562
11  383  439,779
11  393  195,209,393
11  402  529
11  403  579,786
11  412  439
11  421  274,443,673
11  423  460,684
11  428  156,663
11  433  28,398,519,877
11  441  36,782
11  449  974
11  451  636,831
11  453  460
11  455  22,717,949
11  456  439,949
11  457  439
11  459  216
11  480  763
11  481  439
11  489  627
11  506  216
11  512  417,579,786
11  518  100,146,239,527,636,831
11  523  974
11  525  135
11  528  209
11  529  535
11  536  22,216
11  537  609
11  538  261,895
11  547  997
11  553  460
11  559  978
11  566  650
11  583  375
11  584  209
11  603  417
11  605  216,243,398,439,635
11  613  22,717,949
11  631  22,303,663,728
11  634  100,156,239
11  641  84
11  644  650
11  647  496,562
11  668  525
11  671  375
11  689  488,865
11  690  251,522,808
11  693  609,627
11  694  684
11  696  303,728
11  697  899
11  698  207,459,955
11  699  525
11  703  393,870
11  705  94,303,502,728,820
11  718  429
11  724  417,525
11  725  206,562
11  728  94,820
11  736  496
11  738  216
11  749  153
12  2  156
12  18  562
12  19  273,562
12  29  303,460,728
12  38  303,417,459,728
12  39  859
12  52  251,522
12  53  627
12  66  579
12  68  562
12  81  808
12  83  562
12  93  303,664,728,763
12  99  636,831
12  101  97
12  108  251,522
12  118  627
12  121  684
12  123  422
12  126  519
12  127  100,239
12  129  865
12  133  153,627
12  134  865
12  138  562
12  145  623
12  146  209,663
12  148  417
12  150  63
12  154  243,635
12  158  261,895
12  159  216
12  168  727,811
12  170  156
12  171  562
12  175  216,763
12  180  100,239
12  187  439
12  192  519
12  195  439,843
12  197  22
12  202  623
12  205  156
12  207  206,562
12  210  135,171,982
12  217  652
12  218  865
12  222  153
12  231  156
12  250  216
12  257  375,664
12  259  209
12  267  459
12  273  684
12  275  135
12  280  439
12  287  538,684,978
12  296  84
12  320  782
12  323  303,728
12  341  375
12  342  843
12  345  135
12  346  439
12  347  36
12  349  946
12  351  459
12  363  664
12  364  459
12  366  243,635
12  368  66,782
12  376  460
12  384  206,562,843
12  390  216
12  393  623,846
12  404  94,820
12  410  763
12  419  579
12  428  187,251,393,496,870
12  439  865
12  442  100,239
12  447  206,562
12  449  562
12  451  579
12  457  216,711
12  462  100,239,429
12  477  251
12  488  94,261,820,851
12  489  84
12  490  623
12  496  97,190,358,725
12  501  650
12  502  623
12  518  84
12  536  22,717,949
12  539  156,684
12  551  36
12  556  375,865
12  570  519
12  571  120,594
12  575  538,978
12  597  946
12  607  621
12  620  496
12  621  836
12  623  303,728
12  624  251,522
12  626  785
12  629  843
12  638  859
12  640  120,594,636,831
12  643  190,358,725
12  644  652
12  651  627
12  663  319
12  667  113,216
12  681  562
12  709  474,644,929
12  714  156
12  721  36,206,562
12  730  44,469
12  734  244,802
12  740  234
12  741  623
12  742  865
12  746  36
13  6  472
13  7  97,439
13  11  459
13  22  664
13  25  519
13  29  94,820,836
13  34  303,728
13  39  307
13  43  663
13  47  496
13  58  562
13  64  663
13  68  327,671,895
13  71  156
13  72  216,251,562
13  73  562
13  91  562
13  94  375
13  96  209,244
13  97  734,974
13  98  538,978
13  108  156
13  111  734
13  112  959
13  119  84
13  126  206,219,562
13  128  261,895
13  145  522
13  152  429
13  157  865
13  164  831
13  173  221,785
13  175  636,831
13  189  859
13  196  579
13  200  684
13  201  303,728
13  202  216
13  205  36,251
13  235  232,496
13  267  459
13  274  609
13  282  692
13  287  63
13  288  209,375,496
13  298  610
13  299  650
13  308  962
13  313  496,763
13  314  519
13  315  84
13  324  417
13  326  135
13  327  439
13  331  519,684
13  332  100,239
13  339  156
13  344  519,859
13  367  808
13  380  763
13  402  562
13  405  519,763
13  406  36,865
13  411  519,664
13  417  153
13  424  439
13  436  244
13  449  808
13  458  127,610
13  461  899
13  462  646
13  463  487
13  467  303,728
13  468  535
13  477  307,650
13  478  303,728
13  479  459
13  491  439
13  492  393
13  501  439
13  507  84
13  523  367
13  524  216
13  541  216
13  546  84
13  550  63
13  557  877
13  562  579
13  571  859
13  580  460
13  590  319
13  591  22,717,949
13  595  562
13  600  519
13  603  627
13  612  22
13  619  459
13  638  439
13  642  535,663
13  646  22
13  648  84,460
13  650  623,650,846
13  655  417,808
13  657  417
13  662  562,636,831
13  663  663
13  665  209,689
13  669  307,865
13  670  636,831
13  673  216
13  675  417
13  683  562
13  686  949
13  690  244
13  693  733
13  694  808
13  699  216
13  704  562
13  725  393,398,474,644,870
13  739  216
13  741  375
13  742  808
13  750  663
14  11  525
14  21  303,728
14  29  663
14  31  650
14  37  525
14  46  496
14  47  627
14  51  219
14  56  579,786
14  61  692
14  62  100,239,261,895
14  63  216
14  71  307
14  78  216
14  86  251,522
14  87  303,439,728
14  88  44,469
14  91  22
14  94  130
14  100  488,865
14  106  636,831
14  120  727,811
14  134  579
14  138  97
14  141  130,650
14  143  663
14  144  36
14  151  652
14  158  232,609
14  161  525
14  163  289,579,763,786
14  164  621
14  169  303,728
14  170  216,251,459
14  173  836
14  177  274,443,459,673
14  185  579
14  192  519
14  199  206,562
14  214  303,728
14  215  22,623,663,717,949
14  217  562
14  222  204
14  230  782
14  231  307
14  241  949
14  242  22,717,820,949
14  254  216
14  256  244,460
14  260  156
14  263  375
14  268  663,851
14  284  398
14  287  44,469
14  294  216
14  295  190,358,725
14  301  535
14  303  303,728
14  309  472
14  311  36
14  313  244
14  316  429,459
14  337  135
14  353  303,728
14  359  684,763
14  362  209
14  365  303,728,877
14  368  664,859
14  373  303,562,728
14  376  36
14  379  100,239
14  381  579
14  382  439
14  390  355,538,747,978
14  396  28,417,877
14  399  94,636,820,831
14  404  877
14  405  206,562
14  408  782
14  422  663
14  432  472
14  436  636,831
14  441  216
14  454  623,846
14  463  734
14  465  251
14  469  627,734
14  470  621,650
14  476  627
14  485  303,371,579,728
14  489  274,443,673
14  499  251,522
14  504  946,974
14  506  459
14  508  94,460,820
14  512  652
14  521  320,655
14  523  650
14  524  843
14  530  877
14  534  429,753
14  547  439
14  570  663
14  586  36
14  587  375
14  590  646
14  591  439
14  592  398
14  599  525
14  605  156,289
14  609  579
14  616  319,459
14  628  417
14  633  946
14  651  156
14  660  251
14  663  251,522
14  668  303,417,728
14  680  244
14  688  460
14  689  375,439
14  695  216,261,460,895
14  705  36
14  712  636,831
14  714  459
14  721  251
14  733  843
14  738  562
14  740  206,562
14  746  97
15  2  84
15  6  644
15  9  355,747
15  16  650
15  17  206,562
15  20  865
15  21  44,469
15  25  206,562
15  32  261,895
15  33  84
15  36  502
15  39  244,663
15  50  627
15  57  28,877
15  59  636,831
15  68  22,859
15  69  127,216
15  74  485,949
15  76  636,831
15  77  623
15  98  371
15  107  206,562
15  113  982
15  119  664
15  131  610
15  149  97
15  153  636,831
15  155  899
15  157  206,562
15  164  734
15  171  439,859
15  172  439
15  176  156
15  177  393,870
15  181  216
15  182  529
15  185  439,621
15  190  216
15  209  525
15  218  244
15  225  763
15  231  190,358,725
15  238  307,623
15  256  472
15  257  135
15  258  44,469,946
15  260  519,610
15  261  36,371,636,831
15  269  623,763,846
15  271  243,439,635
15  278  859
15  280  562
15  292  496,763
15  298  367,636,831
15  300  303,488,728,811
15  302  303,728
15  303  439
15  304  684
15  305  684
15  317  375
15  330  84,371
15  331  206,562
15  333  84
15  336  655
15  344  439
15  346  865
15  350  664
15  373  733
15  375  734
15  376  417
15  387  209
15  392  303,728
15  400  472
15  420  84
15  422  496
15  424  623,846
15  429  439
15  434  439,895
15  437  579
15  443  130
15  447  460
15  457  865
15  483  232,459
15  484  216
15  488  22,459
15  492  813
15  514  439
15  522  232,808
15  527  100,239,487
15  528  621
15  530  997
15  534  371
15  540  519
15  544  62,156,562
15  557  439
15  558  763
15  564  663
15  572  946
15  576  470
15  577  470,877
15  579  209,782
15  621  171,982
15  629  895
15  647  156
15  655  997
15  679  22
15  686  763
15  689  460
15  693  470
15  694  439
15  695  527
15  696  439
15  697  439
15  702  946
15  709  474,644
15  711  153
15  712  398
15  714  100,239
15  721  28,877
15  725  563
15  738  692
15  743  472,579
15  745  859
16  1  375
16  3  36,127,689
16  4  527
16  6  216
16  12  417
16  16  251,522,733
16  25  393,870
16  29  529
16  49  375
16  50  130
16  51  84,439
16  57  216
16  59  209
16  62  146,527
16  71  429
16  78  216,636,831
16  79  664
16  89  496,684
16  92  63
16  98  289
16  103  273
16  118  216
16  121  946
16  131  319
16  134  398,843
16  138  44,469,946
16  140  120,594
16  142  216
16  155  303
16  158  820
16  173  562
16  180  62,652
16  189  949
16  192  646
16  213  946
16  218  187
16  219  459
16  225  538,978
16  229  84,496
16  250  216
16  251  187,398,562
16  269  156
16  270  459
16  275  216
16  277  763
16  296  417,931
16  297  600,666,884
16  303  459,865
16  308  289
16  321  519
16  328  460,684
16  330  289
16  339  417
16  342  895
16  344  785
16  350  319
16  353  251,522
16  355  127
16  357  865
16  361  22
16  375  216
16  376  684
16  391  130
16  392  216
16  422  627
16  426  289,474,644
16  431  62
16  439  843
16  443  843
16  448  519
16  463  22,562
16  465  623,684
16  466  127,843,949
16  467  417
16  476  307
16  483  949
16  490  135,180,556,809
16  497  135,156
16  502  190,358,725
16  506  251
16  511  684
16  512  808
16  516  684
16  518  496
16  523  636,831
16  529  562
16  533  763
16  534  135,289
16  546  120,375,594
16  547  663
16  550  153
16  555  130,519
16  558  562,946
16  560  171,982
16  562  187,216,459
16  564  156
16  575  307,650
16  581  763
16  582  303,728
16  591  931
16  592  763
16  598  459
16  601  28,877
16  622  303,728
16  623  417
16  640  487
16  644  84
16  645  28
16  646  417
16  647  763
16  648  355,747
16  655  808,877
16  656  663
16  665  782
16  673  371
16  684  459
16  692  393,636,831,870
16  696  97,375
16  700  398
16  705  327,525,671,808
16  714  130,931
16  719  216
16  734  470
16  735  734
16  740  216
16  745  417
17  1  232
17  3  44,94,469,820
17  18  28,877
17  20  636,831
17  29  127
17  33  664
17  34  439
17  36  562
17  39  439,808
17  54  734
17  73  135
17  88  327,671
17  94  135,488,865
17  95  496
17  105  216
17  121  609,877
17  126  234
17  132  216,650,711
17  140  519
17  141  439
17  142  429
17  153  190,358,535,725
17  163  946
17  164  44,251,469
17  170  646
17  175  44,469
17  176  251,763
17  180  459
17  182  216,621
17  188  650
17  189  649,946
17  190  22
17  196  209
17  226  459
17  227  519
17  230  153,525
17  231  143,652
17  234  692
17  240  650
17  246  636,831
17  247  711
17  248  460
17  252  459,519
17  259  496
17  261  289,636,650,831
17  264  319,439
17  268  525
17  274  525
17  275  439
17  276  646
17  287  375
17  296  562
17  299  195,393
17  305  97
17  321  36
17  328  97,859
17  334  243,635
17  337  274,443,673
17  341  303,728,763
17  344  36
17  355  865
17  361  562
17  367  684
17  381  187
17  387  417
17  394  496
17  402  496
17  418  496
17  419  216,579,786
17  421  663
17  426  785
17  430  562
17  433  865
17  440  474,644
17  447  562
17  450  636,831
17  482  623,846
17  487  949
17  490  646
17  493  439
17  497  44,63,469,663
17  504  663
17  506  156
17  509  135,190,358,725
17  510  472,609
17  511  623,846
17  518  646
17  522  663
17  524  895
17  539  251,623,846
17  543  251
17  556  153
17  564  623
17  566  216
17  572  216,949
17  578  156
17  581  209,303,728
17  582  663,865
17  583  785
17  599  28,100,239,843,877
17  600  135
17  605  865
17  607  303,728
17  611  153,439
17  613  579
17  614  502
17  616  307,609
17  619  664
17  640  375,636
17  642  398,663
17  649  28,216,877
17  650  946
17  653  261,895
17  663  808
17  669  843
17  674  44,469
17  675  439
17  677  859
17  681  22
17  686  684
17  688  36
17  699  459
17  700  209
17  704  22,216
17  714  28
17  720  398
17  729  470,529
17  739  650
17  741  307,877
17  742  460
17  743  187,664
18  1  525
18  4  130
18  9  621
18  13  127
18  22  472
18  29  62
18  37  127,135,763
18  39  962
18  44  946
18  60  813
18  64  899
18  75  216
18  77  782
18  82  216
18  91  859
18  93  562
18  96  130,535
18  97  538,978
18  98  398
18  104  600,666,884
18  105  398
18  122  216
18  133  204,946
18  138  273
18  145  261,895
18  148  22,717,949
18  153  946
18  166  84
18  171  243,635
18  174  664
18  178  289,375
18  180  251,522
18  185  692
18  186  522,859
18  188  22,216,627,717,949
18  202  28
18  224  439,609
18  229  319
18  231  84
18  236  562
18  237  156
18  240  375
18  258  44,469
18  272  519
18  274  563
18  282  244
18  289  216
18  300  460
18  311  36
18  315  62
18  317  100,239,763
18  323  190,251,358,472,725
18  324  859
18  327  232,496,579
18  328  623,846
18  337  652
18  340  609
18  341  439
18  360  216
18  361  393,870
18  362  535
18  371  472
18  383  320
18  387  460
18  389  664
18  399  375
18  403  261,895
18  404  470
18  409  949
18  413  650
18  414  216,859
18  425  232,747
18  441  859
18  450  156,216
18  462  371
18  471  156
18  472  251,733
18  478  439
18  480  562,636,831
18  493  519
18  494  652
18  501  36
18  502  243,635
18  515  929
18  516  865
18  520  261,895
18  521  127
18  523  216
18  528  650
18  537  663
18  538  244
18  541  28,877
18  542  130,650
18  549  439,487
18  551  519
18  552  393
18  553  621
18  558  375
18  559  303,728
18  583  859
18  584  763
18  587  562
18  598  763
18  603  127,496
18  604  130
18  608  562
18  628  763
18  632  649
18  636  636,831
18  638  116,303,664,728
18  642  899
18  656  623,846
18  657  44,469
18  663  232,261,496,851
18  668  439
18  674  398,877
18  677  663
18  678  684
18  683  663
18  684  949
18  692  459
18  703  44,469
18  708  375
18  711  439
18  718  636,831
18  720  636,831
18  736  684
18  738  153
18  747  487
19  6  663
19  10  439,728
19  11  156,460
19  12  843
19  13  652
19  16  496
19  28  519
19  40  36,375
19  53  171,439,982
19  58  664
19  63  22,717,949
19  68  261
19  69  782,859
19  75  439
19  97  219,393
19  112  529
19  113  813
19  115  209,636,831
19  125  417
19  129  36
19  131  120,460,519,579,594,600,666,786,884
19  133  232
19  134  36
19  136  198,764
19  138  460
19  141  261,851,865
19  151  684
19  152  100,216,239
19  163  140,562
19  170  84
19  184  519
19  190  398
19  195  84,417
19  199  650,652
19  201  763
19  202  113
19  203  273
19  205  216,251
19  210  146,527
19  218  22,355,717,747,949
19  221  439
19  226  949
19  237  562
19  241  251,522
19  256  84
19  261  140,216
19  264  727,811
19  265  538,978
19  269  763
19  275  734
19  278  429,962
19  282  303,728
19  291  216
19  310  623,846
19  325  529
19  336  439
19  342  244
19  351  519
19  353  135,251
19  355  439
19  361  439
19  368  84,877
19  376  261,851
19  380  22
19  382  579,786
19  385  621
19  387  627
19  388  472,664
19  389  22
19  396  303,663,728
19  406  843
19  414  519
19  416  470
19  420  417,727,811
19  425  251,522
19  438  261,895
19  445  865
19  449  156,243,635,859
19  454  216,417,711
19  457  303,728
19  479  251
19  484  439
19  494  650
19  495  525
19  510  877
19  514  487,636,831
19  520  895
19  521  232,303,728
19  533  100,239
19  537  470
19  548  579,786,982
19  550  538,978
19  569  113,664
19  585  22
19  587  843
19  603  627
19  611  84,865
19  620  652
19  622  535
19  625  859
19  632  216,439
19  645  663
19  654  153,232
19  664  472
19  675  865
19  687  216
19  695  459
19  697  636
19  701  652,859
19  705  171,982
19  707  375,579
19  721  393,870
19  726  156
19  729  127
19  732  519
19  738  204
19  743  94,782,820
19  746  623
20  7  355,747
20  17  393,870
20  22  130,663
20  25  22,63,717,949
20  27  663
20  32  198,209,764
20  33  84
20  48  417
20  52  187,785
20  64  180,519,556,684,808,809
20  66  187,460,663,728
20  70  522
20  71  143,371,646
20  77  859
20  78  636,831
20  91  579
20  106  135
20  111  10
20  114  859
20  139  156,734
20  151  609
20  153  127
20  156  439,684
20  157  843
20  165  851
20  177  974
20  188  62,459
20  189  877
20  193  439,663
20  195  209,243,635
20  201  519
20  202  156,877
20  204  646
20  206  22,717,949
20  208  636,831
20  212  244
20  213  859
20  216  206,562
20  220  216
20  225  320,655
20  230  859
20  235  496,519
20  240  62
20  246  946
20  250  439
20  268  562
20  274  198,820,931
20  275  417,865
20  280  865
20  282  28,877
20  283  273
20  302  763
20  310  100,239,664
20  314  206,562,851
20  316  496
20  320  244,859
20  328  216
20  330  319
20  345  36
20  351  36
20  353  496,663
20  368  519
20  372  303,728
20  380  156,216,836
20  381  808
20  383  646
20  393  621
20  394  146,527
20  395  209
20  400  28,877,974
20  405  562
20  424  22,650
20  453  519
20  454  664
20  463  153
20  473  303,636,728,831
20  475  100,239,417
20  478  836
20  479  22
20  485  439
20  487  459,579
20  498  156,439,623,636,831,846
20  501  156
20  514  519,865
20  515  459
20  525  627
20  526  519
20  532  232,529,946
20  535  664
20  543  251,327,671
20  545  156,261,895
20  555  153
20  559  785
20  565  496
20  574  22,538,717,949,978
20  576  367
20  580  232
20  581  171,982
20  600  22,216,711,717,949
20  602  251,522
20  616  198,820
20  623  779
20  644  417,663
20  648  135
20  654  127,808
20  660  627,946
20  677  216
20  678  562
20  691  84
20  693  44,469
20  699  22,717,946,949
20  704  232
20  705  198,764
20  718  371,650
20  722  439
20  728  664
20  732  206,562
20  734  22,393,717,870,911,949
20  740  734
20  744  289,946
21  1  652
21  5  28,303,728,877
21  7  273
21  8  146,527,664
21  18  865
21  24  664
21  25  663
21  26  562
21  30  143
21  45  459
21  55  562
21  62  627
21  63  733
21  65  562
21  70  216,417
21  76  375
21  77  209
21  83  538,978
21  94  946
21  102  946
21  109  650
21  115  535,649
21  118  216
21  120  251
21  128  808
21  136  763
21  137  127
21  138  153
21  140  206,562
21  147  22
21  149  650
21  155  663
21  159  562
21  161  650
21  162  195,393
21  178  652
21  182  496
21  187  865
21  192  733
21  199  931
21  209  44,469
21  212  244
21  213  28,931,962
21  220  156,650
21  235  135,417
21  236  843
21  240  135,429,785
21  245  911
21  250  820
21  253  664
21  263  135
21  266  244
21  286  28
21  289  763
21  291  261,851
21  304  127
21  308  669
21  315  470
21  317  209
21  322  209
21  333  519
21  337  652
21  342  636,831
21  354  171,982
21  368  158,247
21  380  22,251,562,717,949
21  403  439,460
21  409  649
21  413  652
21  415  36
21  422  130,190,358,725
21  431  261,895
21  443  261,851,895
21  452  664
21  460  216
21  465  127
21  467  439,779
21  469  261,851
21  475  562
21  476  195,393
21  480  206
21  481  219,949
21  484  94,820
21  487  579,949
21  495  946
21  502  206,562
21  505  22,28,717,877,949
21  509  808
21  518  130
21  528  663
21  534  28,187
21  536  130
21  537  439
21  545  198,398,764
21  551  579,786
21  555  204,562
21  566  232
21  569  36
21  570  496
21  571  216
21  576  190,358,725
21  584  251,522
21  586  946
21  599  36,100,239
21  606  562
21  613  153
21  630  216,865
21  633  982
21  635  36
21  649  459
21  654  261,851
21  660  877
21  661  459,684
21  663  636,808,831
21  664  100,239,808
21  665  644,859
21  671  307
21  684  649
21  685  782
21  690  663
21  693  949
21  696  652,877
21  709  652
21  711  664
21  715  865
21  722  439,646
21  738  22,327,671,717,949
21  749  156
22  5  130
22  6  216
22  13  627
22  16  97
22  25  22,327,671
22  33  127
22  41  319
22  42  22,717,949
22  45  621
22  59  929
22  61  251
22  66  156
22  69  663,859
22  70  130
22  78  650
22  79  734
22  84  232
22  86  460
22  93  763
22  97  100,239,820,931
22  101  460
22  113  439,650
22  116  439,525
22  126  375
22  131  367,417
22  141  627
22  147  782
22  151  355,623,747,846
22  157  243,393,635,843,870
22  159  22,717,949
22  168  195,393,610
22  171  171,982
22  177  562
22  179  859
22  185  797
22  187  439
22  194  84,535
22  202  156
22  203  143,146,527,664
22  207  209
22  214  439,519
22  216  319
22  223  417
22  225  652
22  230  204
22  233  895
22  235  206,251,562,877
22  236  22
22  237  153
22  252  130
22  253  219
22  262  623
22  265  63
22  268  439
22  278  244,652
22  288  319,535
22  290  859
22  299  946
22  300  62
22  311  216
22  312  216
22  314  733
22  318  664
22  322  130
22  330  190,358,725
22  334  836
22  339  261,851
22  341  663
22  350  519
22  352  153,417
22  359  156,562
22  384  652
22  385  130,663
22  388  460,621
22  389  621,929
22  403  146,527,621
22  405  627
22  407  636,831
22  417  393,870
22  418  130,652
22  437  470
22  440  636,763
22  441  962
22  444  763
22  452  303,728
22  472  97
22  480  870
22  487  187
22  489  562
22  492  171,982
22  502  439
22  504  94,535,820
22  510  460
22  512  946
22  526  487
22  554  439
22  563  763
22  582  307,519
22  589  244
22  601  535
22  602  216
22  603  36
22  610  22
22  615  216
22  622  609
22  628  303,728
22  632  727,811
22  633  417
22  649  319,997
22  658  535
22  667  22,717,865,949
22  672  487
22  679  307
22  682  663
22  696  36
22  699  650
22  711  439,865
22  720  36
22  733  206,562
22  735  535
22  741  135
22  747  496,734
22  748  261,895
23  3  470
23  7  733,797
23  11  135
23  19  22,251
23  22  865
23  24  319
23  37  562,652
23  39  439
23  44  209
23  47  36
23  59  234
23  68  802
23  81  895
23  86  398
23  89  502
23  93  562
23  98  127
23  99  28,44,232,469,650,877
23  103  733,797
23  108  782
23  111  949
23  119  836
23  120  375
23  128  319
23  143  216,519,711
23  146  535
23  148  28
23  151  63
23  153  636,831
23  164  763
23  175  650
23  181  802
23  183  763
23  189  201,553,579
23  190  22,303,717,728,949
23  191  646
23  192  371
23  193  763
23  194  859
23  201  22
23  229  209
23  235  946
23  240  562,610
23  247  982
23  250  579
23  256  439
23  257  664,808
23  263  135
23  273  303,728
23  283  949
23  285  94,156,216,663,820
23  286  417,621
23  294  525
23  302  120,594
23  310  216,711
23  311  209,460
23  316  496
23  318  319
23  320  843
23  321  156
23  323  439
23  333  650
23  344  206,562
23  346  36
23  348  663
23  349  470,474,644
23  353  439
23  365  327,671
23  369  636
23  370  243,635
23  372  417
23  373  209,303,728
23  377  535
23  384  779
23  386  684
23  392  22,439,717,949
23  394  209
23  403  488,865
23  405  439
23  407  929
23  413  535,865
23  415  375
23  425  562
23  426  355,747
23  429  439
23  430  22
23  438  206,562
23  439  895
23  443  802
23  444  562
23  454  859
23  455  865
23  462  375
23  463  10
23  471  865
23  473  62
23  481  663,692
23  485  836
23  487  187
23  493  579,650
23  498  84
23  499  156,216,600,666,884
23  508  375
23  513  393,865,870
23  522  216
23  524  519
23  531  519,652
23  533  562,646
23  537  808
23  541  496
23  548  156
23  557  439,460,877
23  563  562
23  566  929
23  570  130
23  571  728
23  590  652
23  592  204
23  595  22,216
23  603  621
23  612  97,650
23  620  130,206,562
23  624  785
23  625  496
23  628  562
23  633  636,831
23  634  244,946
23  635  273
23  645  808
23  646  782
23  647  153
23  651  974
23  652  663
23  664  563
23  673  579
23  679  959
23  682  130,216
23  684  946
23  686  562
23  688  808
23  689  251
23  691  274,443,673
23  695  689
23  697  459
23  705  519
23  721  207,955
23  741  28,877
23  742  650
23  743  470
24  7  66
24  16  187
24  21  813
24  24  727,811
24  26  22
24  36  22
24  44  929
24  46  519
24  47  529
24  59  84
24  64  623
24  75  763
24  76  10,135,562
24  77  962
24  81  802
24  82  459
24  84  797
24  87  417,439
24  101  929
24  108  859
24  123  216
24  128  527,562
24  132  439
24  133  303,728,877
24  156  623,663,763,846,865
24  166  519
24  177  22
24  182  417,470,474,644
24  191  946
24  194  62,652
24  202  251,327,671
24  203  733,797
24  208  502
24  214  949
24  215  22
24  222  664
24  234  439
24  239  100,239
24  244  636,831
24  248  535
24  250  865
24  255  94,820
24  256  209
24  257  623,820,846
24  273  439
24  277  652
24  281  417,646,836
24  284  429
24  296  22
24  297  135
24  311  931
24  314  251
24  320  962
24  321  367
24  323  439,865
24  324  216
24  325  859
24  333  261,895
24  335  459,460
24  349  319,563
24  350  663
24  351  763
24  353  206,502,535,562,865
24  354  375
24  364  127,646
24  369  865
24  371  663
24  374  470
24  378  782
24  388  307
24  397  459
24  401  946
24  402  251
24  410  519,562
24  416  216,535,711
24  418  319
24  431  663,664
24  432  209
24  434  135
24  436  216
24  438  393,609,763,870
24  439  375,650,802
24  441  201,553,579
24  444  232
24  447  519
24  459  219
24  462  785
24  472  244
24  474  327,671
24  475  232
24  478  22,216,234,717,949
24  481  195,393
24  488  460
24  489  664
24  491  100,239
24  494  84
24  498  251,865
24  508  439,470
24  509  535,949
24  512  621
24  525  127
24  534  859
24  535  22,717,949
24  540  929,946
24  553  28,439
24  555  459
24  568  525,652
24  580  877
24  586  627
24  587  895
24  588  525
24  610  782
24  611  62
24  619  470
24  622  646
24  625  962
24  633  470
24  641  439
24  646  859
24  652  63,251,522,525
24  657  216,664
24  661  135
24  668  664,865
24  670  274,443,673
24  679  782
24  699  865
24  712  650,808
24  717  251,319,522,621
24  719  261,895
24  737  135,303,728
24  744  135
25  2  28,251,877
25  4  525
25  6  216
25  8  417
25  11  251
25  20  127,929
25  27  209
25  28  846
25  29  261,851
25  37  472,877
25  46  130,525
25  50  190,358,652,725
25  52  303,393,728,870
25  61  650
25  69  22,459
25  72  623
25  82  652,949
25  84  525
25  88  733
25  93  439
25  98  636,831,859
25  104  156
25  108  652
25  114  664
25  115  62
25  130  209
25  140  417
25  147  859
25  152  94,820
25  153  650
25  159  22,417
25  162  663
25  168  367,627
25  177  63,636,831
25  180  472
25  186  650
25  190  375
25  193  562
25  197  652,820
25  202  251
25  203  459
25  222  785
25  237  652,663
25  238  663
25  249  417
25  252  663
25  255  470,636,831
25  259  375
25  260  190,251,358,725,859
25  286  865
25  287  663
25  293  198,232,764
25  309  439,474,644
25  313  562
25  314  243,635
25  323  563
25  324  962
25  332  195,393,562
25  339  636,831
25  345  127
25  350  646
25  351  472,843
25  363  94,820
25  365  439
25  368  206,529,562,636,831
25  369  209
25  370  684
25  378  859
25  382  997
25  384  84
25  388  36,319
25  403  261,851,865
25  404  417
25  412  439
25  426  273
25  431  198,764
25  432  785
25  433  127
25  435  496,843
25  436  610
25  460  22,439,717,949
25  462  289
25  466  649,895
25  469  525
25  487  636,831
25  489  529
25  494  36,472,663
25  501  636,831
25  506  206,251,562
25  507  525,865
25  521  84
25  528  251
25  529  216
25  542  519
25  543  261,851
25  545  460
25  547  190,358,725
25  551  474,621,644
25  554  216,221,244
25  555  623
25  560  232
25  568  36
25  571  439
25  578  439,459
25  581  307
25  583  36,609
25  588  460
25  601  877
25  603  600,666,884
25  604  36
25  606  355,747,895
25  611  439
25  630  135,649
25  631  782
25  634  646
25  638  538,978
25  646  859,962
25  653  609
25  661  623,846
25  680  562
25  685  859
25  693  97
25  698  727,811
25  700  470
25  701  496
25  714  865
25  715  529
25  721  63
25  726  684
25  728  627
25  736  623,846
25  737  156
25  750  763
26  1  692
26  2  621
26  20  895
26  27  216,865
26  30  974
26  33  216,734
26  45  460
26  49  84
26  50  529
26  64  439
26  66  417,808
26  74  609
26  80  156
26  83  22
26  86  36,877
26  97  127,496
26  100  635
26  101  371
26  105  519
26  117  303,728
26  124  22,195,393,717,949
26  129  460
26  132  785
26  134  398
26  138  733,797
26  139  195,393
26  160  417
26  175  562
26  176  562
26  184  636,831
26  186  562,946
26  193  652,808
26  195  130,190,234,358,725
26  202  946
26  246  535,865,899
26  248  261,519,535,851
26  250  216
26  259  130
26  260  28,135,877
26  263  44,469,929
26  266  797
26  283  649
26  287  180,556
26  291  289,375,439
26  293  327,460,671
26  305  307,623,846
26  315  779
26  317  636,831
26  322  535,650
26  326  244
26  334  62,84,97
26  338  525
26  346  865
26  353  393,763,870
26  354  22,135,717,949
26  355  843,946
26  356  663
26  358  84
26  363  100,239
26  364  529
26  382  216,600,666
26  390  22,273,717,949
26  394  439,535
26  395  417
26  396  664
26  426  439,733,797
26  430  244
26  431  460
26  443  859
26  444  327,671
26  453  261,519,851
26  465  180,303,556,728,809
26  470  650
26  480  797
26  488  127,949
26  493  393,870
26  495  216
26  497  130
26  507  684
26  510  303,728
26  525  529,733
26  527  734
26  529  22
26  532  663
26  544  251,417
26  545  398
26  560  459
26  565  130
26  566  650
26  568  94,820
26  569  319
26  573  563
26  576  36
26  583  931
26  588  319,877
26  589  44,216,469
26  591  636,831
26  597  946
26  609  216
26  610  130,623
26  615  130
26  616  895
26  617  684
26  618  94,684,820
26  620  156
26  632  813,865
26  634  664
26  641  216
26  645  529
26  647  251
26  659  153
26  662  459
26  667  519,623
26  674  931
26  678  156
26  700  535,859
26  701  216
26  732  190,393,725,870
26  733  895
26  750  562
27  1  261,851
27  4  198,764
27  6  627
27  9  562
27  13  232,636,831
27  19  153
27  22  843
27  23  439
27  27  22,717,949
27  29  84,439
27  32  535
27  33  319,865
27  41  127,579,786,929
27  51  156,865
27  52  439
27  56  621,623,846
27  59  393,870
27  74  198,820
27  75  865
27  79  10,232
27  80  251,636,831
27  82  859
27  85  496
27  90  974
27  101  289
27  104  84
27  105  116
27  110  261,895
27  111  439
27  119  207,652,955
27  122  877
27  125  664
27  128  439
27  129  843
27  136  460
27  138  261,851
27  145  146,527
27  147  439
27  152  22,371,717,949
27  167  232
27  182  97
27  185  535,865
27  190  439
27  192  97,289
27  193  22,460
27  195  650
27  201  63
27  209  216
27  210  692
27  219  216
27  223  156
27  229  62
27  233  664
27  237  204
27  247  216,307,652
27  251  636,831
27  255  949
27  262  206,562
27  263  496
27  264  865
27  270  156
27  271  865
27  272  206,562
27  292  209
27  295  130
27  301  627
27  307  785
27  320  802
27  325  393,870
27  336  865
27  343  28,877
27  347  84,623,846
27  358  982
27  361  62
27  363  899
27  365  865
27  371  439
27  374  487
27  379  538,978
27  386  84,94,636,820,831
27  387  36,319,859
27  388  472,727,811
27  392  865
27  403  216
27  407  22,717,949
27  411  232,535
27  412  22,717,865,949
27  427  22,439
27  428  398
27  436  652
27  442  646
27  468  650
27  471  198,764
27  474  439,459
27  480  472
27  493  375
27  506  153
27  516  663
27  521  646
27  523  650
27  535  303,422,728
27  536  535
27  537  198,820,865
27  553  417
27  555  180,195,393,809
27  573  684
27  575  135,216
27  588  171,982
27  595  563
27  597  877
27  598  562,949
27  599  646
27  605  859
27  608  36,684
27  609  187
27  610  859
27  612  636,782,831
27  623  187
27  628  22
27  633  319
27  639  562
27  642  273
27  653  198,375,820
27  657  621
27  669  439
27  670  62,808
27  691  627
27  694  865
27  705  195,393,460
27  706  733
27  710  733
27  713  496
27  719  439
27  728  562
27  729  808
27  730  636,831
27  731  519
27  741  180,556
28  2  62
28  7  22,717,865,949
28  9  273
28  11  650
28  14  895
28  22  563
28  34  865
28  44  251,522,877
28  58  36
28  62  22,717,949
28  69  209,962
28  70  929
28  72  22,717,949
28  76  156
28  77  201,553,579
28  99  522
28  101  63,733,797
28  102  974,982
28  106  417,877
28  114  439
28  116  519
28  117  538,978
28  143  439
28  149  763
28  151  216,711
28  157  895
28  160  562,663
28  167  22,459,717,949
28  173  22
28  175  327,671
28  177  375
28  179  209
28  180  319,371
28  185  251
28  191  621
28  193  439
28  197  579,786
28  200  417
28  204  650
28  223  251
28  227  195,216,393,711
28  231  206,562
28  239  97
28  240  289,931
28  245  398
28  246  153,877
28  250  251,522
28  253  692
28  262  393,870
28  264  156
28  278  234,371
28  279  216
28  281  652
28  282  949
28  284  371
28  298  303,728
28  302  439
28  303  130
28  310  94,820
28  317  251
28  326  650
28  331  216,393,711,870
28  344  946
28  355  877,895
28  386  470,636,831
28  391  535
28  397  652
28  400  663
28  403  460
28  414  206,562
28  417  204
28  432  859
28  447  195
28  450  650
28  458  319
28  462  22,303,717,728,949
28  463  171,982
28  466  802
28  469  529
28  472  221
28  473  398
28  474  459
28  488  470
28  504  470
28  507  623,663,846
28  509  836
28  521  439
28  531  244
28  537  813
28  538  36,459
28  549  734,865
28  559  865
28  566  156
28  572  439
28  576  727,811
28  578  216,470
28  579  859
28  583  929,997
28  586  156,949
28  604  216,711
28  607  623,846
28  618  470
28  619  627
28  624  459
28  625  472
28  627  843
28  631  439
28  633  779,813,865
28  635  127
28  636  187
28  660  171,982
28  665  962
28  669  219
28  672  664,734
28  674  327,671
28  676  36,525
28  679  519
28  714  206,562
28  722  946
28  730  371
28  731  195,393,562
28  735  808
28  737  439
28  743  303,728
28  747  929
29  14  610,663
29  16  36
29  17  63
29  24  216
29  29  234
29  33  439
29  34  496
29  37  135,525
29  38  502
29  39  209,649
29  49  135,877
29  57  375
29  58  319
29  62  460
29  70  525
29  73  623
29  91  808
29  99  207,955
29  110  146
29  116  663,865
29  117  627
29  131  261,851
29  133  459
29  135  460
29  139  251,663
29  140  797
29  142  808
29  147  439
29  157  127,209
29  162  946
29  171  22
29  172  562
29  179  171,535,982
29  182  563,865
29  202  519
29  207  273
29  208  563
29  212  22,717,949
29  238  460
29  239  355,747
29  248  195,393
29  253  116,859
29  255  195,393
29  256  156,652
29  257  171,319,982
29  258  535
29  267  140,525
29  268  865
29  269  562
29  273  439
29  276  562,865
29  288  130
29  297  439
29  305  232
29  307  22,717,949
29  312  22,63,519,717,949
29  321  327,393,671,870
29  329  417
29  334  62
29  342  911
29  343  763
29  352  204
29  359  22
29  373  439
29  395  439
29  399  135
29  400  474,644
29  401  216,375,877
29  403  156
29  407  496
29  408  859
29  418  496
29  419  221
29  421  216
29  423  439
29  429  439
29  441  669
29  449  470
29  451  650
29  453  206,562
29  455  327,671
29  467  865
29  470  636,831
29  473  519
29  475  216
29  479  496,663
29  481  649
29  494  216
29  497  899
29  504  650
29  507  650
29  509  130
29  520  146,527
29  524  261,802,895
29  525  97,519
29  527  146,527
29  531  859
29  547  251
29  548  663
29  550  204
29  558  22
29  562  663
29  564  94,488,820,865
29  568  949
29  569  156
29  575  22,717,949
29  579  962
29  582  143
29  595  609
29  599  130,646
29  601  398
29  602  251
29  606  153,273
29  609  204
29  614  216,244
29  615  156
29  619  472
29  621  127,234,460
29  630  865
29  650  877
29  657  130
29  669  636,831
29  672  153,319,877,997
29  676  398
29  677  216
29  680  153
29  684  877
29  688  422,650
29  689  865
29  695  519
29  699  195,393
29  706  232
29  708  519
29  713  10
29  719  460
29  731  251
29  733  63,802
29  735  36,62
29  749  216
30  1  398
30  6  22,717,899,949
30  8  636,831
30  9  153
30  12  525,895
30  13  929
30  14  367
30  32  460
30  33  865
30  34  519
30  38  439
30  54  10
30  58  153
30  59  251
30  65  22
30  90  216
30  94  877
30  116  190,358,725
30  119  62,877
30  125  94,579,727,811,820
30  130  216
30  132  929
30  133  127,307,439,763
30  139  10,684,843
30  143  623
30  146  84
30  147  865
30  149  303,355,728,747
30  151  198,273,820
30  152  646
30  157  911
30  161  946
30  163  459
30  165  538,664,978
30  174  460
30  175  22
30  196  28,877
30  199  63
30  212  216,711
30  218  273
30  237  251
30  239  273,487
30  251  153,216,663
30  252  206,562
30  257  843
30  258  327,671,877
30  260  130
30  267  650
30  270  439
30  284  28,156
30  304  519,717
30  310  319
30  314  97,207,955
30  318  209
30  321  251
30  326  929
30  328  216,711
30  329  319
30  335  44,146,469
30  343  652
30  344  251
30  357  206,562
30  359  251,820
30  364  684
30  368  663,962
30  369  496,663
30  371  474,644
30  377  982
30  378  962
30  384  261,851
30  385  459
30  399  470
30  401  135
30  420  153
30  422  529
30  426  94,820,865
30  429  502
30  433  127,859
30  446  66
30  457  439
30  462  439
30  473  195,393,470
30  475  153
30  482  439
30  485  289
30  501  865
30  502  650
30  503  84
30  519  650
30  521  666,884
30  525  195,393
30  527  646
30  529  22,717,949
30  534  367,865
30  535  929
30  537  97,459
30  542  232
30  551  562,563
30  553  636,831
30  555  153
30  567  652
30  571  865
30  580  130,190,358,439,725
30  581  627
30  585  303,728,782
30  587  802
30  590  865
30  592  621
30  606  664,802
30  613  251
30  619  156
30  620  664
30  623  417
30  638  439
30  646  201,553,579
30  648  130
30  651  663
30  665  417,563
30  667  209
30  672  204
30  673  187
30  674  251
30  675  146,261,527,895
30  691  219
30  692  650
30  697  865
30  699  127,877
30  702  519
30  714  646
30  726  251
30  736  130
30  737  216
30  740  22,393,717,870,949
30  743  84,474,644
31  1  135,652
31  7  663,949
31  10  439,946
31  25  100,239
31  57  84,127,307
31  59  63
31  66  320,655
31  67  216,393,711,870
31  71  289,627
31  72  180,556,809
31  75  22,251,717,949
31  79  485
31  80  797
31  96  579,786
31  108  962
31  112  375,802
31  114  319,865
31  117  529
31  123  22,717,865,949
31  129  895
31  131  398
31  135  636,831
31  138  538,978
31  139  320,655
31  158  982
31  160  232
31  164  327,417,671
31  170  650
31  171  171,982
31  182  130
31  192  195,393
31  194  460
31  195  535,802,859
31  196  22,535,717,949
31  202  369
31  208  243,635
31  209  375
31  213  201,553,579
31  214  865
31  228  843
31  229  525
31  234  84
31  237  439
31  240  929
31  247  487
31  263  671,831
31  265  877
31  273  422
31  274  393,870
31  282  649
31  283  733,797
31  296  663
31  306  623
31  316  130,289
31  317  646
31  319  44,469
31  326  929
31  330  664
31  340  562
31  343  135,320,655
31  346  36
31  353  562
31  356  319
31  361  22,459
31  362  28,538,877,978
31  370  785
31  373  439
31  386  538,978
31  387  529
31  390  470
31  392  460
31  394  130
31  407  538,978
31  420  204
31  424  865
31  429  865
31  443  820
31  444  22
31  451  303,728
31  460  865
31  471  251
31  485  84
31  493  135,439,859
31  503  216,398,439,496
31  521  369
31  522  22,717,949
31  526  684
31  543  439
31  549  10
31  554  22,525,717,949
31  561  529
31  564  459
31  567  171,982
31  569  171,460,982
31  571  797
31  587  652
31  599  127
31  608  636,831
31  610  180,307,422,556,809
31  611  663
31  612  859
31  615  209
31  635  813
31  636  216,650
31  637  664
31  643  216,646
31  647  562
31  653  135
31  660  63,204
31  663  130,859
31  666  369,623,846
31  668  865
31  669  621
31  672  251,522,727,811
31  673  216
31  675  198,439,764
31  676  808
31  677  22,717,949
31  678  251,417
31  679  143
31  707  135,684
31  719  460
31  724  28
31  725  459
31  730  206,327,562,650,671
31  744  460
32  1  251
32  3  959
32  7  459
32  8  865
32  11  470
32  22  307
32  31  579,786
32  34  209
32  36  100,239
32  49  303,728
32  52  652
32  53  459
32  56  865
32  67  63
32  73  684
32  88  97
32  91  369
32  93  22
32  94  808
32  98  22,535,717,949
32  100  529
32  102  216,375
32  103  22,627,717,949
32  122  877
32  124  209
32  126  692
32  132  664
32  136  562
32  137  251
32  143  664
32  145  198,727,764,811
32  147  84
32  148  180,556,809
32  149  273
32  152  470
32  158  636,831
32  164  562
32  184  84
32  186  116,877
32  194  261,851
32  195  204
32  209  734
32  224  156,865
32  225  562
32  230  488,728,865,962
32  252  949
32  266  877
32  281  664
32  292  439,652
32  302  307,562
32  311  535
32  320  669
32  321  63
32  324  22,36,717,949
32  329  439
32  333  459
32  339  487
32  343  562
32  344  198,764
32  351  232,895
32  368  393,664,870
32  373  153
32  374  734
32  378  190,358,439,627,725
32  397  496
32  408  439
32  411  195,393
32  417  627
32  421  28,877
32  427  865
32  432  417
32  435  130,303,728
32  441  251
32  443  646
32  451  439
32  453  393
32  456  232
32  458  663
32  459  22,525,717,949
32  460  763
32  461  22,327,671,717,949
32  467  216
32  472  865
32  480  63
32  483  393,610,870
32  488  649
32  491  398
32  499  251
32  504  459
32  508  261,851,865
32  510  439
32  524  198,764,877
32  539  190,358,725
32  542  244,650
32  548  663
32  552  209,946
32  554  655
32  557  865
32  565  525
32  566  22,717,949
32  567  664
32  572  649,877
32  575  636,831
32  578  36
32  581  439,529,535
32  587  538,978
32  593  962
32  595  22,717,949
32  596  600,666,884
32  600  195,393,519
32  603  439
32  610  962
32  612  273,962
32  614  519
32  619  156,251
32  622  439,646
32  627  375,557,982
32  631  962
32  641  232
32  647  130,519
32  651  621,763
32  657  127,171,219,327,562,671,982
32  661  472
32  664  646
32  671  472
32  679  195,393
32  694  100,239,623,846,865
32  697  650
32  701  130
32  703  135,820
32  704  439
32  716  684
32  724  171,982
32  727  439
32  728  153,535
32  733  562
32  736  84,216,711
32  744  358,646,725
32  745  439
33  15  190,358,725,802
33  25  646
33  29  865
33  35  97,398
33  36  991,997
33  37  663
33  39  535
33  58  204
33  65  135
33  70  650
33  79  650
33  80  100,239
33  85  636,831
33  86  785
33  89  652
33  97  646
33  108  529
33  109  439
33  129  802
33  161  877
33  163  209,579,786
33  166  251,273,522
33  169  859
33  172  307
33  173  303,877
33  174  650
33  175  519
33  185  529
33  189  502
33  197  36
33  201  535
33  202  877
33  216  63,130
33  220  663
33  235  393,870
33  237  28,877
33  238  156,261,851
33  246  204,763
33  250  519
33  257  319,727,811
33  269  22
33  272  393,870
33  277  562
33  288  470
33  289  22,717,949
33  292  130
33  294  209,652
33  301  529
33  310  251,470
33  332  664
33  348  664
33  349  636,831
33  357  327,671
33  358  36,62,802
33  364  652
33  366  579,786
33  370  209
33  371  36
33  380  627
33  387  209
33  388  143
33  391  808
33  394  393,870
33  397  130
33  406  22,717,949
33  407  36,130
33  408  962
33  424  797
33  425  22,797
33  432  251,307
33  436  22,244,367,650,717,949
33  437  459
33  446  251
33  448  195,393
33  463  204
33  495  171,877,982
33  520  627,802
33  526  734
33  527  652
33  535  439
33  538  198,764
33  546  460
33  556  135
33  559  664
33  569  459
33  582  439
33  587  911
33  591  865
33  603  652,865
33  608  216
33  611  204
33  615  535
33  622  393,538,865,870,978
33  631  439
33  635  327,671,779
33  649  22,717,949
33  651  529
33  654  652
33  656  22,717,949
33  667  180,556,809,843
33  671  562
33  679  859
33  682  646
33  687  636,831
33  691  692
33  694  646
33  695  627
33  705  251
33  710  97
33  714  63,843
33  724  646
33  728  319
33  729  100,239
33  743  62,859
33  744  232
33  748  609
34  22  763
34  28  216,711,877
34  35  146,527,652
34  37  22,946
34  55  22
34  56  877
34  61  529
34  63  636,664,831
34  69  201,535,553,579
34  93  636,831
34  95  22,187,717,949
34  97  10
34  100  130
34  102  244
34  111  439
34  114  865
34  120  84
34  128  579,786
34  133  195,320,393,459,655
34  134  763,785
34  144  439
34  148  865
34  156  802
34  173  234
34  175  663
34  190  865
34  213  669,865
34  215  36
34  226  649
34  233  664,727,811
34  234  204
34  245  650
34  252  320,655
34  257  802
34  262  94,820
34  266  727,811
34  270  529,865
34  277  171,982
34  282  127
34  284  232
34  285  22,251,949
34  287  135,663
34  292  865
34  294  535
34  295  459
34  296  36
34  306  62,187
34  315  398
34  325  460
34  329  865
34  343  22
34  344  646,733,797,877
34  347  216,711
34  348  417
34  349  496
34  353  991,997
34  361  63
34  363  727,811
34  373  865
34  389  319
34  396  319
34  399  650
34  402  327,671
34  408  865
34  410  22
34  416  417
34  434  652
34  436  646
34  439  649
34  464  97
34  467  156
34  471  460
34  473  627
34  476  562
34  489  439
34  502  393,870
34  515  946
34  518  460
34  520  529,911
34  524  911
34  534  140
34  548  627
34  553  865
34  556  877
34  558  36
34  586  865
34  587  931
34  589  84
34  598  949
34  602  375
34  606  36
34  609  439
34  610  663,669
34  614  206,562
34  624  439
34  625  201,474,553,579,644
34  626  243,635,946
34  628  439,779
34  632  22,717,949
34  633  727
34  645  439
34  647  535
34  648  684
34  662  44,375,469
34  663  797
34  675  460
34  679  962
34  680  198,650,764
34  693  327,671
34  695  959
34  704  865
34  705  785
34  709  439
34  710  251,460,522
34  711  204
34  716  156,609
34  719  261,865
34  722  398
34  730  460
34  737  865
34  743  439,962
34  745  201,553,579
34  747  130,307
35  1  22,171,717,949,982
35  3  490
35  4  946
35  8  243,635
35  20  802
35  34  195,393,535,808
35  48  375
35  57  36
35  59  261,851
35  68  251
35  77  669
35  90  664
35  102  190,358,725
35  104  636,831
35  122  529
35  125  734
35  126  931
35  127  393,870
35  128  198,764
35  131  621,779
35  143  865
35  144  459
35  148  627
35  151  398
35  153  877
35  158  621,813
35  161  22,535,717,949
35  172  865
35  173  273
35  175  22,717,899,949
35  191  636,831
35  193  865
35  195  62,911
35  208  684
35  211  663
35  213  843
35  219  22,717,949
35  221  865
35  237  417
35  242  22,717,865,949
35  247  22,143
35  249  22,439,717,949
35  250  929
35  253  319
35  262  652
35  269  216,470,711
35  273  865
35  278  669
35  284  865
35  286  843
35  289  562
35  302  865
35  303  439,949
35  306  180,556,809
35  310  646
35  311  636,652,831
35  313  130,808
35  322  244,636,779,831
35  324  669
35  334  234
35  335  198,764
35  349  130
35  351  802
35  354  808
35  355  802,865
35  369  22,717,949
35  370  393,870
35  371  327,417,671
35  373  636,831
35  375  393,870
35  380  234,398
35  384  684
35  386  62
35  391  727,811
35  394  63,460,865
35  399  650
35  403  143,663
35  405  63
35  412  650
35  423  127,190,358,725
35  437  663,949
35  441  327,671
35  444  663
35  449  251,303,728
35  450  251
35  451  808
35  452  28,877
35  473  797
35  474  627,785,949
35  476  529
35  477  216
35  479  130
35  482  865
35  489  153
35  494  375
35  497  127
35  502  621
35  521  375
35  524  664
35  526  10
35  540  417,877
35  548  813
35  549  865
35  557  261,851
35  562  232
35  563  84,216,417
35  564  216
35  566  232
35  572  156,650
35  575  650
35  578  127
35  579  251,522
35  582  865
35  585  439
35  596  273
35  597  153
35  598  22
35  611  663,734
35  612  244
35  616  802
35  619  663
35  620  251
35  622  216
35  623  398
35  629  650,802
35  634  22,251,949
35  635  251
35  650  180,556,809
35  676  36
35  677  636,831
35  679  201,553,579
35  686  663
35  688  398
35  694  865
35  698  865
35  701  525
35  703  327,671
35  708  135,195,393,865
35  716  459
35  725  113
35  727  865
35  736  209
35  739  207,955
35  742  261,327,671,851
35  743  563
35  746  180,556,809
36  1  195,393
36  11  171,982
36  12  307
36  13  650,808
36  14  135
36  16  562
36  18  22
36  22  802
36  28  195,289,393
36  35  273,600,666,884
36  36  627
36  40  22,135
36  41  417
36  44  439
36  46  171,982
36  51  62
36  58  496
36  59  535
36  63  97
36  66  865
36  69  22,717,949
36  75  562
36  76  261,851
36  85  130
36  101  140,232
36  104  519
36  106  650,663
36  122  251,522,785
36  128  216,273,621,711
36  137  650
36  138  327,671,877
36  141  398,529
36  148  843
36  152  877
36  169  962
36  173  439
36  175  307
36  176  895
36  179  195,393
36  181  636,831
36  191  650
36  192  877
36  198  646
36  205  502
36  207  652
36  211  130,727,811,831
36  217  439
36  221  692
36  222  562
36  224  367
36  225  146,527
36  230  865
36  234  623,846,865
36  235  303,728
36  238  899
36  240  140
36  251  135,204
36  255  563,646
36  260  367
36  270  375,600,666,884
36  276  22
36  288  135
36  289  251
36  293  84,127
36  302  22,797
36  308  274,443,579,673
36  325  261,851
36  329  663
36  337  535
36  338  375
36  339  734
36  340  195,393
36  341  808
36  345  36
36  350  206,562
36  361  529
36  363  36,646
36  367  232
36  378  669
36  387  244
36  421  156
36  428  130
36  433  843
36  442  36
36  443  911
36  450  652
36  451  865
36  452  319,375
36  454  525
36  457  127
36  484  470
36  494  62
36  495  663
36  506  204,877
36  523  327
36  533  877
36  544  22
36  548  621
36  551  22
36  556  207,955
36  560  525
36  571  650
36  576  63
36  582  63,251,522
36  591  650
36  592  562
36  596  216
36  608  22,216
36  611  650
36  616  911
36  620  63,84
36  641  865
36  642  62
36  645  232
36  648  187,261,851
36  656  652
36  659  216
36  667  393,870
36  681  621
36  683  600,650,666,884
36  685  962
36  690  502
36  693  649
36  715  398,843
36  730  261,289,627,851
36  736  877
36  748  663,779
37  8  84
37  14  802
37  16  22
37  19  562
37  28  94,820
37  30  327,671
37  38  865,991,997
37  48  727,811
37  54  663
37  62  646
37  83  135,439
37  84  171,216,982
37  95  130
37  97  877
37  104  797
37  112  911
37  120  135,303,728
37  125  244
37  131  367,636,831
37  136  899
37  139  22,538,808,978
37  147  650,664
37  149  865
37  161  865
37  177  369
37  184  62
37  202  36,650
37  205  22,717,949
37  211  562
37  214  535
37  222  417
37  229  303,728
37  237  865
37  241  22,244,717,949
37  243  733,797
37  253  398
37  263  130,865
37  270  135
37  273  865
37  279  130
37  281  234
37  282  36
37  284  251,843
37  285  22
37  291  865
37  300  439
37  301  470
37  305  244
37  332  251,522,646
37  338  251
37  340  439
37  341  135
37  351  130,562
37  366  190,358,725
37  368  201,553,579
37  370  63,135
37  377  664,813
37  378  529
37  393  535
37  414  219
37  417  439
37  418  130,535
37  423  127
37  426  470,563
37  432  216
37  433  417
37  434  802
37  456  187,865
37  462  865,877
37  464  273
37  470  84
37  473  207,244,439,955
37  474  865
37  475  22,204,717,949
37  480  474,644
37  487  62,649
37  499  417
37  507  650
37  514  734
37  516  319,646,843,899
37  522  216,319,711
37  530  327,671
37  534  843,950,983
37  540  623,846
37  546  135,636,831
37  547  156,865
37  552  535
37  553  865
37  561  84,519,529
37  563  209
37  564  130
37  566  127,244,460
37  568  470
37  572  865
37  592  22,650
37  596  22,127,717,949
37  597  204,727,811
37  598  649
37  606  797
37  607  393,439,870
37  609  535
37  614  393,870
37  625  563
37  627  135
37  631  865
37  634  650
37  650  10
37  653  650
37  659  190,358,725
37  661  650
37  671  153
37  674  63
37  680  204,460
37  683  22
37  692  439
37  696  135,865
37  697  946
37  700  636,831
37  716  949
37  723  243,525,635
37  725  63
37  735  206,562
37  739  439
37  741  982
37  745  439,865
38  2  538,978
38  5  207,439,955
38  27  84
38  33  187,195,393
38  37  502
38  38  393,870
38  45  649
38  46  529
38  49  195
38  58  459,646
38  59  398
38  70  785
38  73  22,62,652,717,949
38  89  623,846
38  94  36
38  97  130,320,655,692
38  124  535
38  127  459
38  131  320,655
38  133  529
38  134  911
38  150  303,728
38  152  289
38  153  650
38  155  865
38  156  562
38  163  621
38  164  22
38  169  201,439,553,579,899
38  172  538,978
38  176  22
38  180  627
38  183  496
38  187  135
38  203  865
38  205  243,635
38  207  63
38  209  171,982
38  225  127,198,764
38  228  895
38  229  171,439,535,982
38  231  244
38  240  367
38  276  843
38  278  63
38  289  22
38  294  22,717,949
38  296  187
38  310  727,811
38  312  865
38  327  130
38  328  22,717,949
38  332  22
38  340  171,198,820,982
38  341  562
38  342  650,727,811
38  345  663
38  351  130
38  362  156
38  366  621
38  367  470
38  368  650,669
38  371  865
38  372  650
38  375  22,63,717,949
38  405  865
38  415  135
38  420  808
38  421  650
38  430  22,652
38  437  877
38  447  22
38  449  439
38  455  663
38  456  727,811,865
38  476  636,831
38  485  865
38  486  274,443,673,865
38  489  216
38  491  646
38  500  417,439
38  502  865
38  504  369
38  514  10
38  517  22,717,949
38  531  130,579
38  535  417
38  548  63
38  553  650
38  561  206,562
38  563  535,779
38  569  84,327,671
38  578  307
38  579  201,553,579
38  580  663,865
38  585  859
38  599  911
38  606  911
38  608  664
38  612  669
38  619  36
38  621  474,644
38  622  198,820,865
38  623  439
38  626  156,946
38  627  813,911
38  630  843
38  641  439
38  657  22
38  658  190,358,417,725
38  659  22,717,949
38  662  327,671
38  669  808
38  670  28,877
38  671  204,422
38  674  808
38  685  201,553,579
38  690  621
38  692  865
38  701  22,127,717,949
38  707  623,663,846
38  721  600,666,884
38  724  865
38  725  579,786
38  728  204,865
38  743  535,865
38  746  273
38  749  22,251,717,949
39  10  865
39  19  22
39  21  439
39  22  367,652
39  26  650,734
39  29  28,877
39  30  251
39  31  216,711
39  37  877
39  45  261,851
39  47  130
39  48  135,195,393
39  52  135
39  54  652
39  58  135
39  61  646
39  62  529
39  63  251,522
39  64  865
39  78  22,717,949
39  91  127
39  97  207,663,955
39  99  116
39  102  813,877
39  105  63,127,579,786
39  107  393,870
39  108  244,669
39  111  130,663,865
39  119  727
39  125  811
39  126  135,627
39  128  733,797
39  136  22,949
39  138  663
39  143  646
39  148  652,763
39  150  439
39  157  535,808
39  161  797
39  165  802
39  167  209
39  174  62,663
39  176  802
39  187  865
39  202  130
39  206  535
39  217  135,190,358,725
39  218  535
39  228  802
39  230  859
39  231  393,870
39  239  734
39  241  649
39  243  562
39  244  393,870
39  245  865
39  247  135,734
39  251  650
39  261  22,650,717,949
39  264  636,831
39  268  22
39  273  623,846
39  279  216
39  280  319
39  287  320,655
39  298  627
39  299  877
39  304  877
39  314  417
39  322  127,650
39  328  273
39  331  63
39  333  171
39  336  417
39  343  22
39  350  727,811
39  351  911
39  357  459,652
39  364  127
39  372  439
39  374  10
39  376  650
39  382  621,865
39  397  232,422
39  399  460
39  402  190,358,725
39  408  669
39  424  28,877
39  434  538,911,978
39  435  439,802
39  438  562
39  443  369,519
39  452  319
39  463  251
39  465  439
39  478  652
39  503  636,831
39  505  207,216,711,955
39  507  623,846
39  511  216,502,711
39  512  22,684,717,877,949
39  521  563,865
39  535  865
39  552  650
39  553  877
39  557  232
39  566  652
39  572  251,398
39  578  865
39  581  865
39  585  949,962
39  586  649
39  588  261,417,851
39  589  204,859
39  607  216
39  608  865
39  619  692
39  623  865
39  626  609
39  638  650
39  654  535
39  665  201,553,579
39  675  460
39  686  859
39  687  22,650,717,949
39  690  663
39  696  652
39  700  797
39  702  877
39  704  865
39  705  22,470
39  706  22
39  707  187,216,711
39  709  865
39  714  251
39  723  470
39  729  652
39  731  153
39  736  535
39  749  204
40  5  865
40  8  460
40  11  502
40  12  802
40  14  459
40  34  130
40  44  535
40  47  243,635
40  49  439,459
40  50  529
40  53  865
40  57  62,135
40  67  556,809
40  70  116,261
40  79  417
40  82  459,649
40  95  216
40  105  621
40  107  63
40  110  198,764
40  133  650
40  134  562
40  145  127
40  149  562
40  151  865
40  153  28,877
40  155  190,358,725,865
40  160  204
40  164  470
40  167  10,535
40  169  261,851,865
40  170  579
40  174  261,851
40  176  911
40  180  646
40  190  135
40  197  621
40  202  22,460
40  203  22
40  207  439
40  214  946
40  221  274,443,673
40  223  251
40  228  460
40  229  243,635,865
40  231  63,627
40  233  802
40  235  63,439
40  249  865
40  250  195,393
40  252  649
40  255  171,982
40  256  251,563
40  259  135,535
40  262  180,556,809
40  263  664
40  264  797
40  270  135
40  271  529
40  279  929
40  282  439,650
40  297  859,865
40  300  865
40  301  127,646
40  309  563,865
40  327  187,627
40  333  949
40  338  135,636,831
40  340  535
40  341  22,63,627
40  347  62
40  369  535
40  383  865
40  385  130
40  387  535
40  396  439
40  402  877
40  417  529
40  429  663
40  432  663
40  435  911
40  437  187,649,820
40  438  63,327,671
40  441  646
40  444  251,899
40  445  375
40  452  135,865
40  464  733,797,946
40  472  417
40  473  529
40  477  974
40  483  367
40  489  204
40  493  135
40  503  650
40  507  216,398,711
40  517  649
40  528  877
40  529  22,289
40  533  22,717,949
40  540  244
40  541  22,717,949
40  542  195,393,865
40  561  62,870
40  575  529
40  584  22,562,717,949
40  585  669
40  593  201,553,579
40  594  251
40  595  808
40  602  650
40  604  393,439,870
40  608  652
40  615  251,929
40  617  234
40  628  865
40  629  474,644,911
40  638  865
40  645  865
40  647  22
40  655  261,470,851
40  656  733
40  659  204
40  665  417,669,959
40  666  627
40  667  535,663,911
40  669  646,650,797
40  670  84,652
40  690  156,820
40  707  234
40  709  563
40  713  130
40  722  865,877
40  726  535
40  730  140,529
40  732  652
40  735  393,870
40  739  865
