1  2  801
1  6  290
1  7  329
1  20  516,596
1  22  650
1  23  232,959
1  25  522
1  26  28,877
1  29  290
1  31  931
1  32  206,562
1  36  692
1  40  319
1  47  519
1  48  801
1  49  319,519
1  52  519
1  66  562
1  69  22,789
1  73  997
1  82  646
1  83  519
1  102  519
1  112  782
1  116  522
1  129  663,801
1  132  519
1  133  801
1  136  692
1  139  22,219,802,957
1  140  490
1  150  409
1  163  22,300
1  165  156
1  186  997
1  187  663
1  191  946
1  200  957
1  201  646
1  210  782,997
1  211  357,663
1  231  646,899
1  242  470
1  246  320,655
1  253  28,519,877
1  254  329,936
1  261  109,782
1  273  290,808,946
1  276  522,525
1  280  319,839
1  288  899
1  289  782
1  294  519
1  308  663,692
1  319  801
1  327  519
1  330  519,522
1  334  692,959
1  338  782
1  348  519
1  364  692
1  376  808
1  389  490,997
1  403  300,470
1  407  519
1  443  290
1  445  22
1  446  470,801
1  449  997
1  461  801
1  465  663
1  477  650
1  486  621
1  490  663
1  527  28,411,454,877
1  528  519
1  529  329,936
1  537  320,655
1  545  66,782
1  549  519,801
1  567  320,655,782
1  569  502
1  570  290,946
1  574  600,666,884
1  581  22
1  585  207,808,955
1  589  519
1  591  692
1  597  679
1  598  28,877
1  604  519
1  605  519,782
1  627  802
1  629  357
1  630  274,443,470,673
1  634  156,207,955
1  641  319,519
1  659  429
1  664  529,646
1  667  28,525,877
1  670  646
1  677  290
1  693  801
1  699  470
1  709  663
1  710  28,877
1  724  801
1  728  487,801
1  740  519
1  746  519
2  1  232,490
2  4  519
2  11  28,519,877
2  20  454,722
2  23  663
2  30  692
2  35  409
2  39  319
2  42  28,109,877
2  45  127
2  47  127
2  59  290
2  72  997
2  79  663
2  80  646
2  82  487,734
2  85  808
2  91  782,808
2  93  409,522
2  106  646
2  108  206,562
2  114  959
2  120  899
2  137  519
2  139  502
2  157  22
2  163  502,519
2  196  522
2  202  393,870
2  206  525
2  208  646
2  209  519
2  210  684
2  214  519,522,877
2  228  319
2  230  22
2  231  367,600,666,884
2  238  409
2  241  502
2  253  519
2  259  692,801
2  266  946
2  279  801
2  290  739
2  293  646
2  300  411,454,789
2  301  363,957
2  302  470
2  305  357
2  310  739
2  315  529
2  323  109,519
2  331  319
2  333  28,877
2  349  579
2  371  529
2  372  519,663
2  373  409,808
2  385  529
2  408  140
2  423  519,997
2  425  519
2  438  28,409,877
2  456  221,802
2  464  692
2  472  44,469,692
2  473  300,470
2  474  997
2  475  156
2  480  409
2  481  519
2  486  393,870,997
2  494  319
2  503  679
2  504  274,443,673
2  507  802
2  529  679
2  554  156,290
2  561  516,596,801
2  570  725
2  574  519,646
2  585  371,529
2  609  801
2  616  899
2  619  519
2  635  789
2  644  195,393
2  646  319,327,671
2  657  207,487,955
2  666  946
2  675  263,502
2  682  646
2  692  663
2  696  470,646
2  702  522,782
2  721  692
2  734  393,870
2  735  808
3  1  393,663,870
3  4  835
3  24  522
3  28  525,621
3  38  109
3  41  22
3  68  319
3  72  957
3  74  646
3  82  519
3  88  375,409
3  92  487
3  101  663
3  103  22,409
3  109  319,621,997
3  112  519
3  114  663,808
3  120  600,666,884
3  141  140
3  154  801
3  161  808
3  165  251
3  167  319
3  172  519
3  183  22,646,692
3  189  519
3  212  290
3  213  519,997
3  238  371,782
3  240  28,877
3  244  808
3  245  789
3  247  140
3  252  802
3  254  234
3  262  692
3  264  502
3  284  782
3  302  802
3  306  957
3  307  409
3  308  943
3  324  739
3  327  367
3  351  207,955
3  371  663,802
3  383  646
3  393  22,562
3  408  156
3  410  957
3  420  329,936
3  424  290
3  436  66,519,802
3  438  263
3  443  519
3  445  782
3  451  44,469
3  465  140,943
3  467  28,877
3  481  263,835
3  486  684
3  503  116
3  505  300
3  516  319,801
3  521  646,782
3  528  946
3  529  808
3  545  207,955,962
3  554  997
3  566  519
3  567  962
3  571  519
3  576  522
3  580  663
3  588  369
3  594  946
3  598  263
3  601  319
3  651  899
3  653  663,789
3  656  66
3  665  329,487,936
3  695  522
3  702  207,955
3  705  802
3  708  519
3  717  646
3  727  519
4  1  206,562
4  3  393,870
4  40  22
4  48  522
4  53  516,596
4  60  782,808
4  64  319
4  66  22,28,877
4  71  692
4  73  684
4  76  44,469,802
4  79  234
4  82  127
4  89  692
4  101  319,808,943
4  102  835
4  118  470
4  121  357,502,522
4  129  692
4  136  156
4  142  519
4  155  290
4  159  290
4  169  519
4  173  140,320,655,997
4  177  522
4  184  522
4  187  516,596
4  191  300
4  203  290
4  204  357
4  212  519
4  233  207,955
4  239  28,519,877
4  242  319
4  253  263
4  258  522
4  259  502
4  273  725
4  274  66
4  275  319
4  284  962
4  285  502
4  296  300,562
4  300  789
4  308  727,811
4  312  519
4  314  522
4  321  319
4  337  519
4  338  962
4  345  519
4  348  127,522
4  349  300
4  383  319,409
4  394  646
4  397  216
4  415  519
4  426  516,596,782
4  427  789,946
4  437  802
4  447  519
4  454  692
4  461  371
4  473  646,802,946
4  474  207,502,955
4  487  997
4  490  66,663
4  503  22,209
4  506  44,469
4  518  221
4  519  519
4  522  782
4  524  300,836
4  525  946
4  534  899
4  536  44,469
4  539  232
4  548  319
4  550  663
4  577  562,646
4  582  470
4  601  195,393,957
4  608  409
4  620  519
4  622  319
4  624  490,663
4  635  71
4  639  522
4  651  600,666,884
4  656  519
4  659  579
4  665  779
4  670  997
4  672  22,243,300,802
4  681  22
4  685  646
4  690  485
4  697  319
4  698  243,357,502
4  710  263
4  713  519
4  725  140
4  729  22
4  730  502
4  743  28,290,502,877
4  745  519
4  746  127
4  750  959
5  11  263,801
5  14  519
5  17  22
5  20  519
5  21  562
5  26  393,870
5  35  789
5  38  522,621
5  40  782
5  42  621
5  48  700
5  50  519
5  63  808
5  66  153
5  69  320,454,655,722
5  70  409,519
5  71  398
5  74  663
5  75  216,525
5  80  367,502,516,596
5  94  195,393
5  137  127,522
5  146  411,454
5  149  487
5  161  116
5  165  319
5  172  801
5  173  411,454
5  174  621
5  203  801
5  222  522
5  240  263
5  256  663
5  260  290,367,824
5  262  393,870
5  272  28,319,877
5  274  357,516,596
5  275  522,579
5  276  116
5  277  789
5  288  319,600,666,884
5  291  646
5  292  319
5  295  140,326,409
5  298  319
5  299  502
5  301  216,234,621
5  302  700
5  308  496
5  330  522
5  333  997
5  335  522
5  337  835
5  338  562
5  340  470
5  345  727,811
5  356  156
5  358  319
5  366  319
5  371  911
5  380  409
5  382  519
5  391  946
5  407  127,646
5  432  319
5  449  663
5  458  319
5  463  22
5  466  802
5  468  470
5  470  290
5  471  782
5  475  562
5  484  487
5  507  519
5  510  519
5  522  502
5  525  802
5  532  290
5  534  579
5  535  931
5  538  363,802
5  541  327,671
5  553  109
5  570  522
5  579  319,487,519
5  604  801
5  619  519
5  626  957
5  633  801
5  665  84
5  666  877
5  674  274,443,673
5  680  22
5  687  519
5  690  663,946
5  697  727,811
5  707  646,974
5  708  300,319,997
5  709  943
5  718  519
5  726  663
5  729  502,516,596
5  733  692
5  741  997
5  748  525,692
6  9  206,319,997
6  16  820
6  31  516,596
6  36  522
6  39  244,319
6  40  219,579
6  50  127
6  51  808
6  52  127,487
6  56  957
6  70  371
6  76  911
6  86  44,469
6  89  525
6  101  636
6  112  369,962
6  117  290
6  118  251
6  121  904
6  122  899
6  133  789
6  153  519
6  173  684
6  180  519
6  182  525
6  185  22,319
6  203  427
6  206  470,679
6  214  357
6  227  140,251
6  231  733
6  235  319,409,679
6  244  371
6  255  485,646
6  258  454
6  270  957,997
6  275  116
6  285  156
6  345  127,496
6  349  562,684
6  368  663
6  371  899,904
6  374  502
6  387  519
6  388  409
6  389  470
6  391  319,522
6  392  663
6  393  519
6  396  22
6  397  44,469
6  400  997
6  404  692,946
6  412  319
6  413  195,393
6  416  84,427
6  419  409
6  420  206,562
6  425  127
6  429  808
6  435  516,596
6  443  127
6  453  409
6  465  646
6  472  487
6  477  216
6  482  319,734
6  493  646
6  495  319
6  496  519
6  497  411,454
6  502  300,692,836
6  503  562
6  509  519
6  510  692
6  512  195,393,519,522
6  513  409
6  521  962
6  545  669
6  546  470,522
6  558  946
6  573  516,596
6  574  243,367,801
6  577  219
6  589  263
6  591  931
6  592  820
6  623  243,519
6  624  801
6  627  216,234
6  628  519
6  630  28,877
6  631  692
6  634  369
6  645  369
6  646  689
6  648  319
6  656  387
6  667  519,522
6  672  519
6  675  522
6  680  525
6  683  127,957
6  685  367
6  686  409
6  702  859
6  703  808
6  711  207,519,955
6  712  519
6  718  243,279,801,824
6  722  300,319
6  727  319
6  728  579
6  742  957
6  744  997
7  4  127,839
7  6  320,655
7  18  646
7  35  454,722
7  38  725
7  39  727,811
7  43  522,801
7  52  808
7  60  371
7  61  522
7  74  931
7  77  319
7  86  689
7  87  782
7  90  319
7  93  371
7  95  28,562,877
7  96  319,409,579
7  99  782
7  112  127
7  116  22,207,801,955
7  127  319
7  152  519,733,797
7  166  459
7  168  519
7  170  393,870
7  171  522
7  172  243,279,307,824
7  173  387
7  176  319
7  183  398
7  186  684
7  190  519
7  192  997
7  198  808
7  204  904
7  212  371,725
7  217  663
7  230  319
7  231  97
7  243  663
7  251  319,519
7  252  946
7  258  904
7  262  127
7  263  646,946
7  273  289,427
7  274  320,655,859
7  290  525
7  302  127,429
7  307  371
7  310  487,579
7  314  535,997
7  321  801
7  324  109,393,870
7  328  519
7  333  801
7  341  802
7  348  116,502
7  350  319
7  362  522
7  366  522,727,811
7  367  470
7  373  371
7  387  579
7  388  692
7  405  516,525,596
7  406  319,487
7  412  522
7  419  371
7  420  263
7  424  725,782,997
7  428  739
7  456  519
7  472  28,221,877
7  476  319
7  479  66
7  484  470
7  489  319
7  494  579
7  499  801
7  511  692
7  516  700
7  533  663
7  538  621
7  564  679
7  573  579
7  580  263
7  583  319,487,727,811
7  592  263
7  607  692
7  617  519
7  625  802
7  639  116,140
7  642  357
7  643  802
7  654  646
7  655  28,877
7  656  263
7  664  663
7  665  519,579
7  678  519
7  682  355,522,747
7  693  22,700
7  700  300
7  711  244
7  717  409
7  721  398
7  724  367
7  726  959
7  735  646
7  740  411,454
7  745  487
8  2  28,877
8  4  289
8  5  782
8  12  519
8  30  109
8  55  734
8  64  470
8  68  727,811,957
8  73  700
8  76  727,811,957
8  78  646
8  84  562
8  90  997
8  99  962
8  107  801
8  109  684
8  125  22
8  132  839
8  141  646,679
8  148  562
8  150  371
8  153  127,519
8  157  519,997
8  163  156,393,870
8  171  116
8  177  290,487
8  183  733,931
8  184  692
8  185  782
8  187  22
8  200  782
8  208  393,870
8  218  156
8  219  519
8  220  28,877
8  225  109
8  234  357,646
8  241  997
8  249  836
8  251  290,502
8  253  127
8  275  140,187
8  277  692
8  282  801
8  285  623
8  294  127
8  296  802
8  318  470
8  323  802
8  337  319,367
8  342  519
8  343  369,579,786
8  362  519
8  365  320,655,931
8  372  562
8  375  646
8  386  562
8  398  519
8  408  627
8  411  109,519
8  420  575,952
8  423  684,835
8  425  692,808
8  446  700
8  473  808
8  474  232
8  483  470,502
8  502  234
8  511  398
8  517  802
8  521  201,553,579
8  522  962
8  523  319
8  535  140,326
8  552  502
8  556  206,562
8  578  329,936
8  598  575,952
8  599  327,671
8  602  535
8  607  801
8  626  216,234,562
8  628  127,207,955
8  640  997
8  664  502
8  669  22,519
8  671  22
8  676  802
8  677  725
8  684  802
8  705  357,911
8  706  789
8  707  367
8  708  127,684
8  710  263
8  716  319,692
8  719  522
8  729  502
8  730  519,529
9  9  393,684,870
9  14  801
9  17  367,824
9  22  519
9  29  997
9  40  251
9  50  470
9  51  243,371
9  55  10
9  57  562
9  90  502
9  105  836,957
9  115  22
9  118  490
9  130  319
9  142  127,646
9  146  387,692
9  148  411,454,646
9  166  949
9  168  782
9  169  127
9  173  244
9  175  516,808
9  180  679
9  194  156
9  195  290,319,782
9  197  519
9  208  367
9  215  997
9  218  251
9  219  207,725,955
9  220  263
9  221  216,409,808
9  222  663
9  234  957
9  247  409,997
9  253  808
9  256  206,562
9  259  398
9  261  516,596,962
9  266  646
9  277  398
9  282  357
9  285  579,669
9  293  367
9  299  140,326
9  305  28,739,877
9  310  109
9  326  522
9  330  957
9  331  84
9  344  409
9  351  290
9  355  692
9  356  997
9  357  502
9  364  357,801
9  367  28,646,877
9  369  734
9  373  371
9  381  109
9  398  127
9  403  375
9  411  621
9  415  66
9  421  357
9  425  429,470
9  426  529,962
9  433  367,824
9  444  789
9  456  127,519
9  462  329,936
9  471  962
9  480  371
9  485  22
9  494  727,811
9  495  727,811
9  499  579,700
9  519  251
9  548  727,811
9  550  487,943
9  558  490
9  593  195,393
9  602  44,469
9  605  329,936
9  607  739
9  608  371,646,997
9  611  290,470
9  617  502,663
9  623  127
9  645  522
9  648  802
9  667  525
9  669  646,835
9  684  911
9  685  127,216
9  688  522
9  689  127
9  691  319
9  696  375
9  699  487,516,596
9  710  802
9  736  692
9  743  263,725,739
9  748  454
10  5  962
10  14  127
10  29  684,725
10  30  398
10  46  808
10  49  127,727,811
10  53  44,469
10  54  997
10  59  66,650
10  62  789
10  64  66
10  70  721,846
10  91  371
10  99  201,553,579
10  113  663
10  129  782
10  139  216,234,911
10  144  409
10  154  519
10  164  109,801
10  168  962
10  174  679
10  175  516
10  179  782
10  187  808
10  201  369
10  205  646
10  208  251
10  212  367
10  225  663
10  227  522
10  228  470
10  234  300
10  249  234
10  257  470,957
10  267  820
10  272  727,811
10  277  454,722
10  279  700
10  281  221,957
10  292  409
10  313  300
10  314  232,684
10  324  855
10  327  692,733
10  329  646
10  332  997
10  334  801,802
10  339  109,997
10  360  692
10  369  802
10  371  775,846,991
10  372  243,279,824,943
10  373  721,846
10  375  808
10  381  535
10  389  28,877
10  404  398,877
10  420  519,779
10  421  393,470,870
10  441  207,470,955
10  449  684
10  452  411,454
10  465  636
10  469  650
10  473  367
10  501  409,519
10  505  165
10  517  219
10  524  234
10  546  490
10  555  22,290,525
10  559  357
10  562  28,877
10  565  663,946
10  569  319
10  582  375
10  583  908
10  608  367
10  618  802
10  632  646
10  655  263
10  656  575,952
10  679  290
10  682  116
10  692  899
10  711  232
10  715  802
10  716  946
10  717  367,371
10  729  957
10  735  371
10  740  357
10  747  957
11  3  679
11  10  127
11  11  700
11  14  525
11  19  801
11  20  982
11  28  621,663
11  31  22,646
11  35  371
11  40  201,663
11  47  808
11  62  502,679
11  71  859
11  76  496
11  79  398
11  84  22
11  87  22,207,955
11  100  140
11  103  371
11  130  727,811
11  132  579
11  136  801
11  137  808
11  147  789
11  149  734
11  151  782
11  156  319
11  165  207,652,955
11  175  371
11  178  22
11  182  290
11  185  84
11  198  371
11  206  243
11  210  859
11  215  957
11  216  522,646
11  217  997
11  226  739
11  239  263,519
11  268  679
11  272  263
11  282  997
11  305  411,454
11  307  835
11  310  84
11  311  931
11  315  646
11  327  127
11  329  357
11  334  911
11  339  962
11  344  371,502
11  352  782
11  364  398
11  369  911
11  372  525
11  374  300
11  383  727,811
11  386  522,997
11  395  519,997
11  406  727,811
11  407  393,870
11  408  646
11  410  801
11  428  109,502
11  441  982
11  443  725,808
11  446  319,692
11  449  274,443,673
11  460  519,836
11  461  522
11  466  519
11  473  371,877
11  484  646
11  491  739
11  499  187
11  505  663
11  508  621
11  517  522
11  522  201,553,579
11  523  727,811
11  525  911
11  530  663
11  532  725
11  543  470
11  549  700
11  555  621,725,802
11  560  522
11  567  244
11  572  997
11  575  490
11  592  865
11  596  502,782
11  602  472
11  603  288,369
11  604  835
11  608  801
11  620  44,127,469
11  645  274,443,673
11  649  519
11  652  156,393,870
11  656  516,579,596
11  658  411,454
11  663  319
11  664  367
11  678  522
11  686  156
11  693  782
11  694  579,786
11  702  232
11  705  627
11  708  623,808,846
11  711  519
11  727  470
11  732  22
11  734  44,469
11  746  621
11  748  22
12  5  669
12  6  244,725
12  7  116,454,722
12  25  116
12  30  621
12  44  502
12  47  427
12  56  801
12  62  263
12  74  579
12  92  962
12  105  801
12  110  357,802
12  129  502
12  130  519
12  140  522
12  145  835
12  146  398
12  147  782
12  156  234
12  183  219
12  185  496
12  189  409,579
12  195  962
12  198  307
12  208  201,329,936
12  222  116
12  229  646
12  230  156,802
12  231  198,820
12  241  782
12  242  982
12  255  579
12  268  319
12  274  904
12  281  216,234,522
12  294  127
12  303  522,727,811
12  309  319
12  310  62,187,734,855
12  312  997
12  327  470
12  331  232
12  333  700
12  342  127
12  355  319
12  367  263
12  376  371
12  386  116
12  393  371
12  398  808
12  400  357
12  404  859
12  411  190,296,422
12  421  904
12  425  398
12  440  899
12  443  427
12  446  519
12  447  243,279,519,824
12  455  663
12  456  911
12  461  519,700,808
12  464  398
12  469  519
12  481  839
12  484  375
12  486  743
12  490  156,646
12  507  519,911
12  513  371
12  520  470
12  525  669
12  529  140
12  542  109
12  549  263
12  563  290
12  568  519,997
12  587  28,836,877
12  589  429
12  590  692
12  591  263
12  594  519
12  601  522
12  602  801
12  608  938
12  617  943
12  618  911
12  623  808
12  624  782,943
12  628  808
12  638  319
12  639  94,820
12  648  140,326,496,895
12  651  261,895
12  654  393,870
12  655  575,952
12  661  782
12  669  367
12  672  782
12  676  393,516,596,870,911
12  680  22
12  687  127
12  693  15,187
12  696  487
12  697  562
12  701  519
12  703  371
12  707  290
12  708  711
12  712  663
12  713  490,836
12  723  519
12  728  646
12  730  66,127,801
12  733  529
12  738  22
12  739  470
12  742  621
12  748  263
13  1  943
13  6  427
13  8  487
13  18  367
13  30  357
13  31  579
13  33  997
13  38  29
13  46  371
13  59  519,725
13  68  496
13  85  802
13  87  28,877,962
13  88  409
13  96  307
13  114  562
13  116  116,429
13  125  522
13  127  525
13  129  700
13  142  367
13  146  360,754
13  148  367
13  154  700
13  156  490
13  160  320,655
13  162  522,836
13  193  782,957
13  195  201,320,553,579,655,725
13  201  367,802
13  217  684
13  225  516,596,621
13  239  127
13  241  393,502,684,859,870
13  246  997
13  249  120,594
13  251  127,727,811
13  260  487
13  270  684
13  277  71
13  281  725
13  294  808
13  297  195,320,393,655
13  308  487,522
13  321  487,692
13  331  62,519
13  332  802
13  350  496
13  353  319,801
13  356  684
13  368  943
13  374  36
13  380  522
13  383  367
13  387  319
13  395  243,279,684,824
13  402  808
13  409  470
13  429  371
13  433  801
13  454  398
13  455  357,502
13  463  962
13  467  470
13  468  519
13  472  689
13  476  727,811
13  482  621
13  490  367
13  492  801
13  509  127,579
13  512  206,562,839
13  513  721,846
13  514  957
13  516  319
13  518  929
13  524  490
13  537  801
13  547  409
13  551  409,525
13  556  393,870
13  576  319
13  580  575,952
13  582  135,409
13  583  663,734
13  592  284
13  599  689
13  608  733
13  617  22,835
13  627  621
13  628  429
13  634  232
13  638  319
13  660  646
13  662  516,596
13  663  243
13  666  519
13  667  127,319
13  674  84
13  712  127,943
13  716  525
13  723  997
13  725  529
13  742  801
13  743  519
13  748  22
14  15  127
14  21  997
14  22  319
14  27  409,801
14  32  931
14  53  579
14  59  427
14  67  836
14  69  411,454,802
14  74  367,563
14  77  801
14  91  289
14  101  371,496
14  104  808
14  109  743
14  119  187
14  121  519
14  123  519
14  124  808
14  139  327,627,671
14  143  801
14  151  962
14  152  187
14  154  127,429
14  156  496,636,831
14  161  371
14  167  44,469,519
14  169  692,808
14  182  522,692,801
14  187  371
14  190  525
14  202  156
14  205  470
14  206  454
14  207  22
14  213  127
14  216  116,367
14  219  427
14  222  943
14  223  319
14  228  782
14  238  721,846
14  259  525,700
14  270  409
14  284  201,553,579
14  285  36
14  288  609
14  300  71
14  312  127
14  329  195,393,870,904
14  334  997
14  336  836
14  350  207,251,470,955
14  358  387
14  360  398
14  361  801
14  366  782
14  367  367
14  368  646
14  370  251
14  371  859
14  375  371
14  384  808
14  391  727,811,877
14  392  529
14  401  997
14  402  371
14  410  22,562,929
14  411  802
14  413  621
14  424  684
14  438  319
14  445  801
14  447  127
14  452  519
14  455  319,904,946
14  457  519
14  461  140
14  462  10,319
14  470  140,326,789
14  484  367
14  485  957
14  486  553
14  492  221
14  511  801
14  513  801
14  514  522
14  520  487,957
14  526  646
14  534  700
14  537  244,700
14  546  835
14  554  684,725
14  555  470
14  560  243
14  564  209
14  575  367,692,824
14  611  663,725
14  620  808
14  628  802
14  633  700
14  640  519,522
14  654  367
14  659  140
14  661  962
14  665  62,300,307,946
14  667  946
14  679  519
14  682  522
14  685  357
14  689  320,655,782
14  695  516,519,711
14  697  22,496
14  706  71
14  714  522
14  743  427
14  746  429
15  1  290,820
15  4  519,808,839
15  5  753
15  22  84
15  23  943
15  27  371
15  35  398
15  57  470
15  63  371
15  91  962
15  92  263
15  105  234
15  106  367
15  133  454,722
15  143  700
15  147  127
15  165  525
15  168  201,553,579,839
15  177  535,734
15  179  562,859
15  202  522
15  211  904
15  213  808
15  223  885
15  227  116
15  241  63
15  253  15
15  267  865
15  268  487,623,846
15  285  877
15  294  525
15  296  22
15  299  991,997
15  307  801
15  320  357
15  330  808
15  361  700
15  384  22
15  390  363,650
15  392  522
15  408  251,427
15  412  646
15  413  743,802,997
15  420  52,835
15  438  367,371,727,824
15  447  808
15  450  319,522
15  456  28,627,877
15  460  234
15  462  488,865
15  467  263
15  487  684
15  505  140
15  516  127,429,496
15  530  943
15  531  519
15  574  490,700,959
15  580  663
15  584  84
15  585  663
15  589  109
15  606  274,411,443,454,673
15  609  519,801
15  617  839,991,997
15  621  156
15  642  997
15  644  516,596
15  662  319
15  669  367,824
15  688  116
15  691  801
15  695  116
15  697  130
15  698  991,997
15  704  470,789
15  710  734
15  717  733
15  722  727,811
15  723  516,711
15  730  808
15  749  579
16  7  579
16  12  127,409
16  25  801
16  32  63
16  35  721,846
16  44  319
16  45  957
16  58  409,490
16  61  116
16  64  982
16  81  679,957
16  95  263
16  96  156
16  101  130
16  103  801
16  105  216,234
16  112  201,553,579,808
16  133  519
16  142  232
16  150  562
16  154  519,781
16  168  22
16  175  289
16  178  470
16  181  579
16  183  859
16  197  127
16  204  22
16  205  516,596
16  208  621
16  209  243,279,824
16  214  904
16  217  519
16  225  190,296,422
16  232  411,454
16  243  519
16  244  289
16  260  427
16  294  429,454
16  305  263
16  312  28,877
16  315  663
16  318  375
16  320  904
16  327  97
16  329  801
16  335  290
16  341  946
16  344  946
16  349  623,846
16  353  727,811
16  365  734,808
16  377  519,522
16  400  904
16  405  801
16  412  496
16  416  206
16  419  721,846
16  426  579,663
16  434  22,300
16  438  470,519
16  441  232,663,813
16  447  216,429
16  467  206,562,575,952
16  470  725
16  471  216,234
16  475  319
16  490  522
16  494  802
16  504  84
16  507  801
16  518  263
16  531  127
16  534  261,895
16  540  156
16  560  454,519
16  562  263,411,454
16  564  319
16  565  663
16  577  22,692
16  579  127
16  580  943
16  585  931
16  587  263
16  591  519,575,952
16  594  877
16  605  962
16  606  387
16  607  109
16  619  127,835
16  624  962
16  632  187
16  634  679
16  637  409
16  642  371
16  646  727,811
16  648  130
16  654  957
16  659  371
16  660  367
16  662  579,734
16  686  251,522
16  689  962
16  692  600,666,884
16  699  982
16  716  496
16  718  700,997
16  720  692
16  723  251
16  731  692
16  740  387
17  1  725
17  9  195,393
17  16  127
17  17  522
17  27  957
17  28  320,655,943
17  33  684
17  35  71,859
17  36  519
17  46  801
17  49  808
17  55  488,865
17  59  158,247
17  62  71,575,952
17  77  519
17  80  733
17  83  519
17  85  371
17  113  663
17  117  263
17  122  409
17  132  187
17  133  487
17  134  679
17  136  251
17  143  22
17  150  808
17  159  802
17  162  646
17  170  579,786
17  177  263
17  180  127
17  182  398,454
17  187  943
17  189  371
17  195  669,727,801,811
17  203  363
17  226  192,955
17  241  623,846,997
17  252  911
17  253  243,279,824
17  263  802
17  274  579
17  279  127,429
17  297  411,454,801
17  313  28,877
17  323  621
17  328  127
17  336  234
17  344  140
17  349  165
17  359  490,522
17  361  127,429
17  362  116
17  364  700
17  392  519
17  408  206
17  409  263
17  415  646
17  424  427
17  427  357
17  431  692,959
17  434  502
17  442  836
17  445  207,955
17  453  371
17  457  454
17  461  429,835
17  466  28,801,877
17  473  156,371,911
17  477  232
17  479  369
17  483  982,991,997
17  492  700
17  501  371
17  510  808
17  519  201
17  523  127
17  534  609
17  536  327,671
17  563  725
17  569  727,811
17  572  684
17  575  398
17  576  727,811
17  585  289
17  592  28,877
17  593  206,243,519,562
17  597  646
17  605  835
17  616  522
17  629  646,904
17  638  727,811
17  648  198
17  675  663
17  677  216
17  678  116,621
17  689  429
17  707  725
17  710  10,911
17  720  398
17  724  140,700
17  735  289
17  740  904
17  745  109
17  746  371
18  15  207,955
18  16  865
18  23  575,952
18  24  109
18  27  700
18  33  243,319
18  35  398,801
18  36  398
18  40  496
18  51  289
18  53  689
18  60  289
18  62  209
18  66  127
18  68  216,234
18  70  563
18  72  684,801
18  74  943
18  76  327,671
18  79  140,326
18  85  289
18  95  575,952
18  108  692
18  121  409
18  124  367
18  130  525
18  145  66,519
18  153  127
18  160  519
18  162  116,234
18  165  727,811
18  174  743
18  176  727,811
18  178  982
18  182  859
18  195  700
18  200  962
18  217  943
18  218  652
18  225  943
18  227  201
18  229  367
18  232  44,469
18  238  962
18  245  899
18  247  997
18  249  636
18  253  429
18  256  393,870
18  257  375,409
18  259  454
18  264  991,997
18  270  216,234
18  281  500
18  284  782
18  292  371
18  293  490,808
18  297  387
18  299  156
18  302  911
18  304  216
18  305  109
18  308  116,398
18  313  263
18  322  957
18  341  525
18  342  808
18  343  519
18  356  623
18  357  140
18  365  371
18  376  516,596
18  383  496,733
18  388  22,398
18  393  721,846
18  399  519
18  413  519,911
18  421  487
18  422  319,802
18  434  165
18  435  357,470
18  436  519,808
18  449  84
18  466  320,627,655
18  470  207,955
18  472  734
18  484  135
18  490  943
18  491  109,522
18  511  487
18  512  116
18  518  575,952
18  521  367,669
18  529  300,779
18  533  369
18  542  529
18  548  496,692
18  564  22
18  572  522
18  580  636
18  581  409
18  582  319
18  597  300,367
18  599  959
18  601  959
18  605  779
18  609  700
18  621  490
18  630  263,470
18  636  522
18  640  127
18  641  525
18  647  263
18  659  454,646
18  661  201,553,579
18  665  802,835,877
18  667  782,962
18  679  835
18  683  216,234,429
18  684  319
18  687  808
18  695  519
18  696  516,596,733
18  698  36
18  701  127
18  704  485
18  724  97
18  729  216,234
18  733  398,802
18  734  221
18  739  525
18  742  727,811
18  745  692,734
19  2  263,700
19  11  781
19  12  371
19  17  519
19  19  470
19  23  52,519
19  35  938
19  39  496
19  45  216,234
19  67  234
19  72  700
19  79  943
19  80  579
19  86  959
19  90  727,811
19  92  409
19  96  496
19  107  801
19  116  232
19  118  201,519
19  133  127,700
19  136  621
19  139  216
19  147  201,454,553,579,722
19  160  470
19  165  263
19  170  519
19  182  700
19  189  127
19  197  808
19  201  733,911
19  212  127,427
19  230  502
19  241  36
19  243  835
19  246  156
19  256  943
19  257  216,234,371,959
19  260  206,734
19  262  808
19  277  320,655,859
19  294  22
19  295  357,946
19  299  263
19  305  855
19  310  615
19  326  116
19  329  367
19  331  496
19  342  234,959
19  361  781
19  363  692
19  366  859
19  372  127
19  376  579
19  407  579,786
19  409  485
19  413  206,562
19  415  367
19  419  801
19  421  375
19  426  669,899
19  435  904
19  436  127,470
19  438  496
19  443  663
19  456  429,808,929
19  466  470
19  485  319,516,596
19  491  94,820
19  515  516,596
19  520  692
19  523  496
19  540  127
19  541  689
19  543  375
19  549  15
19  559  904
19  567  931
19  568  835
19  570  877
19  573  232,307
19  586  646
19  594  485
19  597  733
19  598  52
19  601  496
19  604  621,700
19  609  835
19  621  522
19  623  393
19  625  692
19  626  22,789
19  628  911
19  631  398
19  633  375
19  634  943
19  641  496
19  646  369
19  663  369
19  667  94,820
19  668  206,562
19  670  355,684,747
19  679  839
19  691  700,727,811
19  701  808
19  703  289,946
19  705  470,904
19  714  692
19  715  911
19  718  663
19  722  496
19  723  684
19  730  22,997
19  733  911
19  734  327,671
19  738  782,801
19  740  991
19  741  811
19  743  991,997
19  745  835
20  1  636
20  21  727,811,997
20  26  263
20  29  623,846
20  32  946
20  36  367,824
20  56  727,811
20  57  329,936
20  66  204
20  69  367,824,946
20  70  127
20  76  500,689
20  83  127
20  94  206,562
20  95  931
20  113  579,943
20  115  300
20  117  485,679
20  123  519
20  158  957
20  160  982
20  162  120,367,594
20  177  116,725
20  188  621
20  195  15,84
20  198  140
20  200  201,500,553,579
20  201  97
20  246  684,808
20  247  371
20  250  808
20  281  263
20  296  911
20  316  522
20  319  700
20  321  496
20  322  470
20  328  808
20  338  201,553,579
20  339  621,623,846
20  361  369
20  362  621
20  364  946
20  366  962
20  375  289
20  377  116,127
20  386  931
20  412  367
20  414  516,596,692
20  419  938
20  425  982
20  429  289
20  432  66
20  434  116
20  457  243,279,824
20  460  127
20  466  575,711,786,952
20  471  669
20  473  289
20  478  519
20  483  36
20  506  327,671
20  509  496
20  516  727,781,811
20  526  367
20  529  165,319
20  530  221
20  546  116
20  551  371
20  555  427
20  556  490
20  560  808
20  563  22,329,427,936
20  569  496
20  575  700
20  577  153,733
20  578  779
20  580  52
20  585  319
20  596  156
20  605  669
20  629  367
20  633  427
20  636  727,811
20  638  496,525
20  640  684
20  643  409
20  655  52
20  662  10
20  665  263,664,734
20  666  519
20  678  94,820
20  681  802,957
20  684  529
20  689  371
20  708  429
20  714  646
20  718  943
20  719  116,663
20  747  500,516,596
21  13  319
21  30  29
21  32  877
21  36  116
21  51  140
21  53  307
21  78  367
21  81  216,234
21  82  367,488,865
21  90  991,997
21  91  782
21  96  130,251
21  112  429
21  113  943
21  115  307
21  117  725
21  122  371
21  135  782
21  151  201,553,579
21  154  22
21  163  579,786,835
21  167  327,671
21  171  700
21  175  329,936
21  176  496
21  179  22
21  186  216,525,579,711,786
21  188  646,743
21  194  623
21  208  251
21  216  94,733,820
21  217  636
21  221  371
21  227  140,326,610
21  228  859
21  232  327,671
21  234  367
21  246  429
21  282  700
21  291  367,525
21  300  387
21  303  116,496
21  307  938
21  312  263,789
21  323  911
21  326  94,201,820
21  339  753
21  343  288
21  348  808
21  355  398
21  358  369,692
21  363  398
21  364  15
21  390  84
21  397  327,671
21  419  187,522
21  421  579,786
21  422  411,454
21  432  727
21  435  579
21  436  158,247,835
21  437  911
21  445  502
21  452  516,596
21  460  516,596,808
21  463  669
21  467  393,870
21  470  243
21  484  734
21  492  127,429
21  509  307
21  510  398
21  528  127
21  549  502
21  574  15,28,808,896
21  579  835
21  581  371
21  582  371
21  584  62
21  586  663
21  588  288
21  595  22,127
21  632  367
21  644  206,562
21  667  263,470
21  670  562
21  673  219
21  678  957
21  683  835
21  692  519
21  700  22
21  703  140,877
21  714  367
21  715  207,955
21  723  789
21  727  470
21  747  579
22  7  369,779
22  8  734
22  15  232
22  27  500,525
22  54  519,684
22  60  140
22  69  387,911
22  70  808,959
22  73  15,216,711,943
22  74  636,727,811
22  76  627
22  84  153
22  90  684
22  92  201,371,553,579
22  117  427,802
22  124  371
22  134  209,263
22  139  22,717,801,949
22  140  116,387
22  145  839
22  154  369
22  157  398
22  158  519
22  160  813
22  167  727,808,811
22  177  427
22  178  782
22  179  375
22  194  743
22  202  251
22  203  700
22  205  375,502
22  207  502
22  223  44,469
22  228  375
22  238  801
22  243  839,943
22  247  721,846
22  253  52
22  273  206,959
22  276  109
22  289  801,962
22  292  727,811
22  295  371
22  301  991,997
22  306  646
22  314  116,623,846
22  319  127,429
22  321  398
22  322  811,931
22  323  190,296,422
22  336  120,594
22  340  808
22  342  429
22  344  801
22  346  801
22  353  700
22  365  244
22  368  519
22  370  734
22  380  371
22  389  522
22  407  808
22  411  835
22  421  135
22  426  525
22  435  519
22  436  371,646
22  451  327,671,997
22  461  15
22  466  244
22  473  289,375,621
22  475  251
22  490  116,158,247,835
22  497  387
22  509  808
22  520  734
22  521  733
22  524  120,594
22  528  877
22  530  244,579
22  533  288
22  537  502
22  551  721,846
22  552  991,997
22  553  232,621
22  555  663
22  558  290
22  568  371,684
22  585  140,727,811
22  590  519
22  594  367
22  596  957
22  602  367,824
22  607  855
22  608  525
22  618  779
22  620  671
22  629  22
22  633  206
22  636  116
22  637  371
22  638  130,496
22  642  684
22  646  959
22  649  997
22  651  609
22  661  669
22  666  127
22  686  116,846
22  699  579
22  708  496
22  725  329,646,936
22  727  319
22  728  700
22  742  496
23  3  244,579,786
23  15  519
23  22  207,835,955
23  29  427
23  30  775,846,991
23  31  808
23  45  519
23  49  429
23  50  911
23  52  429,734
23  53  959
23  61  734
23  65  502
23  70  801
23  74  733
23  84  997
23  85  140
23  87  519
23  96  187
23  111  957
23  112  669
23  116  519
23  122  261,895
23  123  127
23  132  557
23  133  71,734,808
23  144  243,371
23  147  71,669
23  153  357,808
23  154  502,692
23  163  839
23  177  472
23  181  187
23  190  802
23  194  180,556,809
23  197  429
23  208  779
23  213  429
23  219  835
23  224  22
23  226  156,319
23  247  646
23  255  187
23  261  669
23  263  911
23  265  320,655
23  267  284,522
23  288  820
23  300  360,754
23  310  664
23  312  808
23  314  94,820
23  317  140,326,357
23  334  700
23  335  725
23  340  371,982
23  344  877
23  350  232
23  354  931
23  355  496
23  359  522
23  370  10
23  372  429,563,575,952
23  373  801
23  375  140
23  384  782
23  385  663
23  387  727,811
23  397  496
23  402  289
23  407  367
23  410  156,700
23  437  490
23  438  535
23  455  727,811
23  460  429
23  465  367
23  468  375
23  474  519
23  478  195,393,519,904
23  482  10
23  487  485
23  491  855
23  496  127
23  501  721,846
23  506  689
23  507  519
23  520  66
23  529  727,811
23  534  198,820
23  538  911
23  546  839
23  553  63
23  565  369
23  567  669,782
23  584  664
23  585  232
23  592  263,742,952
23  596  216,234,962,991,997
23  600  579
23  610  782,931
23  611  375,943
23  616  140,261,326,895
23  620  429
23  623  429
23  625  911
23  626  263
23  632  557,733
23  642  300
23  645  84
23  654  733
23  668  470
23  676  579
23  679  427,519
23  680  782
23  682  116
23  684  319
23  685  516,596,904
23  691  496
23  698  904
23  701  429
23  711  835
23  719  522,943
23  726  516,596,957
23  729  579
23  730  116
23  737  535,808
23  746  743
23  748  409
24  1  427
24  4  429
24  5  997
24  14  519
24  19  375,700
24  25  232
24  26  52
24  31  808
24  48  15
24  67  579
24  69  516,711
24  81  209,500
24  89  782
24  99  669
24  103  938
24  127  525
24  129  997
24  140  94,820
24  165  454
24  179  153
24  184  116
24  186  454
24  195  753
24  196  522
24  203  63
24  207  470,490
24  211  943
24  212  801
24  214  775,846
24  215  363
24  223  327,496,671
24  225  579
24  228  135
24  229  733
24  240  562,575,952
24  241  216,711
24  245  521,600,666,884
24  246  251
24  250  371,529
24  251  496,808,991,997
24  254  502
24  268  496
24  269  522
24  271  387,679
24  289  669
24  299  575,952
24  306  127
24  311  367,824
24  316  116
24  329  733
24  334  623,846
24  339  367,824
24  341  288,911
24  342  636,831
24  346  519
24  356  180,556,623,809,846
24  360  22
24  365  10
24  367  575,733,952
24  372  636
24  381  579
24  389  684
24  391  496
24  396  502
24  401  94,684,820
24  403  135
24  405  490
24  409  957
24  411  29,904
24  413  127
24  414  859
24  421  398
24  425  371
24  426  454,753
24  436  367,369,808
24  444  454,722
24  446  496
24  451  684,689
24  462  367
24  471  753
24  473  140,165
24  474  991,997
24  483  813
24  490  733
24  493  195,393
24  501  801
24  502  120,398,594
24  515  579
24  519  251
24  537  991,997
24  540  808
24  547  371,802
24  555  375
24  558  251,357,725
24  562  519
24  568  839
24  570  427
24  576  94,820
24  582  263
24  583  496,943
24  602  700
24  610  962
24  626  454
24  630  575,952
24  666  808,835
24  669  782
24  671  782,802
24  675  116
24  684  375
24  689  669
24  691  263
24  702  327,671
24  708  130
24  723  519,579
24  725  519
24  726  216,234
24  736  22,319
24  737  563
24  740  429
24  743  109,206
24  748  371
25  1  263
25  10  529
25  17  727,811
25  30  859
25  44  207,955
25  45  127
25  46  700
25  59  206
25  60  290
25  63  727
25  72  15
25  78  733
25  81  579
25  84  684
25  85  911
25  86  877
25  96  557,652
25  101  289
25  105  22,762
25  126  801
25  127  454
25  135  290
25  148  387
25  152  770
25  153  671,808
25  170  522,621
25  179  204
25  193  859
25  194  553
25  200  669
25  232  387,429
25  235  209,727,811
25  263  273
25  269  116
25  272  409,496,575,952
25  273  100,239
25  276  22,621
25  277  885
25  290  109
25  299  251
25  314  472
25  317  904
25  328  429
25  329  621
25  337  733
25  363  859
25  368  367,946
25  382  127
25  384  371
25  387  496,557
25  394  490
25  395  535
25  406  263,490
25  409  375,575,952
25  445  232,663
25  449  636
25  450  116
25  456  263,429
25  495  496
25  504  62
25  505  943
25  514  946
25  527  387,621
25  534  369
25  547  911
25  548  490
25  549  575,952
25  555  943
25  575  232
25  579  519,839
25  591  835
25  594  733
25  596  859
25  605  753
25  616  609
25  625  398
25  633  166,245,320
25  637  721,846
25  639  835
25  640  623,846
25  646  288
25  649  371,684
25  671  911
25  679  243
25  683  371
25  684  727,811
25  690  679
25  714  398
25  728  307
25  730  663
25  734  621,689,929
25  738  802
25  741  684
25  743  195,393
25  745  398
25  749  319
26  14  808
26  26  786
26  27  721,846
26  28  244,636
26  31  371
26  40  801
26  62  307
26  63  289
26  64  496
26  69  263,360,754
26  75  522
26  84  623,846
26  90  496,943
26  103  530,531,621
26  107  263
26  109  216
26  126  700
26  131  28,877
26  133  801
26  135  835
26  136  700
26  137  116
26  138  156,802
26  141  209
26  144  721
26  147  429,753
26  151  669
26  164  621,700
26  168  669
26  176  646
26  177  94,820
26  187  289,782
26  188  553
26  195  206,367
26  206  650
26  210  962
26  212  808
26  222  636
26  228  579,962
26  235  679,904
26  238  669
26  240  52
26  250  562
26  258  931
26  274  244
26  279  781
26  290  243
26  294  808
26  295  877
26  301  36,500,524
26  307  839
26  323  29
26  324  946
26  329  97,432
26  334  398
26  340  535,943
26  346  700
26  350  375,519
26  353  127,429,496
26  366  116
26  367  135
26  373  938
26  377  808
26  383  997
26  384  289
26  385  454,722
26  388  156,371
26  410  782
26  413  808
26  430  116
26  438  130
26  450  911,946
26  454  931
26  455  943
26  467  63
26  470  206
26  471  367,500
26  493  221,733
26  511  859
26  512  94,820
26  533  522
26  535  290
26  542  663
26  553  997
26  558  22,243,663
26  559  22,84
26  567  502,753
26  589  300
26  597  22
26  602  474,644,689
26  603  109
26  605  367
26  608  931
26  609  15
26  629  733
26  642  140,957
26  646  496
26  654  97,621
26  656  52
26  657  232
26  665  575,952
26  667  931
26  691  15
26  694  371
26  699  931
26  700  502
26  713  835
26  723  652
26  727  516,596,727,811
26  728  579
26  741  130,623,846
26  749  398,727,811
27  1  946
27  14  429
27  15  429
27  18  646
27  20  579
27  24  116
27  26  621
27  33  623,727,811,846
27  38  957
27  48  116,522
27  63  140
27  68  500
27  77  496
27  82  733
27  88  502
27  95  66
27  99  753
27  109  130
27  114  371
27  123  808
27  126  127,429
27  130  496
27  138  519
27  141  610
27  151  753
27  159  216,908
27  160  127
27  168  782
27  169  398,429
27  170  232,808
27  171  490
27  173  623,846
27  176  367
27  183  66,802
27  186  621
27  189  808
27  210  623,846
27  223  689
27  224  409
27  231  522
27  234  165
27  246  652
27  254  261,502,895
27  259  36
27  267  742
27  277  244
27  281  206,929
27  284  669
27  288  527
27  290  931
27  296  153
27  298  516,596,727,811
27  306  367,500,522,808
27  308  636
27  314  216,711
27  315  367
27  319  781
27  320  727,811
27  334  997
27  335  156,692
27  338  669
27  340  289,563
27  341  877
27  343  621
27  352  516,596
27  380  721
27  407  733
27  411  775,911
27  423  519,623,846
27  428  855
27  429  22
27  432  496
27  443  206
27  448  739
27  451  959
27  454  835
27  462  733
27  470  232
27  475  367
27  477  127
27  485  502,727,811
27  492  263
27  493  929
27  496  808
27  499  127,429
27  501  938
27  505  646
27  509  429
27  514  94,820
27  516  109
27  521  97
27  531  808
27  539  957
27  540  429
27  545  753
27  549  991,997
27  554  623
27  575  15
27  582  727,811
27  593  782
27  597  165
27  610  22
27  632  579
27  648  527
27  659  610
27  661  753
27  665  627,839
27  668  375
27  680  454
27  684  496
27  699  813
27  700  692
27  701  371
27  704  71,562,813
27  711  839
27  717  97,801
27  721  263
27  722  165
27  723  243,279,824
27  730  700,801
27  739  579
27  742  130
27  743  855
27  745  621
28  10  429
28  27  15,801
28  31  289
28  41  650
28  43  116,946
28  44  232
28  60  859
28  62  911
28  64  158,247
28  70  300
28  74  97,684
28  77  130,997
28  87  263
28  112  753
28  116  253,369
28  121  36
28  124  289
28  135  962
28  147  371
28  153  429,904
28  159  470
28  162  733
28  183  911
28  192  140,326,684,802
28  200  753
28  205  579,991,997
28  215  156,244
28  238  530,531,621,753
28  245  646
28  254  779
28  257  84,244
28  275  94,244,820
28  281  263
28  284  753
28  288  496
28  315  733
28  320  801
28  327  375,398
28  332  911
28  340  140
28  342  797
28  344  938
28  351  232,692
28  358  398
28  364  877
28  366  663
28  369  10
28  370  652
28  392  127,319,943
28  394  367
28  398  369,429
28  405  700
28  406  734
28  422  727
28  429  140
28  435  835
28  460  579
28  464  859
28  468  319,646
28  472  959
28  505  636
28  523  429
28  532  427,562
28  534  557
28  537  15,820
28  542  621,899
28  543  135
28  550  734
28  555  206,743
28  561  579
28  566  319,835
28  572  300
28  575  859
28  581  959
28  585  519
28  594  243,279,808,824
28  602  516,621,711
28  626  52,725
28  629  263
28  630  52
28  637  801
28  656  579
28  668  63,135,931
28  702  116,689
28  704  470
28  709  636
28  711  835
28  716  877
28  720  859
29  10  663
29  17  496
29  18  610,733
29  27  938
29  31  289
29  39  130
29  43  782
29  45  808
29  54  623,846
29  70  429
29  79  496
29  82  429
29  88  371
29  92  669
29  93  319,519
29  99  367
29  106  733
29  107  15
29  108  63,398,997
29  113  636
29  117  206
29  127  496
29  129  398
29  135  725
29  138  627
29  151  367
29  156  797
29  166  649
29  177  206
29  182  369
29  187  579
29  189  429,801
29  192  782,911
29  197  371
29  203  621,663
29  204  371
29  206  579
29  212  733,938
29  215  801
29  223  15
29  228  307
29  241  962
29  242  813
29  251  130,470
29  254  36
29  257  300
29  262  429
29  272  371
29  281  320,575,952
29  282  15
29  295  801
29  297  487,700
29  299  652
29  305  387
29  313  911
29  316  957
29  332  684
29  333  575,684,946,952
29  334  627
29  337  496
29  339  216,711
29  340  684
29  341  454
29  345  808
29  347  519
29  352  201,553,579
29  353  130,871,888
29  358  835
29  361  871,888
29  367  52,243
29  368  207,955
29  384  140,326
29  399  127
29  403  165,946,997
29  406  263
29  412  130,733
29  413  429,553,627
29  420  839
29  435  307,375
29  445  519
29  449  623,846
29  455  36,496
29  468  367
29  474  36
29  477  429
29  492  575,781,952
29  494  187
29  517  684,692
29  520  398
29  529  557
29  531  429
29  546  982
29  547  627
29  549  52
29  554  427
29  569  991,997
29  574  429
29  582  721,846
29  603  288,855
29  606  84
29  631  579,859,929
29  639  839
29  640  808
29  641  562
29  644  579
29  645  62
29  666  839
29  667  263,519
29  681  782
29  685  579
29  700  398
29  708  165
29  713  234,801
29  719  190,422,636
29  725  579
29  727  375
29  729  329,936
29  730  487,700
29  735  367
30  9  22
30  24  801
30  36  22,470
30  39  244
30  44  36
30  47  234,692
30  54  127
30  57  470
30  65  496
30  69  525,782,877
30  81  307
30  88  721,846
30  90  877
30  91  140
30  92  753
30  94  195,393,820
30  103  187,782
30  105  700
30  114  289,943
30  117  911
30  121  116,371
30  138  251
30  139  689,692
30  148  575,952
30  162  797
30  170  429
30  172  700
30  175  289,487
30  177  166,245,320
30  180  808
30  182  288
30  193  519
30  196  94,820
30  205  355,747
30  214  127,931
30  215  700
30  230  911
30  232  801
30  250  289,663
30  255  733
30  257  62
30  259  859
30  298  579
30  304  319
30  306  733
30  309  801,931
30  330  221
30  332  579
30  333  15
30  337  130
30  338  153,490
30  344  243,646
30  345  429
30  348  429
30  351  427
30  362  94,820
30  368  232,733
30  376  307
30  377  429
30  380  801
30  384  140,300
30  387  835
30  389  116,263,623,846
30  393  127,700
30  413  371
30  415  300,516,596
30  421  734
30  422  911
30  425  429
30  436  140,429
30  438  472,835
30  444  71
30  447  22,717,949
30  453  801
30  455  130
30  457  801
30  462  779
30  481  52
30  490  652,859,943
30  499  781
30  507  700
30  508  743
30  513  320,655,938
30  516  130
30  519  808
30  520  943
30  530  636
30  531  371
30  533  116
30  577  692
30  590  692
30  594  429
30  616  116,198,820
30  620  689,943
30  626  427,782
30  646  130,432
30  652  946
30  656  307
30  661  367
30  667  496
30  673  692
30  675  943
30  676  579,627,786
30  712  522
30  713  120,594
30  714  646
30  716  130
30  724  646
30  730  684,782,899
30  738  911
30  743  201,575,952
30  744  300,684
30  750  393
31  7  957
31  11  369
31  24  94,700,820
31  25  679
31  29  206
31  31  140,733
31  35  859
31  41  243
31  49  496
31  54  808
31  56  700
31  59  997
31  69  52
31  72  232
31  81  143
31  87  371,519,669
31  118  982
31  134  63
31  137  429
31  143  363,782
31  145  158,247
31  146  733,859
31  157  502,943
31  166  460
31  171  931
31  178  946
31  179  929
31  188  733
31  202  652
31  205  135,273
31  213  371
31  214  579
31  221  22,371,717,949
31  226  727,811
31  229  97
31  230  496
31  232  689
31  274  371
31  278  789
31  290  615
31  292  496
31  294  429
31  312  52,429
31  315  943
31  326  251
31  335  519,820,997
31  337  700
31  343  835
31  344  36,530,531,621
31  366  130,943
31  373  289
31  376  140
31  377  371
31  394  733
31  399  519,808
31  410  216,234,251
31  411  839
31  415  263,733
31  452  387,808
31  455  877
31  464  221
31  472  263
31  492  369
31  495  66
31  515  307
31  516  621
31  528  679
31  532  206
31  547  801
31  548  398,529
31  555  636
31  558  943
31  560  329,896,936
31  565  288,369
31  577  204
31  581  782
31  582  496
31  583  22
31  591  398
31  597  502
31  603  615
31  604  808
31  616  94,820
31  619  398,808
31  620  959
31  624  700
31  632  982
31  638  454
31  640  429
31  647  127,957
31  651  198,820
31  656  307
31  658  244,360,754
31  667  52,808
31  670  273,623,846
31  695  127
31  701  371,946
31  714  116,367
31  735  140
31  737  371
31  740  621
31  748  398,502
32  7  216,234
32  9  63,727,811
32  14  371
32  16  284
32  17  116,516,711
32  19  135
32  20  22
32  26  575,952
32  36  487
32  45  931
32  50  808
32  51  100,239
32  59  835
32  63  100,130,239
32  67  120,594
32  69  454,885
32  90  36
32  91  100,239,753,943
32  112  367,371
32  115  808
32  123  429
32  125  116
32  129  859
32  133  360,429,754
32  135  669
32  136  15
32  137  94,820
32  143  621
32  144  490
32  147  367
32  155  725
32  161  195,393
32  164  15
32  170  371
32  175  307,734
32  181  957
32  183  627
32  184  398
32  187  140
32  189  22
32  193  63
32  196  470
32  200  367
32  206  187
32  218  209,519
32  224  234
32  234  733
32  246  15
32  251  429
32  269  219
32  284  367
32  292  130
32  293  371
32  297  734
32  298  496
32  309  496
32  313  357
32  333  877
32  335  28,251,427,896
32  338  204,753
32  346  429
32  347  835
32  359  116
32  390  621
32  392  636
32  393  357
32  401  300,470
32  407  621
32  425  859
32  433  516,519,711
32  448  109
32  457  700
32  462  763
32  468  733
32  469  521
32  485  496,929
32  502  636,831
32  522  669
32  523  130
32  526  496
32  528  371
32  564  502
32  565  22
32  582  130
32  586  116
32  589  855
32  602  15
32  617  36
32  619  859
32  625  859
32  629  952
32  637  938
32  642  165,623,846
32  664  959
32  666  429,959
32  669  733
32  670  216,711
32  672  300
32  675  575,952
32  690  209
32  695  652
32  701  140
32  713  700
32  714  733
32  720  195,393
32  723  71,307
32  727  375
32  730  623,846
32  735  733
32  748  502
33  14  839
33  27  454,530,531,621
33  31  557
33  32  997
33  36  835
33  83  808
33  88  371
33  92  721,846
33  115  36,782
33  120  261,895
33  126  487
33  145  165,839
33  154  398
33  158  727,811,835
33  159  387,522,911
33  160  127,808
33  176  727,811
33  177  474,644
33  182  490
33  191  116
33  203  943
33  205  529
33  215  216,234,290
33  221  721,846
33  222  94,496,820
33  235  371
33  239  808
33  242  496
33  254  470
33  258  496
33  267  277
33  272  621
33  284  962
33  291  522,733
33  295  938
33  296  204
33  308  516,711
33  311  244
33  316  216,234
33  319  369
33  332  627
33  335  206,329,398,470,936
33  336  636,831
33  337  15
33  355  130
33  362  195,393
33  369  488,865
33  375  733
33  380  938
33  385  22,71,692
33  391  130
33  392  496
33  393  502
33  397  689
33  416  62
33  421  97
33  424  206
33  438  52
33  443  166,245,320,943
33  445  943
33  452  801
33  456  575,952
33  470  71
33  485  931
33  490  636
33  494  206,562
33  514  877
33  516  190,296,422,871,888
33  522  753
33  524  797
33  530  929
33  534  146,527,871,888
33  540  251
33  548  663
33  551  454,801
33  554  911
33  556  997
33  562  835
33  571  243,279,824
33  572  116
33  579  808
33  590  398
33  592  52
33  595  679
33  600  243,279,307,824
33  601  116
33  611  801
33  619  429
33  621  116
33  624  669
33  626  885
33  629  52
33  632  97
33  634  209,251
33  640  216,711
33  653  454,722
33  657  519
33  660  733
33  661  950,983
33  679  307,839,931
33  684  627
33  692  609
33  697  204
33  698  775,846,991
33  714  97
33  719  29
33  726  500,943
33  728  307
33  729  991,997
33  730  15,158,247
33  731  109
33  743  52,127,206,562,700
33  748  562,859
34  2  195,393
34  4  100,239
34  9  496
34  13  727,811
34  22  474,644
34  36  679,859
34  38  116
34  39  727,811
34  40  251,700
34  41  84
34  43  700
34  45  300,429
34  70  530,531,621
34  76  959
34  85  487,627
34  87  575,952
34  90  562
34  92  734
34  95  52
34  128  411,454
34  129  782
34  131  519,646
34  135  427,839
34  145  422
34  155  427
34  160  429
34  167  689
34  174  553
34  183  692
34  206  135,557
34  207  375
34  219  232
34  224  496
34  226  496
34  230  991,997
34  231  146,527
34  234  904
34  235  209,496
34  239  429
34  245  609
34  247  684
34  251  711,786
34  253  371
34  263  877
34  270  371
34  281  52
34  293  66
34  294  782
34  296  319
34  302  369,627,982
34  304  153,727,811
34  308  94,820
34  313  165
34  316  500
34  321  621
34  325  621
34  330  371
34  332  187
34  339  190,296,422
34  346  216
34  355  859
34  368  320,655
34  382  808
34  386  820
34  389  375
34  392  808
34  398  371
34  399  371,429
34  405  727,811
34  409  52
34  426  307,367
34  428  525
34  430  525
34  431  398
34  433  15
34  435  775,846,991
34  436  839,911
34  442  234
34  446  130,398
34  452  371
34  468  496
34  477  22,84,519,717,949
34  502  28,165,859,896
34  507  243,279,824
34  511  929
34  513  244
34  520  135
34  536  689
34  540  371,652
34  547  938
34  558  652
34  560  429
34  566  496
34  580  636
34  582  931
34  585  899
34  586  516,596
34  601  206,562
34  610  201,579
34  626  500
34  643  371
34  657  579,786
34  663  288
34  664  899
34  667  130,454,753
34  685  931
34  691  52,130
34  694  621,727,811
34  704  562
34  714  97
34  717  931
34  726  579
34  727  135
34  729  36,500
34  730  36,216,711
34  731  946
34  733  627,859
34  734  743
34  736  398
34  744  623,846
35  1  575,579,786,952
35  2  15
35  9  232
35  11  52
35  13  496
35  21  496
35  25  244
35  40  15,899
35  46  300
35  49  371
35  57  375,779
35  58  371
35  62  627
35  64  369
35  68  130
35  72  519,575,952
35  84  204,216,496,711
35  90  636
35  91  636,959
35  93  835,904
35  110  904
35  114  140
35  128  387
35  129  15
35  138  652,692
35  155  206
35  158  496,500,839
35  160  808
35  165  496
35  182  15,652
35  212  140,326,429
35  219  206
35  221  289
35  228  130
35  238  367
35  252  627
35  254  609
35  261  621,753
35  267  116
35  270  721,846
35  279  369
35  281  52
35  288  797
35  289  753
35  292  733
35  293  289
35  295  530,531,621
35  296  727,811
35  297  15
35  299  36,959
35  304  204,496
35  313  775,846,991
35  330  929
35  346  781
35  348  371
35  351  398
35  357  646
35  358  496
35  360  859
35  362  835
35  365  289
35  372  52
35  383  97
35  385  263
35  386  911
35  387  839
35  388  522
35  390  243,524,635
35  392  94,130,371,820
35  400  775,846,991
35  401  216,711
35  402  522
35  415  579
35  425  813
35  440  261,895
35  452  289
35  461  243,839
35  463  502,753
35  466  52
35  470  885
35  471  950,983
35  473  135,782
35  480  801
35  482  496,763
35  485  130,579
35  487  22
35  510  429,859
35  524  165
35  525  753,911
35  539  519
35  554  180,556,809
35  559  62
35  561  307
35  563  427
35  566  130
35  567  367
35  573  519
35  575  519
35  577  398
35  589  165,575,952
35  591  859
35  592  562
35  595  429,782
35  596  496,500
35  610  502,669
35  611  427
35  616  198,764
35  631  307
35  634  288,652
35  641  263,454
35  647  216,234
35  662  488,865
35  664  36
35  667  52,243,279,367,371,824,859,877
35  681  519
35  684  496
35  689  753
35  690  877
35  694  496,721,846
35  695  371,490
35  696  135,579
35  704  135
35  705  375
35  710  52
35  715  232
35  717  130
35  721  859
35  738  15,454
35  742  15
35  743  15,251
36  4  371
36  16  429,742
36  20  516,711
36  24  15,190,296,422
36  35  530,531,621
36  38  94,820
36  42  190,263,296,422
36  43  859
36  44  496,519
36  47  206
36  48  116
36  51  15
36  59  369
36  66  808
36  84  15
36  89  733
36  99  950,983
36  100  646
36  101  140
36  117  575,952
36  118  244
36  133  885
36  135  206,753
36  142  733
36  152  243,279,824
36  154  859
36  159  116,627
36  161  289
36  165  130
36  167  959
36  180  700
36  185  130
36  189  530,531,621
36  191  877
36  192  234
36  193  243,279,500,824,962
36  212  206,530,531,621
36  217  243,279,824
36  224  130,782
36  226  130,251
36  227  251
36  230  130,502
36  232  562
36  250  899
36  255  557
36  260  516,711
36  274  140
36  275  646
36  280  496
36  282  904
36  291  97
36  293  97
36  294  371
36  304  929
36  306  97
36  316  66
36  321  130
36  323  627
36  325  743
36  340  636
36  345  371
36  348  94,820
36  362  190,296,422,429
36  372  454
36  373  140
36  388  502
36  391  94,820
36  393  808
36  395  563,779
36  405  496
36  427  71
36  428  991,997
36  436  733
36  438  474,644,839
36  440  609
36  442  120,594
36  450  130,877
36  453  938
36  458  496
36  462  130
36  469  835
36  480  938
36  487  623,846
36  493  15,97
36  507  15
36  511  15
36  519  263,429
36  527  743
36  528  209
36  529  496
36  551  525,938
36  558  877
36  564  496
36  567  950,983
36  570  206
36  589  52
36  596  36,130
36  601  500
36  608  97
36  610  753
36  629  782
36  636  94,820
36  641  490
36  652  251
36  662  496,763
36  663  130
36  665  165
36  671  627
36  677  427
36  678  216,234
36  692  146,243,279,527,824
36  707  733,959
36  716  398
36  720  206,562
36  727  496
36  731  190,296,398,422
36  736  519
36  745  839
36  749  187,496
37  1  52,877
37  22  244
37  24  273
37  28  29,454
37  31  820
37  39  496
37  41  243,635
37  44  130
37  46  165,289,398
37  47  398,429
37  77  66
37  79  636
37  82  734,763
37  83  243
37  87  52,753
37  94  206,562
37  108  859
37  112  288
37  121  300,820
37  122  609
37  123  371
37  127  130
37  131  355,575,747,835,952
37  135  367
37  136  190,296,422,859
37  142  207,519,808,955
37  144  801
37  157  636
37  159  711,786
37  160  429
37  187  100,239
37  190  454
37  195  206,244,496
37  205  36
37  214  429
37  215  652
37  221  140
37  223  130
37  224  636,831
37  254  198,797,820
37  256  63
37  270  216,500,711
37  275  557
37  312  371,521
37  314  519
37  320  700
37  322  375,500
37  323  429
37  330  432
37  344  610
37  357  610,991,997
37  358  288,360,754
37  360  502
37  365  140
37  380  116,530,531,621
37  382  429
37  383  130
37  384  100,239
37  389  579
37  409  500
37  410  652
37  415  97,307
37  421  859
37  436  97,371
37  443  429
37  446  859
37  466  700
37  469  243,646
37  472  398
37  475  496
37  476  496
37  477  371
37  483  22
37  491  470
37  497  782
37  499  369
37  509  371
37  517  94,820
37  522  36,367
37  536  959
37  541  779
37  558  427
37  576  130
37  585  496
37  586  367
37  587  234,575,952
37  595  371
37  607  700
37  608  454
37  611  700
37  622  496
37  628  627
37  630  84
37  635  885
37  642  216,234
37  644  859
37  645  288
37  654  500
37  659  187
37  668  997
37  672  165
37  675  36,52
37  677  206
37  678  243,279,824
37  681  216,234,911
37  689  367
37  696  700
37  712  429
37  721  575,952
37  723  143
37  724  931
37  726  307
37  732  579
37  734  959
37  737  289
37  738  627
37  742  500
37  743  615,808
37  745  190,296,422
37  748  52
37  750  562
38  2  206,562,575,952
38  9  519
38  12  429
38  20  243,279,502,813,824
38  22  232,839
38  25  387,519
38  46  140,859
38  47  243
38  54  329,936
38  65  130
38  80  307
38  82  97
38  83  429
38  87  367
38  88  36,307
38  91  950,983
38  93  727,811,839
38  105  797
38  125  502
38  126  781
38  142  232
38  144  938
38  150  320,655
38  163  621
38  165  519
38  175  140
38  176  496,733
38  181  557
38  187  209
38  189  187,371,997
38  190  782
38  192  120
38  203  997
38  204  721,846
38  219  519
38  223  959
38  225  29
38  250  140
38  259  15,885
38  265  243
38  268  22,734
38  272  130
38  276  94,820
38  288  198,764
38  293  116,140
38  295  187
38  305  775,991
38  306  371
38  318  135
38  320  15
38  352  669
38  358  859
38  364  859,904
38  371  627
38  385  307
38  402  140
38  406  575,952
38  415  52
38  422  496
38  424  429
38  432  369,885
38  435  135
38  437  627
38  445  524
38  448  855
38  460  232,307
38  472  52
38  473  490,519
38  475  733
38  480  530,531,621
38  485  130,307
38  487  782
38  489  727,811
38  520  369,859
38  521  367
38  534  369
38  535  22,762
38  537  502
38  545  367,519
38  548  562
38  549  36
38  555  166,245,320
38  562  387
38  563  206,782
38  567  36
38  568  562
38  574  733
38  583  502
38  586  733
38  591  52
38  592  52
38  594  371
38  607  15
38  612  387
38  624  753
38  627  500
38  629  959
38  641  130,575,952
38  652  877
38  658  140,326
38  660  97
38  672  627
38  678  500
38  682  273
38  685  97,307
38  696  36
38  697  929
38  701  100,239
38  726  579
38  727  135
38  736  496
38  737  140,684
38  741  216,711
38  745  29
39  17  130
39  31  307
39  36  782
39  50  982
39  56  130,500
39  68  946
39  70  165
39  75  116
39  83  371,429
39  90  959
39  104  371
39  117  209
39  122  165,198,820
39  124  140,733
39  126  369
39  139  700
39  148  859
39  153  371
39  164  190,296,422,522
39  168  753
39  177  52
39  178  877
39  180  15,429
39  192  797
39  195  62,950,983
39  211  636,775,846,991
39  212  371
39  225  454,636
39  230  36
39  233  232
39  234  775,846,991
39  239  52,429
39  244  140
39  256  636
39  258  130
39  264  36,997
39  266  367,877
39  269  94,820
39  278  454,722
39  280  689
39  289  367
39  296  130
39  313  52
39  315  636
39  319  871,888
39  324  621,877
39  338  367
39  339  29
39  347  839
39  364  775,846,991
39  368  97,636,877
39  386  627
39  393  429
39  399  371
39  401  165
39  403  579,684
39  406  52,130
39  419  116
39  428  36,454
39  434  94,206,562,820
39  442  636,831
39  449  664
39  451  623,846
39  452  140
39  463  367
39  465  646
39  468  97
39  469  610,839
39  484  733
39  487  865
39  496  429
39  501  835
39  503  243
39  505  289
39  511  579,734
39  525  627
39  526  733
39  529  100,130,239,371
39  539  500
39  545  950,983
39  548  130
39  551  530,531,621
39  555  782
39  558  206
39  560  116,779
39  562  52,931
39  574  146,371
39  579  429
39  583  130
39  585  130,521
39  586  97
39  587  52
39  604  429
39  606  62
39  610  367
39  611  206
39  623  244,371
39  624  367
39  633  15
39  637  530,531,621
39  643  721,846,911
39  645  664
39  652  579,786
39  662  307
39  677  22,717,949
39  687  429
39  725  307,610
39  726  307
39  729  307
39  732  782
39  734  579,786
39  745  859
40  6  206
40  7  500,782
40  9  782
40  15  371
40  17  839
40  43  15,94,820
40  45  371
40  50  813
40  51  946
40  57  135
40  66  52,429
40  67  187
40  70  371,684
40  72  52,216,711
40  93  721,846
40  118  835
40  122  146,527
40  126  253,369
40  133  15,700
40  134  575,952
40  146  97
40  152  244,789
40  156  130
40  161  140
40  167  496
40  168  367
40  175  779
40  176  130
40  181  500
40  189  371
40  207  135
40  215  524
40  242  991,997
40  254  982
40  257  135,664
40  261  190,296,367,422,579
40  262  859
40  266  733
40  267  646
40  274  307
40  276  29
40  279  253,369
40  282  684
40  289  700
40  327  135,859
40  338  929
40  349  66,557
40  352  307
40  354  519
40  362  371
40  381  190,296,422,472
40  394  97,579
40  399  140
40  402  116
40  403  623,846
40  405  130,454
40  410  500
40  414  263
40  415  839
40  423  839
40  428  615
40  431  22
40  441  899
40  443  371
40  446  734
40  452  371
40  453  530,531,621
40  465  610
40  467  52
40  473  100,140,239,627
40  475  97,130
40  489  496
40  490  97
40  492  52
40  494  496,557
40  505  140
40  516  29,253,369
40  519  575,952
40  525  367,877
40  526  97
40  527  52,360,754
40  540  500,959
40  554  206
40  560  116
40  565  943
40  566  839
40  601  130
40  609  700
40  617  636
40  627  911
40  630  62,135
40  632  307
40  638  130
40  640  371
40  642  500
40  651  146,527
40  653  71,943
40  664  733
40  674  62
40  676  307
40  699  307
40  700  165,859
40  707  206
40  710  52
40  711  839
40  712  94,371,636
40  716  206,562,859
40  719  991,997
40  722  130
40  740  371
40  743  36,166,245,320,429
