1  2  801
1  6  290
1  7  329
1  20  516,596
1  22  650
1  23  232,959
1  25  522
1  26  28,877
1  29  290
1  31  931
1  32  206,562
1  36  692
1  40  319
1  47  519
1  48  801
1  49  319,519
1  52  519
1  66  562
1  69  22,789
1  73  997
1  82  646
1  83  519
1  102  519
1  112  782
1  116  522
1  129  663,801
1  132  519
1  133  801
1  136  692
1  139  22,219,802,957
1  140  490
1  150  409
1  163  22,300
1  165  156
1  186  997
1  187  663
1  191  946
1  200  957
1  201  646
1  210  782,997
1  211  357,663
1  231  646,899
1  242  470
1  246  320,655
2  1  232,490
2  4  519
2  11  28,519,877
2  20  454,722
2  23  663
2  30  692
2  35  409
2  39  319
2  42  28,109,877
2  45  127
2  47  127
2  59  290
2  72  997
2  79  663
2  80  646
2  82  487,734
2  85  808
2  91  782,808
2  93  409,522
2  106  646
2  108  206,562
2  114  959
2  120  899
2  137  519
2  139  502
2  157  22
2  163  502,519
2  196  522
2  202  393,870
2  206  525
2  208  646
2  209  519
2  210  684
2  214  519,522,877
2  228  319
2  230  22
2  231  367,600,666,884
2  238  409
2  241  502
3  1  393,663,870
3  4  835
3  24  522
3  28  525,621
3  38  109
3  41  22
3  68  319
3  72  957
3  74  646
3  82  519
3  88  375,409
3  92  487
3  101  663
3  103  22,409
3  109  319,621,997
3  112  519
3  114  663,808
3  120  600,666,884
3  141  140
3  154  801
3  161  808
3  165  251
3  167  319
3  172  519
3  183  22,646,692
3  189  519
3  212  290
3  213  519,997
3  238  371,782
3  240  28,877
3  244  808
3  245  789
3  247  140
4  1  206,562
4  3  393,870
4  40  22
4  48  522
4  53  516,596
4  60  782,808
4  64  319
4  66  22,28,877
4  71  692
4  73  684
4  76  44,469,802
4  79  234
4  82  127
4  89  692
4  101  319,808,943
4  102  835
4  118  470
4  121  357,502,522
4  129  692
4  136  156
4  142  519
4  155  290
4  159  290
4  169  519
4  173  140,320,655,997
4  177  522
4  184  522
4  187  516,596
4  191  300
4  203  290
4  204  357
4  212  519
4  233  207,955
4  239  28,519,877
4  242  319
5  11  263,801
5  14  519
5  17  22
5  20  519
5  21  562
5  26  393,870
5  35  789
5  38  522,621
5  40  782
5  42  621
5  48  700
5  50  519
5  63  808
5  66  153
5  69  320,454,655,722
5  70  409,519
5  71  398
5  74  663
5  75  216,525
5  80  367,502,516,596
5  94  195,393
5  137  127,522
5  146  411,454
5  149  487
5  161  116
5  165  319
5  172  801
5  173  411,454
5  174  621
5  203  801
5  222  522
5  240  263
6  9  206,319,997
6  16  820
6  31  516,596
6  36  522
6  39  244,319
6  40  219,579
6  50  127
6  51  808
6  52  127,487
6  56  957
6  70  371
6  76  911
6  86  44,469
6  89  525
6  101  636
6  112  369,962
6  117  290
6  118  251
6  121  904
6  122  899
6  133  789
6  153  519
6  173  684
6  180  519
6  182  525
6  185  22,319
6  203  427
6  206  470,679
6  214  357
6  227  140,251
6  231  733
6  235  319,409,679
6  244  371
7  4  127,839
7  6  320,655
7  18  646
7  35  454,722
7  38  725
7  39  727,811
7  43  522,801
7  52  808
7  60  371
7  61  522
7  74  931
7  77  319
7  86  689
7  87  782
7  90  319
7  93  371
7  95  28,562,877
7  96  319,409,579
7  99  782
7  112  127
7  116  22,207,801,955
7  127  319
7  152  519,733,797
7  166  459
7  168  519
7  170  393,870
7  171  522
7  172  243,279,307,824
7  173  387
7  176  319
7  183  398
7  186  684
7  190  519
7  192  997
7  198  808
7  204  904
7  212  371,725
7  217  663
7  230  319
7  231  97
7  243  663
8  2  28,877
8  4  289
8  5  782
8  12  519
8  30  109
8  55  734
8  64  470
8  68  727,811,957
8  73  700
8  76  727,811,957
8  78  646
8  84  562
8  90  997
8  99  962
8  107  801
8  109  684
8  125  22
8  132  839
8  141  646,679
8  148  562
8  150  371
8  153  127,519
8  157  519,997
8  163  156,393,870
8  171  116
8  177  290,487
8  183  733,931
8  184  692
8  185  782
8  187  22
8  200  782
8  208  393,870
8  218  156
8  219  519
8  220  28,877
8  225  109
8  234  357,646
8  241  997
8  249  836
9  9  393,684,870
9  14  801
9  17  367,824
9  22  519
9  29  997
9  40  251
9  50  470
9  51  243,371
9  55  10
9  57  562
9  90  502
9  105  836,957
9  115  22
9  118  490
9  130  319
9  142  127,646
9  146  387,692
9  148  411,454,646
9  166  949
9  168  782
9  169  127
9  173  244
9  175  516,808
9  180  679
9  194  156
9  195  290,319,782
9  197  519
9  208  367
9  215  997
9  218  251
9  219  207,725,955
9  220  263
9  221  216,409,808
9  222  663
9  234  957
9  247  409,997
10  5  962
10  14  127
10  29  684,725
10  30  398
10  46  808
10  49  127,727,811
10  53  44,469
10  54  997
10  59  66,650
10  62  789
10  64  66
10  70  721,846
10  91  371
10  99  201,553,579
10  113  663
10  129  782
10  139  216,234,911
10  144  409
10  154  519
10  164  109,801
10  168  962
10  174  679
10  175  516
10  179  782
10  187  808
10  201  369
10  205  646
10  208  251
10  212  367
10  225  663
10  227  522
10  228  470
10  234  300
10  249  234
11  3  679
11  10  127
11  11  700
11  14  525
11  19  801
11  20  982
11  28  621,663
11  31  22,646
11  35  371
11  40  201,663
11  47  808
11  62  502,679
11  71  859
11  76  496
11  79  398
11  84  22
11  87  22,207,955
11  100  140
11  103  371
11  130  727,811
11  132  579
11  136  801
11  137  808
11  147  789
11  149  734
11  151  782
11  156  319
11  165  207,652,955
11  175  371
11  178  22
11  182  290
11  185  84
11  198  371
11  206  243
11  210  859
11  215  957
11  216  522,646
11  217  997
11  226  739
11  239  263,519
12  5  669
12  6  244,725
12  7  116,454,722
12  25  116
12  30  621
12  44  502
12  47  427
12  56  801
12  62  263
12  74  579
12  92  962
12  105  801
12  110  357,802
12  129  502
12  130  519
12  140  522
12  145  835
12  146  398
12  147  782
12  156  234
12  183  219
12  185  496
12  189  409,579
12  195  962
12  198  307
12  208  201,329,936
12  222  116
12  229  646
12  230  156,802
12  231  198,820
12  241  782
12  242  982
13  1  943
13  6  427
13  8  487
13  18  367
13  30  357
13  31  579
13  33  997
13  38  29
13  46  371
13  59  519,725
13  68  496
13  85  802
13  87  28,877,962
13  88  409
13  96  307
13  114  562
13  116  116,429
13  125  522
13  127  525
13  129  700
13  142  367
13  146  360,754
13  148  367
13  154  700
13  156  490
13  160  320,655
13  162  522,836
13  193  782,957
13  195  201,320,553,579,655,725
13  201  367,802
13  217  684
13  225  516,596,621
13  239  127
13  241  393,502,684,859,870
13  246  997
13  249  120,594
14  15  127
14  21  997
14  22  319
14  27  409,801
14  32  931
14  53  579
14  59  427
14  67  836
14  69  411,454,802
14  74  367,563
14  77  801
14  91  289
14  101  371,496
14  104  808
14  109  743
14  119  187
14  121  519
14  123  519
14  124  808
14  139  327,627,671
14  143  801
14  151  962
14  152  187
14  154  127,429
14  156  496,636,831
14  161  371
14  167  44,469,519
14  169  692,808
14  182  522,692,801
14  187  371
14  190  525
14  202  156
14  205  470
14  206  454
14  207  22
14  213  127
14  216  116,367
14  219  427
14  222  943
14  223  319
14  228  782
14  238  721,846
15  1  290,820
15  4  519,808,839
15  5  753
15  22  84
15  23  943
15  27  371
15  35  398
15  57  470
15  63  371
15  91  962
15  92  263
15  105  234
15  106  367
15  133  454,722
15  143  700
15  147  127
15  165  525
15  168  201,553,579,839
15  177  535,734
15  179  562,859
15  202  522
15  211  904
15  213  808
15  223  885
15  227  116
15  241  63
16  7  579
16  12  127,409
16  25  801
16  32  63
16  35  721,846
16  44  319
16  45  957
16  58  409,490
16  61  116
16  64  982
16  81  679,957
16  95  263
16  96  156
16  101  130
16  103  801
16  105  216,234
16  112  201,553,579,808
16  133  519
16  142  232
16  150  562
16  154  519,781
16  168  22
16  175  289
16  178  470
16  181  579
16  183  859
16  197  127
16  204  22
16  205  516,596
16  208  621
16  209  243,279,824
16  214  904
16  217  519
16  225  190,296,422
16  232  411,454
16  243  519
16  244  289
17  1  725
17  9  195,393
17  16  127
17  17  522
17  27  957
17  28  320,655,943
17  33  684
17  35  71,859
17  36  519
17  46  801
17  49  808
17  55  488,865
17  59  158,247
17  62  71,575,952
17  77  519
17  80  733
17  83  519
17  85  371
17  113  663
17  117  263
17  122  409
17  132  187
17  133  487
17  134  679
17  136  251
17  143  22
17  150  808
17  159  802
17  162  646
17  170  579,786
17  177  263
17  180  127
17  182  398,454
17  187  943
17  189  371
17  195  669,727,801,811
17  203  363
17  226  192,955
17  241  623,846,997
18  15  207,955
18  16  865
18  23  575,952
18  24  109
18  27  700
18  33  243,319
18  35  398,801
18  36  398
18  40  496
18  51  289
18  53  689
18  60  289
18  62  209
18  66  127
18  68  216,234
18  70  563
18  72  684,801
18  74  943
18  76  327,671
18  79  140,326
18  85  289
18  95  575,952
18  108  692
18  121  409
18  124  367
18  130  525
18  145  66,519
18  153  127
18  160  519
18  162  116,234
18  165  727,811
18  174  743
18  176  727,811
18  178  982
18  182  859
18  195  700
18  200  962
18  217  943
18  218  652
18  225  943
18  227  201
18  229  367
18  232  44,469
18  238  962
18  245  899
18  247  997
18  249  636
19  2  263,700
19  11  781
19  12  371
19  17  519
19  19  470
19  23  52,519
19  35  938
19  39  496
19  45  216,234
19  67  234
19  72  700
19  79  943
19  80  579
19  86  959
19  90  727,811
19  92  409
19  96  496
19  107  801
19  116  232
19  118  201,519
19  133  127,700
19  136  621
19  139  216
19  147  201,454,553,579,722
19  160  470
19  165  263
19  170  519
19  182  700
19  189  127
19  197  808
19  201  733,911
19  212  127,427
19  230  502
19  241  36
19  243  835
19  246  156
20  1  636
20  21  727,811,997
20  26  263
20  29  623,846
20  32  946
20  36  367,824
20  56  727,811
20  57  329,936
20  66  204
20  69  367,824,946
20  70  127
20  76  500,689
20  83  127
20  94  206,562
20  95  931
20  113  579,943
20  115  300
20  117  485,679
20  123  519
20  158  957
20  160  982
20  162  120,367,594
20  177  116,725
20  188  621
20  195  15,84
20  198  140
20  200  201,500,553,579
20  201  97
20  246  684,808
20  247  371
20  250  808
21  13  319
21  30  29
21  32  877
21  36  116
21  51  140
21  53  307
21  78  367
21  81  216,234
21  82  367,488,865
21  90  991,997
21  91  782
21  96  130,251
21  112  429
21  113  943
21  115  307
21  117  725
21  122  371
21  135  782
21  151  201,553,579
21  154  22
21  163  579,786,835
21  167  327,671
21  171  700
21  175  329,936
21  176  496
21  179  22
21  186  216,525,579,711,786
21  188  646,743
21  194  623
21  208  251
21  216  94,733,820
21  217  636
21  221  371
21  227  140,326,610
21  228  859
21  232  327,671
21  234  367
21  246  429
22  7  369,779
22  8  734
22  15  232
22  27  500,525
22  54  519,684
22  60  140
22  69  387,911
22  70  808,959
22  73  15,216,711,943
22  74  636,727,811
22  76  627
22  84  153
22  90  684
22  92  201,371,553,579
22  117  427,802
22  124  371
22  134  209,263
22  139  22,717,801,949
22  140  116,387
22  145  839
22  154  369
22  157  398
22  158  519
22  160  813
22  167  727,808,811
22  177  427
22  178  782
22  179  375
22  194  743
22  202  251
22  203  700
22  205  375,502
22  207  502
22  223  44,469
22  228  375
22  238  801
22  243  839,943
22  247  721,846
23  3  244,579,786
23  15  519
23  22  207,835,955
23  29  427
23  30  775,846,991
23  31  808
23  45  519
23  49  429
23  50  911
23  52  429,734
23  53  959
23  61  734
23  65  502
23  70  801
23  74  733
23  84  997
23  85  140
23  87  519
23  96  187
23  111  957
23  112  669
23  116  519
23  122  261,895
23  123  127
23  132  557
23  133  71,734,808
23  144  243,371
23  147  71,669
23  153  357,808
23  154  502,692
23  163  839
23  177  472
23  181  187
23  190  802
23  194  180,556,809
23  197  429
23  208  779
23  213  429
23  219  835
23  224  22
23  226  156,319
23  247  646
24  1  427
24  4  429
24  5  997
24  14  519
24  19  375,700
24  25  232
24  26  52
24  31  808
24  48  15
24  67  579
24  69  516,711
24  81  209,500
24  89  782
24  99  669
24  103  938
24  127  525
24  129  997
24  140  94,820
24  165  454
24  179  153
24  184  116
24  186  454
24  195  753
24  196  522
24  203  63
24  207  470,490
24  211  943
24  212  801
24  214  775,846
24  215  363
24  223  327,496,671
24  225  579
24  228  135
24  229  733
24  240  562,575,952
24  241  216,711
24  245  521,600,666,884
24  246  251
24  250  371,529
25  1  263
25  10  529
25  17  727,811
25  30  859
25  44  207,955
25  45  127
25  46  700
25  59  206
25  60  290
25  63  727
25  72  15
25  78  733
25  81  579
25  84  684
25  85  911
25  86  877
25  96  557,652
25  101  289
25  105  22,762
25  126  801
25  127  454
25  135  290
25  148  387
25  152  770
25  153  671,808
25  170  522,621
25  179  204
25  193  859
25  194  553
25  200  669
25  232  387,429
25  235  209,727,811
26  14  808
26  26  786
26  27  721,846
26  28  244,636
26  31  371
26  40  801
26  62  307
26  63  289
26  64  496
26  69  263,360,754
26  75  522
26  84  623,846
26  90  496,943
26  103  530,531,621
26  107  263
26  109  216
26  126  700
26  131  28,877
26  133  801
26  135  835
26  136  700
26  137  116
26  138  156,802
26  141  209
26  144  721
26  147  429,753
26  151  669
26  164  621,700
26  168  669
26  176  646
26  177  94,820
26  187  289,782
26  188  553
26  195  206,367
26  206  650
26  210  962
26  212  808
26  222  636
26  228  579,962
26  235  679,904
26  238  669
26  240  52
26  250  562
27  1  946
27  14  429
27  15  429
27  18  646
27  20  579
27  24  116
27  26  621
27  33  623,727,811,846
27  38  957
27  48  116,522
27  63  140
27  68  500
27  77  496
27  82  733
27  88  502
27  95  66
27  99  753
27  109  130
27  114  371
27  123  808
27  126  127,429
27  130  496
27  138  519
27  141  610
27  151  753
27  159  216,908
27  160  127
27  168  782
27  169  398,429
27  170  232,808
27  171  490
27  173  623,846
27  176  367
27  183  66,802
27  186  621
27  189  808
27  210  623,846
27  223  689
27  224  409
27  231  522
27  234  165
27  246  652
28  10  429
28  27  15,801
28  31  289
28  41  650
28  43  116,946
28  44  232
28  60  859
28  62  911
28  64  158,247
28  70  300
28  74  97,684
28  77  130,997
28  87  263
28  112  753
28  116  253,369
28  121  36
28  124  289
28  135  962
28  147  371
28  153  429,904
28  159  470
28  162  733
28  183  911
28  192  140,326,684,802
28  200  753
28  205  579,991,997
28  215  156,244
28  238  530,531,621,753
28  245  646
29  10  663
29  17  496
29  18  610,733
29  27  938
29  31  289
29  39  130
29  43  782
29  45  808
29  54  623,846
29  70  429
29  79  496
29  82  429
29  88  371
29  92  669
29  93  319,519
29  99  367
29  106  733
29  107  15
29  108  63,398,997
29  113  636
29  117  206
29  127  496
29  129  398
29  135  725
29  138  627
29  151  367
29  156  797
29  166  649
29  177  206
29  182  369
29  187  579
29  189  429,801
29  192  782,911
29  197  371
29  203  621,663
29  204  371
29  206  579
29  212  733,938
29  215  801
29  223  15
29  228  307
29  241  962
29  242  813
30  9  22
30  24  801
30  36  22,470
30  39  244
30  44  36
30  47  234,692
30  54  127
30  57  470
30  65  496
30  69  525,782,877
30  81  307
30  88  721,846
30  90  877
30  91  140
30  92  753
30  94  195,393,820
30  103  187,782
30  105  700
30  114  289,943
30  117  911
30  121  116,371
30  138  251
30  139  689,692
30  148  575,952
30  162  797
30  170  429
30  172  700
30  175  289,487
30  177  166,245,320
30  180  808
30  182  288
30  193  519
30  196  94,820
30  205  355,747
30  214  127,931
30  215  700
30  230  911
30  232  801
30  250  289,663
31  7  957
31  11  369
31  24  94,700,820
31  25  679
31  29  206
31  31  140,733
31  35  859
31  41  243
31  49  496
31  54  808
31  56  700
31  59  997
31  69  52
31  72  232
31  81  143
31  87  371,519,669
31  118  982
31  134  63
31  137  429
31  143  363,782
31  145  158,247
31  146  733,859
31  157  502,943
31  166  460
31  171  931
31  178  946
31  179  929
31  188  733
31  202  652
31  205  135,273
31  213  371
31  214  579
31  221  22,371,717,949
31  226  727,811
31  229  97
31  230  496
31  232  689
32  7  216,234
32  9  63,727,811
32  14  371
32  16  284
32  17  116,516,711
32  19  135
32  20  22
32  26  575,952
32  36  487
32  45  931
32  50  808
32  51  100,239
32  59  835
32  63  100,130,239
32  67  120,594
32  69  454,885
32  90  36
32  91  100,239,753,943
32  112  367,371
32  115  808
32  123  429
32  125  116
32  129  859
32  133  360,429,754
32  135  669
32  136  15
32  137  94,820
32  143  621
32  144  490
32  147  367
32  155  725
32  161  195,393
32  164  15
32  170  371
32  175  307,734
32  181  957
32  183  627
32  184  398
32  187  140
32  189  22
32  193  63
32  196  470
32  200  367
32  206  187
32  218  209,519
32  224  234
32  234  733
32  246  15
33  14  839
33  27  454,530,531,621
33  31  557
33  32  997
33  36  835
33  83  808
33  88  371
33  92  721,846
33  115  36,782
33  120  261,895
33  126  487
33  145  165,839
33  154  398
33  158  727,811,835
33  159  387,522,911
33  160  127,808
33  176  727,811
33  177  474,644
33  182  490
33  191  116
33  203  943
33  205  529
33  215  216,234,290
33  221  721,846
33  222  94,496,820
33  235  371
33  239  808
33  242  496
34  2  195,393
34  4  100,239
34  9  496
34  13  727,811
34  22  474,644
34  36  679,859
34  38  116
34  39  727,811
34  40  251,700
34  41  84
34  43  700
34  45  300,429
34  70  530,531,621
34  76  959
34  85  487,627
34  87  575,952
34  90  562
34  92  734
34  95  52
34  128  411,454
34  129  782
34  131  519,646
34  135  427,839
34  145  422
34  155  427
34  160  429
34  167  689
34  174  553
34  183  692
34  206  135,557
34  207  375
34  219  232
34  224  496
34  226  496
34  230  991,997
34  231  146,527
34  234  904
34  235  209,496
34  239  429
34  245  609
34  247  684
35  1  575,579,786,952
35  2  15
35  9  232
35  11  52
35  13  496
35  21  496
35  25  244
35  40  15,899
35  46  300
35  49  371
35  57  375,779
35  58  371
35  62  627
35  64  369
35  68  130
35  72  519,575,952
35  84  204,216,496,711
35  90  636
35  91  636,959
35  93  835,904
35  110  904
35  114  140
35  128  387
35  129  15
35  138  652,692
35  155  206
35  158  496,500,839
35  160  808
35  165  496
35  182  15,652
35  212  140,326,429
35  219  206
35  221  289
35  228  130
35  238  367
36  4  371
36  16  429,742
36  20  516,711
36  24  15,190,296,422
36  35  530,531,621
36  38  94,820
36  42  190,263,296,422
36  43  859
36  44  496,519
36  47  206
36  48  116
36  51  15
36  59  369
36  66  808
36  84  15
36  89  733
36  99  950,983
36  100  646
36  101  140
36  117  575,952
36  118  244
36  133  885
36  135  206,753
36  142  733
36  152  243,279,824
36  154  859
36  159  116,627
36  161  289
36  165  130
36  167  959
36  180  700
36  185  130
36  189  530,531,621
36  191  877
36  192  234
36  193  243,279,500,824,962
36  212  206,530,531,621
36  217  243,279,824
36  224  130,782
36  226  130,251
36  227  251
36  230  130,502
36  232  562
36  250  899
37  1  52,877
37  22  244
37  24  273
37  28  29,454
37  31  820
37  39  496
37  41  243,635
37  44  130
37  46  165,289,398
37  47  398,429
37  77  66
37  79  636
37  82  734,763
37  83  243
37  87  52,753
37  94  206,562
37  108  859
37  112  288
37  121  300,820
37  122  609
37  123  371
37  127  130
37  131  355,575,747,835,952
37  135  367
37  136  190,296,422,859
37  142  207,519,808,955
37  144  801
37  157  636
37  159  711,786
37  160  429
37  187  100,239
37  190  454
37  195  206,244,496
37  205  36
37  214  429
37  215  652
37  221  140
37  223  130
37  224  636,831
38  2  206,562,575,952
38  9  519
38  12  429
38  20  243,279,502,813,824
38  22  232,839
38  25  387,519
38  46  140,859
38  47  243
38  54  329,936
38  65  130
38  80  307
38  82  97
38  83  429
38  87  367
38  88  36,307
38  91  950,983
38  93  727,811,839
38  105  797
38  125  502
38  126  781
38  142  232
38  144  938
38  150  320,655
38  163  621
38  165  519
38  175  140
38  176  496,733
38  181  557
38  187  209
38  189  187,371,997
38  190  782
38  192  120
38  203  997
38  204  721,846
38  219  519
38  223  959
38  225  29
38  250  140
39  17  130
39  31  307
39  36  782
39  50  982
39  56  130,500
39  68  946
39  70  165
39  75  116
39  83  371,429
39  90  959
39  104  371
39  117  209
39  122  165,198,820
39  124  140,733
39  126  369
39  139  700
39  148  859
39  153  371
39  164  190,296,422,522
39  168  753
39  177  52
39  178  877
39  180  15,429
39  192  797
39  195  62,950,983
39  211  636,775,846,991
39  212  371
39  225  454,636
39  230  36
39  233  232
39  234  775,846,991
39  239  52,429
39  244  140
40  6  206
40  7  500,782
40  9  782
40  15  371
40  17  839
40  43  15,94,820
40  45  371
40  50  813
40  51  946
40  57  135
40  66  52,429
40  67  187
40  70  371,684
40  72  52,216,711
40  93  721,846
40  118  835
40  122  146,527
40  126  253,369
40  133  15,700
40  134  575,952
40  146  97
40  152  244,789
40  156  130
40  161  140
40  167  496
40  168  367
40  175  779
40  176  130
40  181  500
40  189  371
40  207  135
40  215  524
40  242  991,997
