1  2  801
1  6  290
1  7  329
1  20  516,596
1  22  650
1  23  232,959
1  25  522
1  26  28,877
1  29  290
1  31  931
1  32  206,562
1  36  692
1  40  319
1  47  519
1  48  801
1  49  319,519
1  52  519
1  66  562
1  69  22,789
1  73  997
1  82  646
1  83  519
2  1  232,490
2  4  519
2  11  28,519,877
2  20  454,722
2  23  663
2  30  692
2  35  409
2  39  319
2  42  28,109,877
2  45  127
2  47  127
2  59  290
2  72  997
2  79  663
2  80  646
2  82  487,734
2  85  808
2  91  782,808
2  93  409,522
3  1  393,663,870
3  4  835
3  24  522
3  28  525,621
3  38  109
3  41  22
3  68  319
3  72  957
3  74  646
3  82  519
3  88  375,409
3  92  487
4  1  206,562
4  3  393,870
4  40  22
4  48  522
4  53  516,596
4  60  782,808
4  64  319
4  66  22,28,877
4  71  692
4  73  684
4  76  44,469,802
4  79  234
4  82  127
4  89  692
5  11  263,801
5  14  519
5  17  22
5  20  519
5  21  562
5  26  393,870
5  35  789
5  38  522,621
5  40  782
5  42  621
5  48  700
5  50  519
5  63  808
5  66  153
5  69  320,454,655,722
5  70  409,519
5  71  398
5  74  663
5  75  216,525
5  80  367,502,516,596
5  94  195,393
6  9  206,319,997
6  16  820
6  31  516,596
6  36  522
6  39  244,319
6  40  219,579
6  50  127
6  51  808
6  52  127,487
6  56  957
6  70  371
6  76  911
6  86  44,469
6  89  525
7  4  127,839
7  6  320,655
7  18  646
7  35  454,722
7  38  725
7  39  727,811
7  43  522,801
7  52  808
7  60  371
7  61  522
7  74  931
7  77  319
7  86  689
7  87  782
7  90  319
7  93  371
7  95  28,562,877
7  96  319,409,579
7  99  782
8  2  28,877
8  4  289
8  5  782
8  12  519
8  30  109
8  55  734
8  64  470
8  68  727,811,957
8  73  700
8  76  727,811,957
8  78  646
8  84  562
8  90  997
8  99  962
9  9  393,684,870
9  14  801
9  17  367,824
9  22  519
9  29  997
9  40  251
9  50  470
9  51  243,371
9  55  10
9  57  562
9  90  502
10  5  962
10  14  127
10  29  684,725
10  30  398
10  46  808
10  49  127,727,811
10  53  44,469
10  54  997
10  59  66,650
10  62  789
10  64  66
10  70  721,846
10  91  371
10  99  201,553,579
11  3  679
11  10  127
11  11  700
11  14  525
11  19  801
11  20  982
11  28  621,663
11  31  22,646
11  35  371
11  40  201,663
11  47  808
11  62  502,679
11  71  859
11  76  496
11  79  398
11  84  22
11  87  22,207,955
11  100  140
12  5  669
12  6  244,725
12  7  116,454,722
12  25  116
12  30  621
12  44  502
12  47  427
12  56  801
12  62  263
12  74  579
12  92  962
13  1  943
13  6  427
13  8  487
13  18  367
13  30  357
13  31  579
13  33  997
13  38  29
13  46  371
13  59  519,725
13  68  496
13  85  802
13  87  28,877,962
13  88  409
13  96  307
14  15  127
14  21  997
14  22  319
14  27  409,801
14  32  931
14  53  579
14  59  427
14  67  836
14  69  411,454,802
14  74  367,563
14  77  801
14  91  289
15  1  290,820
15  4  519,808,839
15  5  753
15  22  84
15  23  943
15  27  371
15  35  398
15  57  470
15  63  371
15  91  962
15  92  263
16  7  579
16  12  127,409
16  25  801
16  32  63
16  35  721,846
16  44  319
16  45  957
16  58  409,490
16  61  116
16  64  982
16  81  679,957
16  95  263
16  96  156
17  1  725
17  9  195,393
17  16  127
17  17  522
17  27  957
17  28  320,655,943
17  33  684
17  35  71,859
17  36  519
17  46  801
17  49  808
17  55  488,865
17  59  158,247
17  62  71,575,952
17  77  519
17  80  733
17  83  519
17  85  371
18  15  207,955
18  16  865
18  23  575,952
18  24  109
18  27  700
18  33  243,319
18  35  398,801
18  36  398
18  40  496
18  51  289
18  53  689
18  60  289
18  62  209
18  66  127
18  68  216,234
18  70  563
18  72  684,801
18  74  943
18  76  327,671
18  79  140,326
18  85  289
18  95  575,952
19  2  263,700
19  11  781
19  12  371
19  17  519
19  19  470
19  23  52,519
19  35  938
19  39  496
19  45  216,234
19  67  234
19  72  700
19  79  943
19  80  579
19  86  959
19  90  727,811
19  92  409
19  96  496
20  1  636
20  21  727,811,997
20  26  263
20  29  623,846
20  32  946
20  36  367,824
20  56  727,811
20  57  329,936
20  66  204
20  69  367,824,946
20  70  127
20  76  500,689
20  83  127
20  94  206,562
20  95  931
21  13  319
21  30  29
21  32  877
21  36  116
21  51  140
21  53  307
21  78  367
21  81  216,234
21  82  367,488,865
21  90  991,997
21  91  782
21  96  130,251
22  7  369,779
22  8  734
22  15  232
22  27  500,525
22  54  519,684
22  60  140
22  69  387,911
22  70  808,959
22  73  15,216,711,943
22  74  636,727,811
22  76  627
22  84  153
22  90  684
22  92  201,371,553,579
23  3  244,579,786
23  15  519
23  22  207,835,955
23  29  427
23  30  775,846,991
23  31  808
23  45  519
23  49  429
23  50  911
23  52  429,734
23  53  959
23  61  734
23  65  502
23  70  801
23  74  733
23  84  997
23  85  140
23  87  519
23  96  187
24  1  427
24  4  429
24  5  997
24  14  519
24  19  375,700
24  25  232
24  26  52
24  31  808
24  48  15
24  67  579
24  69  516,711
24  81  209,500
24  89  782
24  99  669
25  1  263
25  10  529
25  17  727,811
25  30  859
25  44  207,955
25  45  127
25  46  700
25  59  206
25  60  290
25  63  727
25  72  15
25  78  733
25  81  579
25  84  684
25  85  911
25  86  877
25  96  557,652
26  14  808
26  26  786
26  27  721,846
26  28  244,636
26  31  371
26  40  801
26  62  307
26  63  289
26  64  496
26  69  263,360,754
26  75  522
26  84  623,846
26  90  496,943
27  1  946
27  14  429
27  15  429
27  18  646
27  20  579
27  24  116
27  26  621
27  33  623,727,811,846
27  38  957
27  48  116,522
27  63  140
27  68  500
27  77  496
27  82  733
27  88  502
27  95  66
27  99  753
28  10  429
28  27  15,801
28  31  289
28  41  650
28  43  116,946
28  44  232
28  60  859
28  62  911
28  64  158,247
28  70  300
28  74  97,684
28  77  130,997
28  87  263
29  10  663
29  17  496
29  18  610,733
29  27  938
29  31  289
29  39  130
29  43  782
29  45  808
29  54  623,846
29  70  429
29  79  496
29  82  429
29  88  371
29  92  669
29  93  319,519
29  99  367
30  9  22
30  24  801
30  36  22,470
30  39  244
30  44  36
30  47  234,692
30  54  127
30  57  470
30  65  496
30  69  525,782,877
30  81  307
30  88  721,846
30  90  877
30  91  140
30  92  753
30  94  195,393,820
31  7  957
31  11  369
31  24  94,700,820
31  25  679
31  29  206
31  31  140,733
31  35  859
31  41  243
31  49  496
31  54  808
31  56  700
31  59  997
31  69  52
31  72  232
31  81  143
31  87  371,519,669
32  7  216,234
32  9  63,727,811
32  14  371
32  16  284
32  17  116,516,711
32  19  135
32  20  22
32  26  575,952
32  36  487
32  45  931
32  50  808
32  51  100,239
32  59  835
32  63  100,130,239
32  67  120,594
32  69  454,885
32  90  36
32  91  100,239,753,943
33  14  839
33  27  454,530,531,621
33  31  557
33  32  997
33  36  835
33  83  808
33  88  371
33  92  721,846
34  2  195,393
34  4  100,239
34  9  496
34  13  727,811
34  22  474,644
34  36  679,859
34  38  116
34  39  727,811
34  40  251,700
34  41  84
34  43  700
34  45  300,429
34  70  530,531,621
34  76  959
34  85  487,627
34  87  575,952
34  90  562
34  92  734
34  95  52
35  1  575,579,786,952
35  2  15
35  9  232
35  11  52
35  13  496
35  21  496
35  25  244
35  40  15,899
35  46  300
35  49  371
35  57  375,779
35  58  371
35  62  627
35  64  369
35  68  130
35  72  519,575,952
35  84  204,216,496,711
35  90  636
35  91  636,959
35  93  835,904
36  4  371
36  16  429,742
36  20  516,711
36  24  15,190,296,422
36  35  530,531,621
36  38  94,820
36  42  190,263,296,422
36  43  859
36  44  496,519
36  47  206
36  48  116
36  51  15
36  59  369
36  66  808
36  84  15
36  89  733
36  99  950,983
36  100  646
37  1  52,877
37  22  244
37  24  273
37  28  29,454
37  31  820
37  39  496
37  41  243,635
37  44  130
37  46  165,289,398
37  47  398,429
37  77  66
37  79  636
37  82  734,763
37  83  243
37  87  52,753
37  94  206,562
38  2  206,562,575,952
38  9  519
38  12  429
38  20  243,279,502,813,824
38  22  232,839
38  25  387,519
38  46  140,859
38  47  243
38  54  329,936
38  65  130
38  80  307
38  82  97
38  83  429
38  87  367
38  88  36,307
38  91  950,983
38  93  727,811,839
39  17  130
39  31  307
39  36  782
39  50  982
39  56  130,500
39  68  946
39  70  165
39  75  116
39  83  371,429
39  90  959
40  6  206
40  7  500,782
40  9  782
40  15  371
40  17  839
40  43  15,94,820
40  45  371
40  50  813
40  51  946
40  57  135
40  66  52,429
40  67  187
40  70  371,684
40  72  52,216,711
40  93  721,846
