0	2	237
0	8	94,516,711,820
0	15	36,243,279,824
0	18	579
0	20	340,417,470
0	22	397
0	25	187
0	28	642
0	37	942
0	38	650
0	40	459
1	5	519,579,786
1	8	621
1	14	500
1	16	206,562
1	22	393,870
1	36	63
1	37	730
2	1	419
2	7	288
2	8	32,251,522,727
2	12	730
2	17	535
2	35	387
2	36	652
3	8	519
3	10	243,824
3	11	609,839,916
3	20	525
3	21	738
3	25	470
3	38	393,870
3	39	171,519,982
4	12	763
4	26	140,326,562,615
4	31	621,636,831
5	3	340,728
5	11	109
5	13	516,711
5	19	251
5	23	843
5	35	895
5	36	258,802
5	37	615,911
6	1	97,303,728
6	4	156,209
6	6	519
6	16	439
6	22	432,459
6	25	303,728
6	26	535
6	27	340
6	28	865
6	29	251
6	33	439,742
6	36	397,865
6	39	273
7	4	209
7	6	243
7	12	454
7	17	44,469
7	25	504,615,627,808
7	27	535
7	32	327,671,904
7	36	245
7	40	621
8	19	109
8	21	146,243,527
8	22	664
8	28	219
8	29	319
9	5	738
9	18	374
9	19	663
9	36	472,779,929
10	1	120,594
10	5	623
10	15	636,831
10	26	797
10	30	398
10	33	553
10	35	140,326,417
10	36	929
11	3	29
11	5	216
11	25	649
11	26	22,470,717,949
11	32	190,358,725
11	35	284
12	2	742
12	8	209
12	10	156
12	17	251,535,553
12	19	327,459,671
12	22	288
12	27	738
12	40	454
13	8	375
13	13	627
13	17	627
13	18	627
13	19	100,239
13	20	738
13	22	646
13	30	130,135
13	35	135
14	3	524
14	13	742
14	27	553
14	33	419,742
15	6	28,742,877
15	7	243
15	21	738
15	22	609,839,916
15	26	243
15	28	28,500,896
15	30	609,839,916
15	38	684
15	39	454,738
16	9	209,261,851,908
16	10	808
16	17	470,642
16	18	535
16	33	711,786
17	2	375,519,652
17	4	22
17	6	375,782
17	15	859
17	22	962
17	35	63,135
17	37	135
18	1	500
18	7	109,609,839,916
18	8	190,296,422
18	10	459
18	14	615
18	16	738
18	22	44,469
18	35	243
18	36	29,454
19	8	779
19	12	500
19	13	397
19	22	201,500
19	30	244
19	32	843
19	36	879
19	37	454,459
19	38	802
20	2	575,952
20	7	519
20	11	52
20	12	206,562
20	20	663
20	23	32,727
20	26	535
21	3	738
21	6	271
21	10	36
21	12	2,650
21	19	439,779
21	20	201
21	24	915
21	25	627
21	39	621
22	3	109
22	7	742
22	12	254
22	14	439
22	17	621
23	7	519,621
23	9	206,562
23	10	327,671
23	19	472
23	27	63
23	38	563
24	3	730
24	12	730
24	15	109,209
24	16	156,298
24	20	615
24	22	195,393,663
24	24	649
24	26	167
24	29	29
24	34	816
24	36	621
24	37	22,498,717,949
25	2	243,459
25	14	684
25	15	253,369,371
25	17	216
25	18	579
25	22	187
25	26	663
25	27	22,717,949
25	30	730
25	34	216
25	35	288
26	4	496
26	16	460
26	19	519
26	28	859,997
26	30	29,779
26	32	393
26	33	130
26	40	251
27	4	28,209,525
27	6	419
27	14	417
27	16	331,519,961
27	21	535
27	24	29,439,535
27	25	32,727
27	27	171,232,649,982
27	28	865
27	34	865
27	38	535,725
28	2	434,507
28	3	652
28	5	460,535
28	7	535
28	8	609,839,916
28	9	738
28	13	663
28	15	738
28	17	728
28	22	592
28	24	369,439
28	30	738,967
28	36	22,223,717,871
28	37	967
28	38	240
29	8	763
29	9	663
29	10	374
29	11	324
29	13	738
29	20	243,635
29	31	591
29	36	130
30	3	216,553
30	11	789
30	15	192,955
30	27	369
30	33	243,635,957
30	38	652
31	1	251
31	9	459
31	10	254,949
31	11	303,728
31	12	946
31	18	439,649
31	21	877
31	24	865
31	36	650
32	1	946
32	2	288,877
32	5	419
32	6	524,609,839,916
32	12	22,216,432,717
32	23	36
32	26	417
32	32	738
32	34	730
32	35	498
33	2	730
33	11	29
33	22	498
33	23	454
33	25	387,946
33	32	84
33	33	877
34	2	36,763
34	9	439
34	12	562,865
34	16	22
34	22	500
34	33	742
35	11	496
35	19	432
35	20	130,216,234
35	21	432
35	25	22,717,949
35	29	216,234,454
36	1	929
36	2	636,831
36	4	908
36	6	216
36	7	663
36	16	244
36	28	22,717,949
36	29	650
36	30	519
36	37	711,786
37	9	156
37	18	730,738
37	21	156,432
37	26	642
37	32	498
37	40	216,243,279,824
38	3	730
38	10	156
38	13	109
38	19	615
38	21	156,621
38	22	908
38	28	916
38	35	711,786
38	38	251,627
38	40	251
39	18	579,786
39	28	439
39	30	298
39	34	271,649
39	38	167,915
40	1	419,728
40	12	553
40	14	140,326,439
40	24	779
40	25	516,711
40	36	201,557,865
41	5	472
41	8	609,839,916
41	10	738
41	27	563
42	1	519,627
42	3	206,562
42	27	393,870
42	31	22,717,949
42	40	529
43	15	579
43	20	502
43	25	808
43	26	592
43	31	369
43	33	187
43	36	929,991,997
44	10	94,553,820
44	11	340,419
44	22	32,470,727
44	35	535
45	4	519
45	13	127
45	15	371
45	25	974
45	32	393,870
45	37	63
45	38	201
45	40	2
46	1	409
46	13	459
46	20	460
46	24	949
46	32	553
46	34	371
46	36	140,326
47	22	369,779
47	28	44,469,519
47	31	387,454
47	37	535
47	40	195,393
48	2	29
48	6	127,763,765
48	10	562,789
48	21	71
48	24	22,942
48	31	307
48	35	496
48	39	130
49	11	946
49	15	535
49	22	535
49	26	877
49	28	636,831
49	30	967
50	7	908
50	14	929
50	15	206,562
50	22	393,865
50	37	470
51	5	500
51	7	216,664
51	13	946
51	16	859
51	20	237,454
51	22	29,877
51	30	216,642
51	32	127,765
51	34	371
51	39	942
52	12	763,949
52	16	562
52	32	22,251
52	33	779
52	37	258
52	40	636
53	7	271
53	9	298
53	12	375
53	17	135,649
53	39	167,915
54	2	216
54	3	417
54	16	908
54	27	470,779
54	39	84,500,535
55	14	557,730
55	31	693,730
56	1	636,831
56	16	500
56	20	967
56	24	650,779
56	25	397
56	28	652
56	37	742
57	1	298,974
57	2	524
57	3	369
57	8	487,579
57	13	649
57	20	472,967
57	24	502
57	31	167
57	39	474,644
58	1	785
58	6	340
58	8	728
58	9	237,535,663
58	10	127
58	14	553,942
58	19	109
58	22	553
58	23	109,865
58	31	615
58	37	836
58	38	942,967
59	21	94,820
59	34	251,522
60	9	36,781
60	11	271
60	17	369,432
60	22	553,871,888
60	27	216,253,369,785
60	28	621
60	34	664
60	37	216,234
61	1	156
61	5	500
61	8	429,663
61	10	664
61	21	29,592
61	26	363
61	29	808
61	32	140
61	36	459
61	38	621,727,811
61	39	251,779
62	10	519,742
62	16	100,206,239,562
62	17	303,393,728,870
62	25	63
62	26	738
62	38	439
63	5	298
63	10	109,237
63	17	615
63	22	165
63	28	621
63	29	942
63	33	859
63	35	650
64	10	22
64	14	782
64	17	859
64	35	962
64	39	201,553,579
65	1	97,434,507,663
65	2	884
65	4	28
65	7	251,522
65	9	397
65	15	273
65	16	967
65	24	865
65	40	879
66	3	779
66	7	237
66	9	298
66	13	524
66	22	167,519
66	24	636,642,831
66	32	244
66	34	816
66	35	650
66	36	195,393
67	1	303,728
67	2	439
67	8	579
67	11	303,728
67	16	439
67	20	600,666,884
67	22	865
67	35	470
67	36	232
67	39	187
68	8	472
68	15	562,738
68	19	153,538,978
68	25	303,728
68	29	474,644
68	37	502,563
68	40	865
69	6	419
69	7	500
69	16	500
69	19	244,454,538,978
69	26	243,635
69	27	454,535
70	2	109
70	5	519
70	8	195,393
70	13	500
70	17	29
70	20	427
70	29	664
70	34	525
70	38	206
71	7	261,895,908
71	14	742
71	16	261,398,470,895
71	27	609
71	29	216
71	32	663
71	34	460
72	5	949
72	6	251
72	9	623,846
72	15	459
72	17	271
72	20	258
72	25	22,717,949
72	27	130,209
72	32	271
72	40	243
73	1	609,839,916
73	2	500
73	7	738
73	8	500
73	16	738
73	26	454,664
74	2	44,459,469
74	4	397
74	9	609,839,916
74	17	949
74	21	859
74	22	627
74	26	127
74	30	439,529
74	32	738
74	34	319
74	35	153
75	1	216
75	5	22,717,949
75	6	100,239,500
75	10	553
75	17	535
75	22	374
75	24	165
75	27	646
75	35	525
75	38	459,684
76	20	243
76	24	434,507
76	26	2
76	33	650
76	38	243,279,824
77	3	109,427
77	10	166
77	13	20,741
77	15	663
77	18	730
77	23	763
77	25	562
77	27	621
78	1	374,496
78	8	44,469
78	11	327,646,671
78	12	742
78	22	22,130
79	6	100,239,500
79	13	781
79	19	369
79	21	646
79	27	2
79	34	253,369,398
80	5	209
80	7	770
80	8	535
80	11	320,627
80	22	363,529
80	37	621
81	6	22
81	8	459,859
81	11	636,782,831
81	14	621
81	30	730
81	36	650
82	7	525
82	18	156,216
82	19	636,779,831
82	24	650
82	31	22,717,949
82	32	251
83	5	500,738
83	9	303,728
83	11	2,650,865
83	18	525
83	22	663
83	28	52
84	6	636,831
84	30	190,358,725
84	32	650
85	5	946
85	21	209
85	26	496
85	28	684
85	32	472,535
85	33	109,371
85	34	500
85	35	454
85	39	563,738
86	3	165,237,652
86	5	432,500,859
86	8	454
86	31	642
87	9	271
87	12	500
87	15	419
87	18	393,870
87	20	243,279,635,824
87	23	63,652
88	3	859
88	6	409,636,650,831
88	38	650
89	9	375
89	26	500
89	31	650,730
89	33	454
89	40	84,135
90	7	974
90	8	562
90	18	417
90	23	153,684
90	29	204,216,711
90	30	535
90	34	243,279,824
90	37	967
91	1	419
91	3	500
91	21	500
91	35	32,525,727
92	4	84
92	7	340
92	14	664
92	18	500,738
92	26	100,239,303,728
92	33	2,650
92	36	36
92	38	646
93	3	779
93	15	982
93	19	209
93	22	553,615
93	27	201
93	29	140,326
93	38	190,358,535,725
93	39	813
94	10	216
94	22	251
94	23	470
94	27	96,153,331
94	33	572
94	36	204,223,871
95	3	29
95	29	663,974
95	35	538,978
95	36	621
96	1	127,553
96	7	500
96	8	553,652
96	9	254,500
96	10	459,500
96	14	763
96	15	504,535,562,627
96	23	22,28,36,237
96	25	967
96	26	140,411,454
96	30	387,398
96	36	525
96	40	140,326,516,711
97	6	22
97	8	500
97	10	215
97	11	271
97	23	288
97	27	389,460
97	32	327,454,671,962
97	34	500
97	36	525
97	40	915
98	4	535
98	17	434,507
98	19	525
98	21	500
98	24	967
98	33	2,454
99	7	109,244,859
99	18	615
99	23	738
99	32	621
99	38	535
100	8	120,594
100	11	636,831
100	14	684
100	21	496
100	30	303,439,728
100	32	130
100	34	865
101	12	303,728
101	17	519
101	24	865
101	26	439
101	28	636,831
101	31	84
101	32	865
101	39	127,765
102	4	22
102	7	782
102	10	237
102	16	859
102	24	730
102	29	646,962
102	38	942
103	2	419
103	5	419
103	12	535
103	14	32,439,727
103	16	397,865
103	31	879
103	35	274,443,673
104	1	271
104	6	664
104	12	429
104	13	820
104	16	319
104	18	36
104	20	727,811
104	22	865
104	25	130
105	4	109
105	12	664
105	23	615
105	26	36,319
106	1	500,730
106	2	498,500,525
106	8	500
107	2	127,156
107	4	237
107	7	836
107	16	216
107	18	209
107	19	22,717,946,949
107	23	130
107	28	742,942
107	36	859
108	5	636,831
108	8	763
108	11	439,562
108	25	942
108	30	22
108	33	652
109	5	779
109	15	84,500
109	23	201
110	5	946
110	6	243,279,824
110	14	432
110	20	877
110	28	243,635
110	31	434,507
110	34	219
110	35	156
110	36	251,572
110	40	223,871
111	2	553
111	3	459
111	10	303,728
111	14	949
111	20	156
111	32	730
111	36	251,439
111	37	865
111	38	652
112	8	664
112	14	156
112	26	460,472
112	30	684
112	35	251
112	37	623,846
112	38	319
112	39	525
112	40	251
113	12	271,730
113	13	785
113	19	579
113	22	636,831
113	23	187
113	29	215
113	30	389
113	39	84
113	40	62
114	9	500
114	15	100,239
114	19	432
114	20	216,234
114	24	374,592
114	32	646
114	38	369
115	3	525,775,846,991
115	6	779
115	8	298
115	9	649
115	16	519
115	17	171,982
115	28	742
115	30	167
115	33	816
115	38	329,936
115	39	22,717,949
115	40	109
116	7	127
116	10	529
116	13	684
116	15	974
116	28	496,684
116	35	535
117	5	763
117	10	562
117	26	621
118	3	434,507
118	15	244
118	20	2
118	22	519
118	25	94,340,820
118	29	100,239
118	35	646
118	36	153
118	39	470
119	5	664
119	9	459
119	12	763
119	23	949
119	26	22,319
119	32	649,663
119	40	243,727,811
120	12	535
120	23	166,245,251,320
120	30	663
120	31	739
121	1	943
121	2	36
121	4	298,419,663
121	5	156,649
121	12	156
121	14	251
121	18	636
121	31	340
121	33	535,816
121	35	650
121	40	251,288
122	6	156,417
122	12	251
122	13	663
122	32	621
122	39	652
123	5	251,522,859
123	12	488,779,865
123	25	251
123	27	201
124	1	232,500
124	4	621
124	19	636,831
124	28	650
124	30	496
124	32	130
124	36	525
124	40	743
125	4	636,831
125	20	237,650
125	22	636,831
125	25	427
125	26	929
125	29	650
125	33	650
126	6	779
126	10	929
126	11	216
126	12	156
126	16	946
126	18	251
126	28	915
126	37	877
127	4	237
127	7	298,500,525
127	10	575,642,779,952
127	12	649
127	21	621
127	22	251
127	23	942
127	26	71
127	28	167,615
127	29	743
127	36	885
127	39	525
128	5	525
128	15	216
128	16	165
128	32	171,982
128	35	22,717,949
128	38	251,522
129	19	500,519
129	34	646
130	3	524
130	9	166,320,375,419
130	11	84,738
130	14	135
130	19	156
130	21	329,936
130	24	525,739
130	27	303,728
130	28	367,824
130	37	62,865
130	38	251
130	40	52
131	16	29
131	17	500,908
131	19	649
131	20	470
131	21	271
131	32	915
131	38	525,786
131	40	738
132	3	553,592
132	9	109,553
132	10	84,615
132	13	417
132	19	209,459
132	20	94,820
132	21	500
132	23	439,525,535
132	29	140,326,369,519
132	32	140,326
132	33	62,535
132	39	538,967,978
133	13	216
133	14	375,419
133	16	307,460,610,820
133	26	143
133	27	135,261,367,535
133	37	785
134	3	397
134	12	417
134	13	615,636,663,808
134	33	369
134	34	621
135	5	219
135	9	692,730
135	19	500,664
135	21	319
135	23	419
135	34	663
136	4	472
136	6	156,519
136	25	206,562
136	26	474,644
136	29	63,298
136	30	563
136	40	167,187
137	1	535
137	2	636,831
137	6	298,982
137	7	166,245,320,419
137	13	649
137	17	329,936
137	19	650
137	21	167
137	26	967
137	31	500
137	32	816
137	38	525
137	40	739
138	5	553
138	10	298
138	14	371,579
138	16	156,649,785
138	17	167,187,519
138	19	167
138	23	251,398,621,938
138	32	140,326,529
138	35	779
138	39	816
139	12	519
139	19	439
139	21	500
139	25	195,393,519
139	29	454
140	4	865
140	6	738
140	16	843
140	18	895
140	25	327,671
140	28	802
140	30	911
141	6	519
141	7	206,516,562,711
141	8	63
141	16	232,730
141	29	498
141	33	663
142	6	298
142	7	36
142	9	836
142	10	730
142	11	498
142	14	649
142	25	167
142	33	234
142	37	243,816,824
142	40	284
143	21	908
143	26	439
143	29	470
143	30	865
143	32	946
143	40	877
144	2	298,836
144	14	916
144	20	432,840
144	24	649
144	28	84,742
144	32	237
144	34	234
144	36	942
144	40	167
145	20	417
145	22	627
145	29	538,978
145	38	529
146	1	398
146	2	216,684
146	3	29
146	6	779,931
146	8	243
146	9	470,636,831
146	12	650
146	24	216
146	39	36,251,649
147	1	303,636,728,831
147	5	109
147	12	439
147	13	650,865
147	23	237
147	24	340
147	26	244
147	30	942
147	36	243,824
148	3	298
148	4	28,649,877
148	5	303,728
148	12	779
148	14	167
148	17	439
148	18	816
148	19	397
148	34	879
148	38	232
149	2	156,500
149	7	254
149	13	165
149	17	251
149	32	500,636,831
149	35	820
149	38	245,525,865
149	39	525
150	3	739
150	11	460
150	19	908
150	22	261,851
150	25	243,279,824
150	29	298,711,786
150	34	649
150	35	167,243,615
151	4	29,439
151	15	460,519
151	20	738
151	30	2,261,650,851
151	31	243
152	5	562,770
152	6	243
152	8	397
152	13	371
152	16	938
152	23	195,393
152	25	216
152	26	615
152	27	553
152	30	879
152	37	915
152	40	140,326
153	3	500,763
153	9	562
153	38	22,319,610,738
153	39	367
154	20	216,303,728
154	24	684
154	25	439,623,846
154	37	859,865
155	2	237
155	7	190,358,725
155	10	237
155	12	642
155	17	739
155	18	652
155	20	942
155	22	439,904
155	38	865
156	4	519
156	5	763
156	7	627
156	8	562,649
156	14	288
156	16	237
156	22	535
156	26	63,642
156	36	529,621,942
156	38	432,652
157	2	636,717,831,949
157	11	84
157	20	251
157	24	439,500
157	33	62,525
157	36	739,865
158	8	397
158	17	623,730
158	20	417
158	22	498
158	34	556,779,809
159	11	237,738
159	20	642
159	36	271
160	5	237
160	7	44,469
160	16	397
160	18	879
160	23	519
160	24	770
160	27	243
160	34	363
160	35	393,942
160	36	621
161	2	271,500
161	12	592
161	23	120,594
161	27	908
161	33	470
161	35	797
162	4	397
162	8	216,879
162	18	28,877
162	19	627
162	27	929
162	30	251,522,538,978
162	33	516,575,711,952
162	39	52
163	3	789
163	4	730
163	5	84
163	10	237
163	20	319,500
163	21	417
163	24	642,693,974
163	30	525
163	32	171,982
163	36	942
163	38	727,811,885
164	1	97
164	2	243,279,824
164	6	419
164	8	727
164	18	355,535,747
164	19	97
164	20	187
164	39	733,797
165	10	340
165	17	254
165	18	460
165	25	261,851
165	34	504,627,808
165	38	652
166	1	97
166	6	187
166	12	439
166	16	319
166	22	417
166	24	730
166	25	340,865
166	40	498,525
167	5	500
167	7	216,725
167	8	237
167	10	427
167	16	22,206,717,949
167	24	942
167	31	525
168	2	730
168	8	209,738
168	18	28,877
168	31	535
168	35	498
168	38	785
168	40	855
169	14	261,895
169	16	609
169	19	496
169	20	763
169	21	957
169	25	130
169	39	22,190,358,725
170	1	609,730,839,916
170	7	610,627
170	13	738,789
170	16	525
170	19	209,232
170	20	519
170	24	71
170	30	529
170	35	367
170	40	498
171	8	763
171	10	519
171	11	562
171	13	22,562,649
171	20	535,808
171	22	967
171	24	419
171	29	22
171	35	251
171	36	877
171	37	258
172	4	432,519
172	7	216,234,524
172	8	610
172	27	371
172	30	367
172	36	63
172	37	245,329,730,936
172	40	498
173	5	500
173	9	216,738
173	11	779
173	12	652
173	20	434,507
173	27	251
173	34	2,525,650
174	1	519
174	3	500
174	5	519
174	8	500
174	10	417
174	31	190,232,358,725
174	33	454
174	37	454
174	40	627
175	4	243
175	12	730
175	20	908
175	29	538,609,738,820
175	33	865
175	37	738
175	38	284
176	1	865
176	6	579
176	8	843
176	9	298,929
176	15	609,839,916
176	20	649
176	21	167
176	22	895,915
176	26	738
176	28	187
176	30	802,816
176	31	911
177	5	535,592
177	22	166,245,320
177	31	500
177	35	525
177	38	374,877
178	8	419
178	15	271,684
178	18	303
178	20	32,727
178	22	84,535
178	29	579
178	34	439
178	40	865
179	1	243
179	9	109
179	13	28,896
179	16	29
179	19	44,469
179	20	664
179	21	649
179	22	516,711
179	25	319
179	33	130
179	34	135,156
179	40	251
180	2	216,538,978
180	3	553
180	18	216
180	22	140,326
180	32	22,516,711,717
181	1	209
181	10	684
181	12	419
181	13	865
181	19	843
181	24	500
181	25	982
181	26	454,623,846
181	30	535
181	34	802
181	38	371,911
181	39	808
182	1	109
182	5	109
182	6	621
182	8	553
182	19	615
182	20	621
183	6	109
183	8	190,296,422,781
183	10	789
183	14	71
183	37	562
184	1	97,244
184	2	303,728
184	3	439
184	14	865
184	15	273
184	17	500
184	21	525
184	27	733,797
184	40	375
185	3	553
185	11	663
185	18	487
185	19	237,500
185	20	734
185	23	135
185	28	432,942
185	35	216,234
186	13	209
186	23	243,635
186	29	135
186	33	398,500,663
186	39	865
187	12	738
187	13	2,650
187	14	575,952
187	15	519,949
187	17	649,663
187	21	206,562
187	33	52,288
187	36	734
188	4	820
188	9	190,271,296,422
188	11	94,820
188	15	650
188	18	865
188	21	915
188	25	470
189	3	519
189	7	206,562,946
189	9	84,877
189	15	877
189	23	62
189	26	393,870
190	3	500
190	11	525
190	16	303,728
190	17	730
190	19	519
190	26	779
190	36	439
190	37	195,393
191	10	730
191	11	298
191	17	859
191	19	609,839,916
191	21	650,738
191	22	130
191	25	738
191	37	816
192	1	846,991
192	3	502,859
192	19	636,692,739,831
192	22	500
192	25	525
192	30	797
192	33	496
192	36	553
192	40	130
193	4	500,553
193	12	303,728
193	16	165
193	18	439,600,666,884
193	27	865
193	30	519
193	33	454
194	1	216,303,728
194	4	206,562
194	5	943
194	6	779
194	9	516,711
194	10	109
194	21	22,717,949
194	22	439,859,943
194	25	535,615
194	26	621,627,636
194	29	63,865
195	6	109,243
195	9	251,522
195	12	460
195	13	621
195	17	500
195	24	387,498
195	32	417
195	38	201
196	16	500
196	17	195,454
196	18	419
196	24	472,519
196	27	474,644
196	34	535
196	37	36
197	4	836,908
197	30	470
197	31	711,786
197	33	243
197	39	535
198	3	94,820
198	8	303,728
198	27	84,94,439,820
198	39	470
199	9	419
199	12	298
199	14	649
199	27	167
199	35	779,816
199	38	251
199	39	243,279,824
200	1	109
200	3	649
200	5	29
200	12	779
200	21	243
200	25	167,649
200	36	816
201	1	730,946
201	7	251
201	11	28
201	12	519
201	15	865
201	16	579,781
201	18	209,369
201	20	419
201	21	498,779
201	24	419,871,888
201	26	859
201	29	374
201	32	271
201	36	251,271
201	37	915
201	38	535
202	2	237
202	3	500,642,859
202	7	459
202	22	949
202	24	649
202	25	500
202	36	942
202	37	300,454
203	9	519
203	16	535
203	39	967
204	11	187,298,419
204	12	649,700
204	18	36
204	26	167
204	27	15
204	28	811
204	40	127,429,816
205	18	307,579,786
205	20	143
205	21	621
205	25	636,831
205	32	29,621
205	36	743
206	1	516,711
206	9	432
206	11	524,779
206	16	216,234,519
206	26	84
206	28	763
206	29	562
206	34	62,63
206	36	22
207	5	763
207	11	298,432
207	12	649
207	20	167,216,234
207	32	562
208	8	303,728
208	13	156,439,663
208	14	251
208	15	419,730
208	36	663,865
209	6	627
209	9	303,728
209	10	439,529,730
209	19	397
209	37	498
209	40	879
210	6	109
210	27	156,397,417,738
210	30	243,664
210	31	519
210	32	615,879
210	34	663
211	1	500
211	3	454
211	9	340,496,949
211	10	789
211	12	71
211	13	374
211	16	885
211	19	652
211	25	44,439,469
211	30	258,650
211	31	327,671
211	35	52,865
211	37	742
212	12	652
212	18	535
212	26	454,553
212	29	127
212	34	284,967
212	37	738
212	40	459,742
213	4	459
213	18	417,789
213	20	71
213	28	609,839,916
213	30	397,949
213	31	649
213	33	243,635
213	34	738
214	1	500,946
214	6	562
214	12	472
214	14	500
214	21	22
214	23	498
214	33	474,644
214	38	563
215	6	946
215	11	877
215	24	62
215	30	609,839,916
215	31	738
216	2	535
216	3	579,820
216	9	209
216	15	535
216	22	209
216	31	187
216	32	865
216	37	369,422,967
217	13	779
217	23	730,929
217	26	636,831
217	27	572
217	34	223,871
217	37	432
217	38	201
218	3	29,146,527
218	15	432
218	37	198,764
218	39	460
219	2	779
219	8	109
219	13	717,942,949
219	31	62
219	32	879
219	33	251
220	24	209,929
220	32	100,239,417
220	35	535,646
221	1	28,877
221	7	207,609,839,916
221	16	908
221	18	738
221	21	470
221	32	180,556,809
222	3	519,730
222	5	109,206,562
222	6	942
222	13	397
222	16	500,808
222	27	855
222	29	525
222	36	621,879
223	3	609,839,916
223	14	908
223	19	303,728
223	25	439
223	30	470
223	33	271,738
223	37	579
224	15	97
224	27	109
224	28	615
224	30	439,655
224	38	273
224	40	733,797,865
225	11	530,531,621
225	19	187
225	27	700
225	34	15
226	2	271
226	12	419
226	13	32,727
226	18	29
226	19	535,664
226	33	915
226	39	94,820
227	1	775,846,991
227	9	739
227	23	535
227	37	967
228	5	429
228	6	684
228	10	500
228	15	371
228	19	789
228	21	215
228	22	846
228	37	454
228	39	140
229	2	146,527,575,952
229	17	52,730
229	20	519
229	24	498
229	28	572
229	32	223,460,871
229	38	240
230	9	417,460,500
230	12	28,261,851,908
230	13	371,865
230	18	320,409,655
230	27	525,843
230	28	371
230	29	535
230	37	967
231	37	535
231	38	579,967
232	5	627
232	14	535,562
232	15	153,216
232	16	967
232	18	652
232	22	44,469
232	35	204,327,671
233	1	865
233	3	843
233	5	261,895
233	6	663
233	8	237
233	10	579
233	11	895
233	15	284
233	26	802
233	34	642
233	35	911
233	39	942
234	5	500,519
234	6	649
234	9	127
234	15	209
234	16	649,781,820
234	17	779
234	20	369,865
234	24	206,562
234	29	393,432,870
234	33	871,888
234	37	216,234,253,369
235	14	63
235	20	779,908
235	29	251,516,711
235	31	470
235	34	36
236	4	109,411,454
236	5	409,808
236	9	165
236	17	109
236	19	371
236	21	232,609,839,855
236	22	615
236	35	967
236	37	652
236	39	387
237	8	397,516,711
237	10	879
237	16	237
237	21	459
237	27	949
237	28	650
237	31	649
237	39	454
238	14	340
238	20	127,454
238	23	636,742,831
238	25	485
238	26	650
238	35	454
238	40	529
239	7	535
239	10	730
239	11	524
239	13	28,664,877
239	16	97
239	23	693
239	25	967
239	31	187,207,329,525
240	3	109,243,635
240	16	500
240	26	525,621
240	33	398,652,820
240	38	340,865
241	19	109,156
241	21	738
241	22	763
241	35	432,738
241	37	29
241	38	271,808
242	8	781
242	13	369
242	15	209
242	21	253,369
242	29	519,535
243	5	730
243	11	206,562
243	23	498
243	30	393,870
243	32	967
243	34	63
244	8	738
244	9	535,579
244	12	419
244	18	785
244	24	201
244	29	684
244	31	535
244	32	32,187,727,967
245	1	663
245	2	946
245	4	307
245	5	663
245	9	877
245	16	100,239
245	21	646,877
245	23	967
245	26	244
245	35	797
246	4	434,507,609,839
246	8	519
246	9	2
246	10	836
246	17	738
246	24	393,870
246	28	63
247	2	109
247	6	190,296,422
247	7	553
247	9	730
247	16	498
247	26	29
247	28	439
247	33	865
247	40	165
248	2	623
248	12	156,684
248	13	251,846
248	24	216,711
248	30	460
248	36	36
249	1	579
249	2	553
249	10	36
249	13	307
249	14	700
249	15	15,393,524,870
249	19	187
249	20	650
249	21	63
249	28	127,140,326,429
249	30	652,967
249	35	156
249	38	143
250	1	253,369,553,664
250	5	156,209,432
250	21	519
250	28	140,216,234,326
250	34	251,288,535
250	40	319
251	1	29
251	10	763
251	13	808
251	14	562,730
251	20	303,728
251	37	22,693,808
252	7	636,831,982
252	19	623
252	26	496,627
252	29	180,529,556,809
252	32	288
252	39	592
252	40	369
253	10	232
253	16	109
253	20	615
253	22	621
253	35	2
254	7	763,779
254	9	730
254	15	664
254	17	201,303,728
254	31	454,498
254	34	562
254	35	439
254	37	865
255	3	763
255	4	730
255	11	519
255	16	516,711
255	17	500
255	18	454
255	27	195,393
255	28	592
255	29	109
255	33	271,562
255	36	369
255	39	615
256	8	237,419,519
256	11	97
256	13	429
256	18	32,371,553,642
256	22	273,375,663
256	25	942
256	30	140,326
256	40	135
257	6	298
257	14	459
257	16	649
257	24	167
257	32	949
257	35	22,717,949
258	9	432
258	11	535
258	14	652,663,974
258	20	865
258	27	519
258	31	650,967
258	33	22
258	34	684
258	36	216
259	5	530,531,621
259	7	165
259	10	187
259	14	700
259	18	15
259	23	127,429
259	30	201
259	32	474,644
259	33	563
260	6	254,808
260	8	500,504,524,525
260	9	209,785
260	16	417
260	20	244
260	23	663
260	26	439,859
260	39	575,952
260	40	245,529
261	12	779
261	16	562,609,839,916
261	30	553
261	33	201,398
261	34	738
262	1	779
262	2	216
262	3	535
262	8	782,982
262	12	859
262	19	967
262	20	962
262	21	251
262	28	320,655,808
262	29	22,717,813,949
262	31	251,669,813
263	9	460
263	13	763
263	15	562
263	19	209,579,786
263	20	621
263	23	261,851
263	37	243,635
264	1	753
264	5	367
264	10	209
264	11	303,728
264	17	820
264	22	439
264	23	29
264	35	865
265	4	22
265	5	782
265	8	340
265	11	859
265	13	962
265	14	201,553,579,650
265	15	251,877
265	24	669
265	25	553
265	26	140,326
265	40	663
266	11	44,469
266	12	36,470
266	13	135,327,411,454
266	19	387
266	24	663
266	25	519
266	33	623,846
267	4	209,779
267	15	535
267	37	100,239,397
267	39	879
268	1	28,519,877
268	15	207,649,955
268	18	167
268	27	460
268	32	496,816
268	38	130
269	1	28,877
269	10	946
269	15	165
269	26	216
269	29	22,243,279,717
269	30	417
269	37	779
269	38	877
270	10	261,271,895
270	19	946
270	24	460
270	40	409,730,915
271	5	28,340,417,877
271	23	398
271	24	519,820
271	30	535,538,928
271	40	967
272	12	519
272	14	206,562
272	15	439
272	22	439
272	23	865
272	24	393,870
272	29	156,865
272	33	243,279,733,824
272	35	251
273	2	779
273	10	156
273	15	730
273	23	298,946
273	30	877
273	32	307
273	37	167
273	40	251,816
274	1	434,507
274	4	535
274	7	500
274	14	733
274	16	525
274	17	28
274	20	572
274	36	775,846,991
274	38	340
274	39	967
274	40	240
275	2	535
275	9	261,650,895
275	21	859
275	25	36
275	37	198,764
276	9	375,397
276	10	100,239
276	12	820
276	16	195,393,879
276	19	284,865
276	21	135
276	28	2
277	1	237,663
277	2	243,419
277	11	946
277	14	636,831
277	15	779
277	18	127,877
277	29	942
277	34	417
277	36	251
277	37	535
278	1	535
278	3	417
278	8	303,728
278	9	967
278	11	254
278	12	504,627
278	21	245
278	34	439
279	12	652
279	19	781
279	22	369
279	25	298
279	27	649
279	30	253,369,663
279	35	167
280	5	243,730
280	9	519,982
280	11	519
280	12	375
280	21	271
280	39	813
280	40	135
281	2	779
281	3	500
281	17	684
281	21	419,525,538,978
281	23	331,742,961
281	26	331
281	29	251,623,846
281	31	29
281	33	36,454
281	36	251,522
281	39	459
281	40	865
282	3	166,245,320
282	13	763
282	17	29
282	18	915
282	20	340
282	25	820
282	39	739,865
283	6	232
283	7	742
283	8	84,216
283	14	663
283	24	553
283	29	340,836
283	34	538,978
283	37	234
284	5	29,216,244,375
284	14	500
284	17	904
284	27	254,500,738
284	32	261,525,851
284	34	454
285	3	298
285	21	156,500,649
285	26	500,525
285	35	454
285	36	109,167
285	37	251,615
286	1	519
286	2	261,851
286	5	717,949
286	20	763
286	21	251
286	27	562,636,831
286	29	22
286	33	62
286	34	96,331
287	10	419
287	20	763
287	26	32,621,727
287	27	684
287	34	535,562
287	37	201
287	38	22,411,454
288	4	730
288	13	579
288	15	254
288	16	375
288	18	504,627
288	26	135
288	30	187
288	32	454
289	11	738
289	14	742
289	15	29
289	38	277
290	7	730
290	8	397
290	10	303,728
290	16	516,711
290	35	439
290	37	865
290	39	525
291	4	429
291	17	519
291	19	289
291	21	232
291	22	2,650
291	29	140,340
292	10	411,454,519
292	12	865
292	13	553
292	16	535
292	18	459
292	34	949
293	5	307,496
293	13	459
293	15	684
293	17	522
293	19	500
293	30	52
293	38	36
294	2	109,375
294	4	135
294	15	615
294	26	319
294	28	727,811
294	35	621
295	1	36,663
295	5	500
295	8	237,251
295	9	974
295	12	237
295	18	538,978
295	23	664
295	25	942
295	40	454
296	1	303
296	6	535
296	20	439,636,831
296	26	340
296	28	650
296	33	967
296	35	865
297	2	307
297	7	535,908
297	11	967
297	12	472
297	19	730
297	25	621
297	26	621
297	35	563,820
298	3	738,763
298	4	738
298	6	232
298	9	562
298	12	201
298	15	621
298	30	22,460
298	32	592
298	38	369
299	1	429
299	7	371,820
299	16	553,692
299	18	140,326
299	20	289
299	36	535
300	19	664,946
300	22	319
300	26	502
300	29	195,393,877
300	31	727,811
301	10	84,579,786
301	15	730
301	21	779
301	23	439,730
301	26	525,621
301	27	865
301	29	621
301	31	62
301	40	498
302	1	763
302	2	398
302	4	271
302	7	417
302	11	562
302	25	216,409
302	26	216
302	31	915
302	33	371
302	36	22
303	4	472
303	8	519
303	9	206,562
303	12	474,644
303	20	711,786
303	28	393,563,870
303	33	63
304	1	109,459
304	7	156
304	17	615,908
304	21	470,949
304	27	251
304	32	711,786
305	1	237,525
305	3	642
305	4	500
305	6	232,664,942
305	10	319
305	25	727,811
305	33	525
306	1	375,742
306	5	174,801
306	14	519
306	15	524
306	21	135,562
306	29	779
306	30	393,870
307	13	419
307	15	251,522,663
307	22	946
307	25	303,728
307	27	32,727
307	29	535
307	38	877
308	1	237
308	7	29
308	11	459
308	18	949
308	21	649
308	32	251,522
309	1	535
309	3	500
309	16	429
309	19	303,728
309	23	500,609,839,916
309	30	525,967
309	34	664,738
309	36	289
309	37	439
309	38	525
310	5	684
310	7	502
310	8	303,728
310	10	459
310	14	908
310	15	439
310	18	949
310	19	711
310	22	156
310	36	251,865
310	40	991
311	7	763
311	20	859
311	24	284
311	28	742
311	35	500,562
312	9	417
312	11	156,562
312	13	153
312	15	165,251
312	20	156,398
312	30	204
313	13	500
313	18	779
313	19	519
313	24	36,277
313	26	288
313	32	320,655
313	37	290
314	3	29
314	6	525,562
314	10	153,500
314	17	525
314	27	204,663
314	35	649
314	39	779
315	12	684
315	13	623,846
315	17	216,439,711
315	31	432
315	32	216,234
316	13	237,785
316	19	738
316	32	942
316	35	636,831
316	40	2,650,899
317	12	44,469
317	21	327,671
318	27	216,303,728
318	29	22,439,579,717
318	36	865
319	7	500
319	8	743
319	11	535
319	17	820
319	18	298
319	19	165,288,500
319	25	967
319	26	649
319	27	525,535
319	32	525,816,967
320	9	535
320	18	472
320	28	459,967
320	29	967
320	33	369
320	35	237
320	36	942,949
321	9	429
321	17	156,371
321	18	289
321	31	140
321	32	519
321	37	32,727
322	2	419
322	7	331,961
322	14	243,279,824
322	23	538,978
322	28	2,650
322	31	496
322	32	398
322	34	32,727
322	40	130
323	8	427
323	14	519,627
323	16	781
323	25	369
323	28	419
323	30	20,741
323	34	253,369
323	40	63
324	11	97
324	18	500,636,831
324	19	525,779
324	22	355,747
324	27	273
324	34	201
325	3	500
325	8	232
325	14	127
325	19	535
325	20	636,831
325	22	439
325	25	982
325	27	730
325	28	967
325	29	454
325	32	865
326	6	156,243,303,728
326	13	439
326	18	284
326	19	649,663
326	22	899
326	23	865
326	30	167
326	38	816
327	4	579
327	6	146,527,592
327	8	664
327	12	62,198,764,859
327	18	243,279,459,824
327	40	369
328	6	166,245,320
328	14	84
328	20	739
328	22	808
328	25	62
329	14	730
329	17	519
329	19	165,439
329	26	627
329	36	397,684
329	37	307
329	40	288,498,879
330	6	109,562
330	7	153
330	15	204
330	18	636,831
330	20	797
331	2	271,525
331	5	216
331	27	22,371,717,949
331	34	915
331	38	664
332	4	636,831
332	8	946
332	10	500
332	12	730
332	14	525,916
332	26	730
332	32	877
332	38	650,693,840
333	2	165
333	17	664
333	20	763
333	22	562
333	23	319
333	24	519
333	30	22
333	37	243,663
333	39	195,393
334	1	243,279,824
334	12	22,535
334	34	244
335	5	298
335	11	271,649
335	19	167
335	21	816
336	15	22
336	16	730
336	27	782
336	31	859
336	32	498,962
336	36	201,553,579
337	3	261,472,808,895
337	15	146,527
337	19	232,563
337	27	198,764
337	35	100,239
338	1	738,813
338	4	109,371
338	9	120,594
338	17	2,459,650,938
338	19	522
338	21	116
338	28	600,666,884
338	33	525
338	39	797
339	8	439
339	15	500
339	23	419,525
339	29	627
339	38	165,411,454
339	40	29,216,234
340	2	237
340	4	496
340	8	524,579,786
340	9	109
340	14	130
340	23	779
340	29	100,239,865
340	30	621
341	4	432
341	12	190,216,234,358
341	15	562
341	28	946
341	33	22,500
341	35	877
341	40	454
342	2	303,419,728
342	3	770
342	5	84
342	19	29
342	24	62,307
342	26	454
342	27	143
342	31	535
342	40	2,621
343	1	120,594,775,846
343	5	496
343	6	216
343	8	739
343	13	130
343	27	496,797
343	28	109,130
343	32	22,717,949
344	2	419
344	8	303,371
344	20	460
344	22	261,851
344	23	500,579
344	25	187
344	27	865
345	6	535
345	16	460,717,949
345	21	251
345	22	967
345	32	62,158,247
345	37	500
345	40	261,851
346	5	592
346	12	369
346	17	522
346	20	500
346	26	525
346	35	116,219
347	6	371,579
347	20	949
347	37	271,553,649
348	7	190,358,725
348	8	538,739,779,978
348	11	109,652
348	34	251
348	37	243,279,824
349	1	340,579,636,831
349	7	237
349	15	472
349	20	187
349	23	642
349	24	650,942
349	37	216
350	7	664,949
350	10	535
350	20	216
350	24	22,717,949
350	26	261,895
350	29	439
350	30	650,865
350	35	319,609
350	38	251,727,811
351	6	84
351	7	967
351	13	251
351	26	153
352	12	434,507
352	13	97,779
352	14	32,298,727
352	18	243,649
352	19	374,615,967
352	24	167,572
352	29	500
352	32	201,454,816
352	34	374
352	40	165
353	1	519
353	4	738
353	12	84,216
353	20	237
353	21	237,942
353	24	237
353	37	62,636,642,831
353	39	195,393
354	5	36,253,298,369
354	12	649
354	13	288
354	14	167
354	21	553
354	29	562
354	35	500
354	38	454
355	7	97
355	15	355,519,747,781
355	21	273
355	39	733,797
356	20	522
356	24	609
356	26	29
356	29	738,946
356	32	198,820
356	36	2,650
356	40	116
357	7	553
357	16	789
357	33	130
357	39	71,140,326
358	10	946
358	13	140,271,326
358	21	877
358	31	116,779
358	38	363
358	39	621,915
359	3	949
359	20	84,219
359	27	251,387
359	34	62,397
359	38	879
360	3	419
360	6	397
360	9	627
360	10	572
360	13	836
360	19	496
360	23	223,730,871
360	34	234
360	35	498
360	37	130,808
360	38	879
360	40	251
361	5	636,831
361	22	156
361	23	650
361	26	237,251,288
361	34	525
361	35	652,942
361	40	967
362	6	496
362	10	664
362	13	271,742
362	19	779
362	21	459
362	24	949
362	25	915
362	30	375
362	33	130
362	36	649
362	37	135,663
363	2	97
363	16	429
363	17	244,397
363	18	785
363	24	36
363	29	459
363	30	187,609,839,916
363	32	879
364	7	592
364	15	439
364	18	636,831
364	22	797
365	15	434,507
365	17	439
365	19	243,279,824
365	24	865
365	26	387
365	35	2
366	9	429
366	14	371
366	27	84
366	30	29,439
366	32	62,243
366	36	739
367	4	156,500
367	6	742
367	8	109,621
367	10	62,562
367	16	615,908
367	23	153,156
367	26	454,743
367	29	29,109,251
367	30	127
367	31	204,529,553,621
367	39	140,326
368	2	165
368	6	496
368	15	216
368	19	557
368	20	130,216,460
368	37	22,717,949
369	10	22
369	15	782
369	20	859
369	21	243,279,496,824
369	25	130
369	29	243,650
369	32	417,579
370	16	572
370	26	472
370	27	216
370	32	223,871
370	33	243,279,824
370	38	742
370	39	22,717,949
370	40	240
371	1	779
371	4	572
371	33	166,245,320
371	39	251
372	2	216,219,417,500
372	4	271
372	8	692
372	11	779
372	15	742,915
372	16	663
372	34	22,717,949
373	5	97
373	17	187
373	21	156
373	36	251
374	5	519
374	9	206,562
374	15	393,870
374	17	615
374	31	63
375	4	500
375	17	303,728
375	19	779
375	20	439
375	24	307
375	25	739,865
375	30	398,459
375	38	288
375	39	251,908
375	40	646
376	2	156
376	3	209,432,904
376	8	216,234
376	21	36
376	31	535
377	11	243
377	15	432
377	20	216,234
377	22	251,398,522
377	23	165,500,642
377	29	417
377	31	409
377	36	234
378	13	97,500
378	16	813
378	18	288
378	20	187
379	1	789
379	5	109,271
379	23	781
379	24	915
379	25	369
379	26	71
379	29	871,888
379	31	253,369
379	34	885
379	36	684
380	8	908,974
380	14	519
380	20	470
381	7	609,839,916
381	10	459
381	12	298
381	13	649
381	16	167,738
381	38	816
382	3	216,397
382	5	36,417
382	16	879
382	18	2
382	20	738
382	24	165
382	26	369,398
382	34	320,502,655
383	2	738
383	17	232,763
383	18	84
383	21	340,562
383	24	22,62,303,728
383	32	439
383	40	2,650,865
384	4	374,763
384	8	432
384	10	216,234
384	26	500
384	36	553
385	5	411,454,779
385	8	303,728
385	10	652
385	16	398
385	23	387,439,615
385	24	865
385	31	865
385	39	621
386	6	29,303,728
386	11	298
386	16	684
386	26	649
386	27	623,846
386	32	167
386	39	439
386	40	816,865
387	4	243,279,763,824
387	5	562
387	10	28,609,839,916
387	15	663
387	18	865
387	28	22
387	32	843
388	2	636,831
388	3	375
388	9	652
388	16	650
388	23	946
388	31	500
388	33	525
388	35	877
388	36	808
389	2	303,500,728
389	9	261,895
389	18	146,527,663
389	19	165,615
389	21	135
389	27	519
389	30	274,443,673,879
389	32	439
389	33	460
390	1	836
390	15	156
390	16	500
390	20	730
390	26	28
390	30	652
390	36	251,865
390	37	234
390	40	398
391	2	66
391	6	474,644
391	9	52,419
391	10	563
391	14	636,831
391	21	389,397
391	29	32,650,727
391	37	535
392	1	808
392	6	684
392	9	623,846
392	10	187,439,663
392	25	700
392	26	15
392	32	216,684,711
392	34	865
392	37	429
393	2	562,636,831
393	9	500
393	17	519
393	18	650
393	19	946
393	23	206,562,877
393	29	663
393	30	63
394	20	298
394	22	649
394	36	167
394	40	167
395	1	251,500,522
395	5	525
395	9	739,974
395	12	535
395	18	636,831
395	21	967
395	34	650
396	2	623
396	20	592
396	31	180,556,609,809
396	38	820
397	20	500
397	27	84,525
397	28	650
397	39	664,693
398	3	487
398	7	642
398	10	734
398	21	10,411,454
398	22	942
398	36	470
399	1	781
399	6	206,369,562
399	25	94,820
399	26	470
399	33	63
399	34	871,888
399	36	288
400	8	908
400	12	243
400	13	36,127
400	34	472
401	13	684
401	16	271
401	18	472
401	27	216,711
401	28	474,644
401	29	529
401	31	439,915
401	38	865
402	6	216,516,711
402	7	165,487,779
402	9	216,734
402	10	10
402	11	419,432,500
402	12	303,728
402	21	387,742,865
402	25	32,727
402	36	439
402	37	237
402	39	22,717,843,865
403	1	28,779
403	10	201
403	12	535
403	16	592,865
403	19	237,369
403	22	843
403	36	967
404	15	519,609,839,916
404	32	44,469
404	33	779
405	16	216
405	17	496
405	20	22,717,949
405	25	439
405	26	454
405	27	135
405	37	130
406	2	398,592
406	8	439
406	12	609,839,916
406	19	865,879
406	23	432
406	25	216,234,738
406	27	232
406	30	2,579
406	37	187,650
407	3	439,472
407	4	500,519
407	8	244,538,978
407	16	730
407	21	524
407	22	195,393
407	26	329,936
407	36	738
407	40	865
408	16	36,859
408	20	962
408	39	553,579
409	8	579
409	18	187
410	17	109,419
410	18	779
410	19	156
410	24	232
410	25	251
410	26	961
410	37	201,615
410	40	32,727
411	10	663
411	17	284
411	21	946
411	28	738,779
411	29	251,808
411	35	243,635
411	40	877
412	1	130,166,245,730
412	20	29
412	21	460,865
412	26	243,279,824
412	27	271
412	34	36
412	38	915
413	18	459,535
413	21	29
413	29	967
413	38	340,649
414	3	244
414	12	627
414	16	109
414	29	432,454,615
414	30	621
414	37	216,234,419
415	4	730
415	10	97
415	12	273
415	19	22,717,949
415	23	738
415	40	621
416	1	397
416	4	244,397
416	9	636,831
416	14	216
416	19	943
416	22	36,519
416	26	879
416	27	650
416	33	165
417	12	730
417	16	375
417	20	908
417	33	470
417	36	693,711,763,786
417	37	562
417	39	22
418	4	29,156
418	12	498
418	22	29
418	23	649,929
418	35	739
419	3	109
419	5	904
419	6	371,855
419	15	303,728
419	25	439
419	27	29
419	29	319
420	2	209,397
420	10	519
420	16	535
420	17	232
420	18	32,727
420	24	879
420	27	488
420	34	535,949
421	9	156
421	12	779
421	17	251
421	20	553,664
421	25	140,201,326
422	1	943
422	7	271
422	10	109
422	17	615
422	18	375,636
422	26	97
422	30	500
422	31	273
422	32	525
422	37	538,615,978
422	38	915
422	39	135,374,636,831
423	1	219,500
423	5	663,779
423	7	419,692
423	16	331,961
423	21	251
423	30	32,727
424	5	94,219,820
424	6	29,692
424	10	500
424	26	470,525
424	34	649,684
425	2	432
425	6	865
425	12	500,843
425	17	219
425	18	303,500
425	19	454,525,627
425	26	895
425	30	439
425	31	300,496,802
425	39	130,692
426	6	460
426	23	52
426	36	288
427	1	109,946
427	12	237
427	29	877
427	33	459
427	35	507
427	36	615,642
427	37	2
428	12	859
428	13	371,472
428	21	472,474,644
428	22	439
428	24	938
428	33	865
428	36	779,967
428	37	474,644
428	39	563
429	3	419
429	4	32,727
429	6	319
429	40	36
430	1	109,216
430	19	22,615,717,949
430	20	621
430	40	251
431	1	500
431	3	454
431	4	166,245,320,500
431	12	303,728,730
431	14	109,525
431	27	797
431	28	524,652
431	29	439
431	37	615
432	6	516,579,711
432	11	600,666,884
432	15	215
432	24	22
432	27	507
432	36	187
432	38	340
432	39	663
433	1	28,298,877
433	5	649
433	6	417
433	11	244
433	17	650
433	19	417
433	30	167,693
433	39	500,816
434	8	908
434	13	156
434	23	251,470
434	36	711
435	5	500,519
435	10	94,609,820,839
435	24	209
435	28	470,535
435	32	738
435	39	156,525
436	4	97
436	12	496
436	14	130
436	16	879
436	19	355,747
436	21	243,635
436	31	904
436	32	273
437	1	288,459
437	10	460
437	11	609,839,916
437	12	419
437	13	738,949
437	21	649,730
437	24	32,727
438	3	251,522,652
438	9	261,895
438	11	146,527
438	17	198,764
438	21	500
438	27	288,340
438	36	243
438	40	525,535
439	4	221,500
439	9	244
439	29	454
439	33	519
439	35	393,870
439	37	216,525
439	39	22,717,949
440	4	303,664,728
440	13	375,439
440	14	28,877
440	17	319,742
440	22	652
440	33	219,865
440	34	692
440	36	535
441	12	562
441	22	153
441	38	204
442	12	120,271,594
442	18	244,728
442	19	439
442	21	419
442	26	439
442	27	331,865,961
442	40	797,865
443	9	763
443	27	739
443	30	369,500
443	31	237
443	33	942
443	34	454,519,562
443	35	22
444	11	209
444	32	319
445	25	943
445	40	254,500
446	4	733,779
446	5	439
446	9	974
446	13	237
446	19	942
446	27	84
446	38	320,738
446	40	470,519
447	16	502
448	2	781
448	7	190,358,369,725
448	16	535,663,871,888
448	20	739
448	31	284
448	33	253,369
449	5	216,663
449	31	500
449	37	22,44,469,717
450	8	271,519
450	14	165,636,831
450	18	195,393
450	28	915
450	32	650
451	7	109,307
451	12	29,419,730
451	16	331
451	17	808
451	26	498
451	27	663
451	29	621
452	2	417,419
452	6	730
452	10	652
452	22	779
452	24	251
452	32	535
452	38	646
453	2	29,663
453	24	371,664
453	28	938
453	31	592
453	33	500
453	34	94,319,820
453	38	251
454	1	36
454	10	303,728
454	13	742,779
454	14	251,340
454	16	500,615
454	22	243,454
454	25	865
454	26	742
454	38	621
455	1	553
455	4	419,432
455	10	32
455	11	32,727
455	12	649
455	18	243,274,443,673
455	27	140,326,816
456	6	387
456	12	419
456	14	524
456	16	32,340,727
456	17	209,535
456	21	496
456	25	991,997
456	27	730
456	31	535
456	37	130
456	39	329,936
457	10	29
458	8	500
458	11	519
458	20	216
458	40	22,206,562,717
459	4	717,949
459	6	251
459	10	62,156
459	14	251
459	15	219
459	23	454
459	29	946
460	5	496
460	6	432
460	15	251,522
460	16	216,234
460	26	496
460	29	32,727
460	31	957
460	35	130
461	12	237
461	16	156
461	19	298,434,507
461	22	763
461	27	692
461	28	649
461	29	562,642
461	30	251
461	32	942
461	36	167,454
461	40	127
462	5	575,952
462	13	94,763,820
462	21	562
462	31	470,575
462	38	22
462	39	251,522
462	40	52
463	1	459
463	6	949
463	11	127
463	34	649
464	2	579,786
464	4	530,531,621
464	7	36
464	12	187,650
464	14	700
464	15	500,600,666,884
464	32	15
464	33	621
464	39	243
465	3	28,779
465	4	29,865
465	12	251,843
466	4	97,763
466	16	500
466	24	36
466	26	562
466	27	609,839,916
466	29	273
466	32	22
466	36	738
467	7	997
467	18	615
467	24	29
467	26	529,609
467	27	127,198,470,765
468	6	524
468	10	251,522
468	25	190,358,725
468	28	329,936
468	38	572
468	39	240
469	3	500,730
469	4	156,375
469	11	663
469	29	201
469	31	135,374
469	39	135
470	13	763
470	18	29
470	27	232
470	30	553,562
470	36	22
471	4	29
471	9	623
471	18	846
471	21	307,717,949
471	22	271
471	26	143
471	33	251
471	36	62
471	37	96,331
472	1	303,728,779
472	3	730,789,908
472	6	375,609,839,916
472	13	500,519
472	21	156,398
472	22	470
472	25	29,738
472	26	865
472	28	251,885
472	29	649
472	33	454,498
473	10	243,340,949
473	14	127
473	15	251
473	27	258,271
473	28	327,627,671
473	31	915
474	2	109
474	12	738
474	14	615
474	17	432,439
474	18	371
474	25	946
474	27	454
474	29	730
474	35	721
474	39	865
474	40	877
475	1	298
475	11	251,419,522
475	19	167
475	23	234,942
475	24	535
476	5	340
476	9	579,786
476	11	496,730
476	17	693
476	33	216,621
477	3	94,820
477	13	500
477	20	779
477	37	439
477	38	454,470
478	10	535
478	11	251,522
478	15	398
478	18	967
478	21	663
478	27	529
478	34	324
479	3	763
479	6	730
479	13	140,326,562
479	17	127
479	31	22
479	33	470
479	35	340,439
480	2	216,516,711
480	10	303,728,763
480	16	562
480	31	439
480	33	22
481	5	553
481	11	298
481	15	397
481	16	130
481	21	879
481	29	649
481	34	167
481	37	454
482	7	397,946
482	11	879
482	18	609,839,916
482	21	738
482	34	516,711
483	5	487,738
483	15	519
483	18	592
483	24	439
483	28	734,763
483	32	109
483	34	10
483	36	22
483	39	650
484	1	165
484	5	519
484	11	609,839,916
484	18	374
484	23	693,779
484	26	519
484	29	195,393,500
484	31	525
484	39	201,738
485	1	789
485	3	84
485	4	521
485	6	779
485	10	171,843
485	11	535
485	24	62
485	26	802
485	32	288
485	36	967
485	39	243
486	4	636,831
486	11	500
486	13	609,839,916
486	16	237,650
486	22	738
486	27	627
486	30	525
486	38	288,529,642
486	39	942
487	1	459
487	3	738
487	6	434,507,820
487	12	2,650,865
487	20	553,572
487	24	223,871
487	28	140,240,326
488	16	44,109,469
488	20	439,615
488	23	650
488	24	865
488	34	243,279,500,824
488	35	327,671
488	39	525
489	5	519
489	6	300
489	13	650
489	17	553
489	27	516,711
489	33	140,326
490	16	28,419
490	17	331,865,961
490	28	100,239
490	29	646
490	30	32,288,727
491	2	663
491	9	636,831,929
491	10	500
491	11	127
491	17	271,797
491	28	454,915
492	1	663
492	3	500,535
492	6	572
492	8	454
492	13	789
492	14	223,500,529,871
492	16	71
492	26	329,650,936
492	35	738
492	40	113
493	2	397
493	3	28,500,877
493	7	44,469
493	9	307
493	11	859
493	19	525
494	3	216,298
494	7	156
494	11	206,562
494	12	324
494	21	808
494	33	167
494	38	816
495	7	519
495	11	636,779,831
495	14	393,870
495	21	650
495	35	516,711
495	36	500
495	37	63,525
496	6	251,324,738
496	13	307
496	16	84,432,609,839
496	17	664,738
496	37	663
497	15	340,432,610
497	17	519
497	27	367
497	30	29
497	31	652
497	35	216,234,649
498	2	303
498	9	519
498	16	519
498	22	439,500
498	29	522
498	34	429,621
498	35	525,865
499	19	579,663
499	35	623
