0	2	237
0	8	94,516,711,820
1	5	519,579,786
1	8	621
2	1	419
2	7	288
2	8	32,251,522,727
3	8	519
3	10	243,824
5	3	340,728
6	1	97,303,728
6	4	156,209
6	6	519
7	4	209
7	6	243
9	5	738
10	1	120,594
10	5	623
11	3	29
11	5	216
12	2	742
12	8	209
12	10	156
13	8	375
14	3	524
15	6	28,742,877
15	7	243
16	9	209,261,851,908
16	10	808
17	2	375,519,652
17	4	22
17	6	375,782
18	1	500
18	7	109,609,839,916
18	8	190,296,422
18	10	459
19	8	779
20	2	575,952
20	7	519
21	3	738
21	6	271
21	10	36
22	3	109
22	7	742
23	7	519,621
23	9	206,562
23	10	327,671
24	3	730
25	2	243,459
26	4	496
27	4	28,209,525
27	6	419
28	2	434,507
28	3	652
28	5	460,535
28	7	535
28	8	609,839,916
28	9	738
29	8	763
29	9	663
29	10	374
30	3	216,553
31	1	251
31	9	459
31	10	254,949
32	1	946
32	2	288,877
32	5	419
32	6	524,609,839,916
33	2	730
34	2	36,763
34	9	439
36	1	929
36	2	636,831
36	4	908
36	6	216
36	7	663
37	9	156
38	3	730
38	10	156
40	1	419,728
41	5	472
41	8	609,839,916
41	10	738
42	1	519,627
42	3	206,562
44	10	94,553,820
45	4	519
46	1	409
48	2	29
48	6	127,763,765
48	10	562,789
50	7	908
51	5	500
51	7	216,664
53	7	271
53	9	298
54	2	216
54	3	417
56	1	636,831
57	1	298,974
57	2	524
57	3	369
57	8	487,579
58	1	785
58	6	340
58	8	728
58	9	237,535,663
58	10	127
60	9	36,781
61	1	156
61	5	500
61	8	429,663
61	10	664
62	10	519,742
63	5	298
63	10	109,237
64	10	22
65	1	97,434,507,663
65	2	884
65	4	28
65	7	251,522
65	9	397
66	3	779
66	7	237
66	9	298
67	1	303,728
67	2	439
67	8	579
68	8	472
69	6	419
69	7	500
70	2	109
70	5	519
70	8	195,393
71	7	261,895,908
72	5	949
72	6	251
72	9	623,846
73	1	609,839,916
73	2	500
73	7	738
73	8	500
74	2	44,459,469
74	4	397
74	9	609,839,916
75	1	216
75	5	22,717,949
75	6	100,239,500
75	10	553
77	3	109,427
77	10	166
78	1	374,496
78	8	44,469
79	6	100,239,500
80	5	209
80	7	770
80	8	535
81	6	22
81	8	459,859
82	7	525
83	5	500,738
83	9	303,728
84	6	636,831
85	5	946
86	3	165,237,652
86	5	432,500,859
86	8	454
87	9	271
88	3	859
88	6	409,636,650,831
89	9	375
90	7	974
90	8	562
91	1	419
91	3	500
92	4	84
92	7	340
93	3	779
94	10	216
95	3	29
96	1	127,553
96	7	500
96	8	553,652
96	9	254,500
96	10	459,500
97	6	22
97	8	500
97	10	215
98	4	535
99	7	109,244,859
100	8	120,594
102	4	22
102	7	782
102	10	237
103	2	419
103	5	419
104	1	271
104	6	664
105	4	109
106	1	500,730
106	2	498,500,525
106	8	500
107	2	127,156
107	4	237
107	7	836
108	5	636,831
108	8	763
109	5	779
110	5	946
110	6	243,279,824
111	2	553
111	3	459
111	10	303,728
112	8	664
114	9	500
115	3	525,775,846,991
115	6	779
115	8	298
115	9	649
116	7	127
116	10	529
117	5	763
117	10	562
118	3	434,507
119	5	664
119	9	459
121	1	943
121	2	36
121	4	298,419,663
121	5	156,649
122	6	156,417
123	5	251,522,859
124	1	232,500
124	4	621
125	4	636,831
126	6	779
126	10	929
127	4	237
127	7	298,500,525
127	10	575,642,779,952
128	5	525
130	3	524
130	9	166,320,375,419
132	3	553,592
132	9	109,553
132	10	84,615
134	3	397
135	5	219
135	9	692,730
136	4	472
136	6	156,519
137	1	535
137	2	636,831
137	6	298,982
137	7	166,245,320,419
138	5	553
138	10	298
140	4	865
140	6	738
141	6	519
141	7	206,516,562,711
141	8	63
142	6	298
142	7	36
142	9	836
142	10	730
144	2	298,836
146	1	398
146	2	216,684
146	3	29
146	6	779,931
146	8	243
146	9	470,636,831
147	1	303,636,728,831
147	5	109
148	3	298
148	4	28,649,877
148	5	303,728
149	2	156,500
149	7	254
150	3	739
151	4	29,439
152	5	562,770
152	6	243
152	8	397
153	3	500,763
153	9	562
155	2	237
155	7	190,358,725
155	10	237
156	4	519
156	5	763
156	7	627
156	8	562,649
157	2	636,717,831,949
158	8	397
160	5	237
160	7	44,469
161	2	271,500
162	4	397
162	8	216,879
163	3	789
163	4	730
163	5	84
163	10	237
164	1	97
164	2	243,279,824
164	6	419
164	8	727
165	10	340
166	1	97
166	6	187
167	5	500
167	7	216,725
167	8	237
167	10	427
168	2	730
168	8	209,738
170	1	609,730,839,916
170	7	610,627
171	8	763
171	10	519
172	4	432,519
172	7	216,234,524
172	8	610
173	5	500
173	9	216,738
174	1	519
174	3	500
174	5	519
174	8	500
174	10	417
175	4	243
176	1	865
176	6	579
176	8	843
176	9	298,929
177	5	535,592
178	8	419
179	1	243
179	9	109
180	2	216,538,978
180	3	553
181	1	209
181	10	684
182	1	109
182	5	109
182	6	621
182	8	553
183	6	109
183	8	190,296,422,781
183	10	789
184	1	97,244
184	2	303,728
184	3	439
185	3	553
188	4	820
188	9	190,271,296,422
189	3	519
189	7	206,562,946
189	9	84,877
190	3	500
191	10	730
192	1	846,991
192	3	502,859
193	4	500,553
194	1	216,303,728
194	4	206,562
194	5	943
194	6	779
194	9	516,711
194	10	109
195	6	109,243
195	9	251,522
197	4	836,908
198	3	94,820
198	8	303,728
199	9	419
200	1	109
200	3	649
200	5	29
201	1	730,946
201	7	251
202	2	237
202	3	500,642,859
202	7	459
203	9	519
206	1	516,711
206	9	432
207	5	763
208	8	303,728
209	6	627
209	9	303,728
209	10	439,529,730
210	6	109
211	1	500
211	3	454
211	9	340,496,949
211	10	789
213	4	459
214	1	500,946
214	6	562
215	6	946
216	2	535
216	3	579,820
216	9	209
218	3	29,146,527
219	2	779
219	8	109
221	1	28,877
221	7	207,609,839,916
222	3	519,730
222	5	109,206,562
222	6	942
223	3	609,839,916
226	2	271
227	1	775,846,991
227	9	739
228	5	429
228	6	684
228	10	500
229	2	146,527,575,952
230	9	417,460,500
232	5	627
233	1	865
233	3	843
233	5	261,895
233	6	663
233	8	237
233	10	579
234	5	500,519
234	6	649
234	9	127
236	4	109,411,454
236	5	409,808
236	9	165
237	8	397,516,711
237	10	879
239	7	535
239	10	730
240	3	109,243,635
242	8	781
243	5	730
244	8	738
244	9	535,579
245	1	663
245	2	946
245	4	307
245	5	663
245	9	877
246	4	434,507,609,839
246	8	519
246	9	2
246	10	836
247	2	109
247	6	190,296,422
247	7	553
247	9	730
248	2	623
249	1	579
249	2	553
249	10	36
250	1	253,369,553,664
250	5	156,209,432
251	1	29
251	10	763
252	7	636,831,982
253	10	232
254	7	763,779
254	9	730
255	3	763
255	4	730
256	8	237,419,519
257	6	298
258	9	432
259	5	530,531,621
259	7	165
259	10	187
260	6	254,808
260	8	500,504,524,525
260	9	209,785
262	1	779
262	2	216
262	3	535
262	8	782,982
263	9	460
264	1	753
264	5	367
264	10	209
265	4	22
265	5	782
265	8	340
267	4	209,779
268	1	28,519,877
269	1	28,877
269	10	946
270	10	261,271,895
271	5	28,340,417,877
273	2	779
273	10	156
274	1	434,507
274	4	535
274	7	500
275	2	535
275	9	261,650,895
276	9	375,397
276	10	100,239
277	1	237,663
277	2	243,419
278	1	535
278	3	417
278	8	303,728
278	9	967
280	5	243,730
280	9	519,982
281	2	779
281	3	500
282	3	166,245,320
283	6	232
283	7	742
283	8	84,216
284	5	29,216,244,375
285	3	298
286	1	519
286	2	261,851
286	5	717,949
287	10	419
288	4	730
290	7	730
290	8	397
290	10	303,728
291	4	429
292	10	411,454,519
293	5	307,496
294	2	109,375
294	4	135
295	1	36,663
295	5	500
295	8	237,251
295	9	974
296	1	303
296	6	535
297	2	307
297	7	535,908
298	3	738,763
298	4	738
298	6	232
298	9	562
299	1	429
299	7	371,820
301	10	84,579,786
302	1	763
302	2	398
302	4	271
302	7	417
303	4	472
303	8	519
303	9	206,562
304	1	109,459
304	7	156
305	1	237,525
305	3	642
305	4	500
305	6	232,664,942
305	10	319
306	1	375,742
306	5	174,801
308	1	237
308	7	29
309	1	535
309	3	500
310	5	684
310	7	502
310	8	303,728
310	10	459
311	7	763
312	9	417
314	3	29
314	6	525,562
314	10	153,500
319	7	500
319	8	743
320	9	535
321	9	429
322	2	419
322	7	331,961
323	8	427
325	3	500
325	8	232
326	6	156,243,303,728
327	4	579
327	6	146,527,592
327	8	664
328	6	166,245,320
330	6	109,562
330	7	153
331	2	271,525
331	5	216
332	4	636,831
332	8	946
332	10	500
333	2	165
334	1	243,279,824
335	5	298
337	3	261,472,808,895
338	1	738,813
338	4	109,371
338	9	120,594
339	8	439
340	2	237
340	4	496
340	8	524,579,786
340	9	109
341	4	432
342	2	303,419,728
342	3	770
342	5	84
343	1	120,594,775,846
343	5	496
343	6	216
343	8	739
344	2	419
344	8	303,371
345	6	535
346	5	592
347	6	371,579
348	7	190,358,725
348	8	538,739,779,978
349	1	340,579,636,831
349	7	237
350	7	664,949
350	10	535
351	6	84
351	7	967
353	1	519
353	4	738
354	5	36,253,298,369
355	7	97
357	7	553
358	10	946
359	3	949
360	3	419
360	6	397
360	9	627
360	10	572
361	5	636,831
362	6	496
362	10	664
363	2	97
364	7	592
366	9	429
367	4	156,500
367	6	742
367	8	109,621
367	10	62,562
368	2	165
368	6	496
369	10	22
371	1	779
371	4	572
372	2	216,219,417,500
372	4	271
372	8	692
373	5	97
374	5	519
374	9	206,562
375	4	500
376	2	156
376	3	209,432,904
376	8	216,234
379	1	789
379	5	109,271
380	8	908,974
381	7	609,839,916
381	10	459
382	3	216,397
382	5	36,417
383	2	738
384	4	374,763
384	8	432
384	10	216,234
385	5	411,454,779
385	8	303,728
385	10	652
386	6	29,303,728
387	4	243,279,763,824
387	5	562
387	10	28,609,839,916
388	2	636,831
388	3	375
388	9	652
389	2	303,500,728
389	9	261,895
390	1	836
391	2	66
391	6	474,644
391	9	52,419
391	10	563
392	1	808
392	6	684
392	9	623,846
392	10	187,439,663
393	2	562,636,831
393	9	500
395	1	251,500,522
395	5	525
395	9	739,974
396	2	623
398	3	487
398	7	642
398	10	734
399	1	781
399	6	206,369,562
400	8	908
402	6	216,516,711
402	7	165,487,779
402	9	216,734
402	10	10
403	1	28,779
403	10	201
406	2	398,592
406	8	439
407	3	439,472
407	4	500,519
407	8	244,538,978
409	8	579
411	10	663
412	1	130,166,245,730
414	3	244
415	4	730
415	10	97
416	1	397
416	4	244,397
416	9	636,831
418	4	29,156
419	3	109
419	5	904
419	6	371,855
420	2	209,397
420	10	519
421	9	156
422	1	943
422	7	271
422	10	109
423	1	219,500
423	5	663,779
423	7	419,692
424	5	94,219,820
424	6	29,692
424	10	500
425	2	432
425	6	865
426	6	460
427	1	109,946
429	3	419
429	4	32,727
429	6	319
430	1	109,216
431	1	500
431	3	454
431	4	166,245,320,500
432	6	516,579,711
433	1	28,298,877
433	5	649
433	6	417
434	8	908
435	5	500,519
435	10	94,609,820,839
436	4	97
437	1	288,459
437	10	460
438	3	251,522,652
438	9	261,895
439	4	221,500
439	9	244
440	4	303,664,728
443	9	763
446	4	733,779
446	5	439
446	9	974
448	2	781
448	7	190,358,369,725
449	5	216,663
450	8	271,519
451	7	109,307
452	2	417,419
452	6	730
452	10	652
453	2	29,663
454	1	36
454	10	303,728
455	1	553
455	4	419,432
455	10	32
456	6	387
457	10	29
458	8	500
459	4	717,949
459	6	251
459	10	62,156
460	5	496
460	6	432
462	5	575,952
463	1	459
463	6	949
464	2	579,786
464	4	530,531,621
464	7	36
465	3	28,779
465	4	29,865
466	4	97,763
467	7	997
468	6	524
468	10	251,522
469	3	500,730
469	4	156,375
471	4	29
471	9	623
472	1	303,728,779
472	3	730,789,908
472	6	375,609,839,916
473	10	243,340,949
474	2	109
475	1	298
476	5	340
476	9	579,786
477	3	94,820
478	10	535
479	3	763
479	6	730
480	2	216,516,711
480	10	303,728,763
481	5	553
482	7	397,946
483	5	487,738
484	1	165
484	5	519
485	1	789
485	3	84
485	4	521
485	6	779
485	10	171,843
486	4	636,831
487	1	459
487	3	738
487	6	434,507,820
489	5	519
489	6	300
491	2	663
491	9	636,831,929
491	10	500
492	1	663
492	3	500,535
492	6	572
492	8	454
493	2	397
493	3	28,500,877
493	7	44,469
493	9	307
494	3	216,298
494	7	156
495	7	519
496	6	251,324,738
498	2	303
498	9	519
