0	3	113
0	7	232
0	9	232
0	12	62,209
0	15	116
0	17	251
0	22	609
0	24	198,820
0	25	519
0	32	190,358,725
0	37	663
0	39	664
1	1	232
1	4	609
1	11	207,955
1	13	232
1	16	140
1	28	519
1	36	198,820
1	38	146,527
2	18	232,261,895
2	19	36,195,393
2	26	36
2	27	206,562
2	29	393,870
3	1	943
3	5	201
3	15	813
3	17	261,895
3	20	319
3	23	251
3	24	865
3	25	232
3	34	663
3	37	519,763
4	1	753
4	12	974
4	15	538,978
4	16	367
4	34	610,859
5	12	232,877
5	14	232
5	18	931
5	25	519
5	38	997
5	39	684
5	40	274,443,673
6	8	470
6	12	609,974
6	13	100,239,649
6	14	808
6	16	198,470,820
6	18	429
6	23	460,470
6	28	982
6	29	261,851
6	30	289
6	31	146,527
6	36	982
7	2	263
7	11	865
7	15	553
7	21	140
7	23	187,470
7	24	982
7	25	997
7	32	770
7	33	859
7	36	982
7	38	52
7	39	411,454,684
8	1	865
8	4	974,997
8	7	929
8	24	375
8	30	684
8	31	135
8	32	538,978
9	1	100,239
9	3	140
9	13	950,983
9	17	221
9	20	367
10	13	319,877
10	14	263,600,666,884
10	18	865
10	27	727,811
10	38	52,496,997
10	39	684
11	4	204
11	9	261,895
11	13	535,865
11	17	877
11	25	997
11	29	684,931
11	32	94,820
12	5	490
12	8	113
12	9	609
12	10	140,488,811
12	21	198,820
12	26	859
12	35	36,535
12	40	859
13	1	553
13	7	609
13	8	232
13	28	609
13	32	140,146,326,527
13	39	198,393,820,870
14	3	490,553
14	16	371,519
14	39	140
15	6	535
15	8	490
15	10	113,689
15	13	201,519
15	26	779
15	28	865,877
15	33	843,931
15	36	303,663,728
16	2	116
16	14	974
16	15	929
16	25	263
16	28	734
16	31	502
16	38	557
17	6	997
17	14	753
17	16	820
17	18	997
17	25	367,859
17	30	950,983
17	34	63
17	39	579,786
18	1	263,929
18	2	28,877
18	4	232,575,952
18	22	877
18	24	52,931
18	26	865
18	39	261,303,895,997
18	40	684
19	1	929
19	5	36
19	9	974
19	29	859
19	32	859
19	34	502,991,997
19	36	734
19	40	84
20	1	743
20	2	201
20	5	251
20	6	490,865
20	13	663
20	20	198,764
20	24	684
20	31	519
20	35	127,460
20	37	66,859
21	10	865
21	11	623,865
21	17	997
21	18	997
21	19	535
21	24	487,684
21	32	367,535,734
21	36	684
21	40	950,983
22	2	609
22	17	490
22	20	519
22	30	127
22	34	130,146,527
22	35	140
23	1	28,140,877
23	12	865
23	18	997
23	32	10,684
23	40	974
24	4	835
24	6	470
24	7	743
24	10	470
24	11	997
24	20	929
24	24	140,232
24	27	470
24	30	502
24	33	839
24	34	502,982
24	35	982
24	38	251,519
25	3	895
25	5	895
25	9	802
25	10	470,562,802
25	13	627,911
25	17	859
25	19	22,627
25	21	28,877
25	23	140
25	33	153,663,859
26	8	221
26	16	865
26	21	459
26	24	997
26	25	63,470
26	32	982
26	36	684
27	2	877
27	3	62,470,753
27	6	519
27	11	207,955
27	14	84,779,865,982
27	18	232
27	20	367,743
27	27	652,950,982,983
27	36	140,485
27	37	303,728
28	1	363
28	6	621,808,929
28	8	652
28	9	116
28	10	204,429
28	12	371
28	13	289
28	22	94,813,820
28	25	319,417
28	27	663
28	30	692
28	36	10,496
28	38	398
29	2	216,609,711
29	3	198,820
29	4	84,146,527
29	36	877
30	8	753
30	16	609
30	22	367
30	30	198,820
30	34	950,983
31	6	895
31	17	100,239
31	22	802
31	25	911
31	27	627
31	28	733,797
31	31	529
31	38	663
32	1	470,865
32	4	865,997
32	5	997
32	7	36,684
32	10	417,974
32	25	130,459
32	26	684
32	29	982
32	30	221
32	32	997
32	34	684
33	4	865
33	5	562
33	7	22,63,743,974
33	22	153
33	25	187
33	26	487
33	28	63,997
33	29	734
33	31	609
33	36	684
34	10	263,535,609
34	17	470,553
34	20	575,952
34	29	52
34	30	198,646,820
34	31	982
35	2	22,779
35	5	782
35	11	859
35	29	962
35	35	201,553,579
35	40	116,835
36	1	22,929
36	2	371,877
36	7	649
36	11	140
36	14	488,811
36	16	931
36	26	460
36	36	502
36	39	303,728,929
37	10	28,877
37	12	609,743
37	13	488,811
37	19	146,527
37	25	820
37	38	140
38	5	865
38	8	113
38	10	553
38	12	997
38	17	22,779
38	19	782
38	27	684
38	29	859
38	32	962
38	33	140,326,522
39	8	797
39	11	865
39	12	459
39	14	650
39	22	485
39	32	859
39	33	997
39	35	684
39	39	743
40	1	865
40	10	417
40	12	997
40	15	684
40	29	562,929
40	35	600,666,884
40	39	153,502,820
41	12	865,895
41	17	802
41	20	113
41	25	911
41	30	488,627,811
41	32	190,358,725
41	38	997
42	6	753
42	11	470,753
42	12	836
42	21	367
42	26	820
43	4	319
43	9	470
43	16	130
43	22	982
43	28	274,443,673
44	1	216,711,865
44	12	997
44	18	459,931
44	19	36
45	4	609,779
45	9	485
45	12	877
45	14	63
45	16	813
45	26	371
45	40	94,146,527,820
46	4	808
46	6	130,974
46	11	10
46	13	488,865
46	18	734
46	20	429
46	31	371
46	33	763
46	36	289
47	3	553
47	7	808
47	19	371,753
47	21	289
47	39	367
48	6	63
48	17	929,974
48	28	113
48	30	538,978
48	36	820
49	5	877
49	16	63,319
49	19	727,811
49	31	496
49	32	522
49	37	931
50	20	865
50	25	997
51	4	113
51	10	232
51	11	538,978
51	14	488,865
51	17	487
51	26	734
51	28	522
51	37	190,358,725
52	2	808
52	7	429,689
52	18	429,609
52	25	371
52	28	10
52	40	84
53	5	692,865
53	19	997
53	28	679
53	37	398
53	38	684
54	23	140,207,232,417
54	25	232
54	38	519
55	11	609
55	23	753
55	26	198,367,820
55	38	146,527
56	1	10,808
56	8	429
56	12	488,865
56	19	763
56	29	375,472
56	32	135,563
56	38	371
57	1	371
57	2	974
57	4	113
57	7	779
57	8	28,877
57	9	522
57	27	865
57	29	488,811
57	31	997
57	32	487
57	34	813
57	39	734
58	1	140,579
58	2	363
58	4	557
58	6	319
58	11	609
58	13	621
58	20	140
58	21	562
58	23	22
58	27	524
58	35	929
58	36	502
58	39	153
59	15	978
59	23	487
60	2	865
60	6	877
60	10	216,711
60	11	865
60	13	232,689
60	14	195,393
60	24	931
60	28	303,728
60	30	84,684,959
60	34	843
61	2	319,743
61	6	100,239,470
61	18	646
61	21	207,955
61	24	727,811
61	26	232,459
61	29	496
61	36	610,763
62	5	753
62	8	113
62	10	319,991,997
62	17	190,358,367,725
62	18	727,811
62	26	496
62	35	950,983
63	1	835
63	6	779
63	8	113
63	9	522
63	11	367,538,978
63	19	487
63	20	974
63	24	734
64	17	859
64	19	978
64	27	487
65	2	609,974
65	11	487
65	12	36,734
65	16	535
65	29	221
65	37	997
65	40	251,579,786
66	1	187
66	3	116
66	7	623
66	23	140
66	24	94,820
66	28	180,261,556,895
67	5	859
67	7	100,679
67	12	808
67	16	429
67	17	974
67	22	371,689,835
67	30	289
67	36	209,959
68	4	470
68	7	100,216,239,835
68	12	820
68	13	982
68	16	198,764
68	35	263,460,839
68	38	66,470
69	12	553
69	13	997
69	14	216,711
69	15	487
69	21	140,326,734
69	33	63
70	14	553
70	22	460,929
70	24	538,978
70	32	66
71	6	974
71	15	538,553,978
71	24	487,974
71	25	734
71	30	113
71	34	140
71	38	140,326
72	3	600,666,884
72	12	865
72	16	609
72	17	997
72	28	684
72	31	146,527
73	21	895
73	27	802
73	28	911
73	29	627
73	31	529
73	40	663
74	1	470
74	7	982
74	9	232
74	10	140
74	14	609
74	25	198,764
74	26	140
74	28	198,820
74	29	66,195,393
74	30	116,146,527
74	38	94,820
75	2	490
75	3	997
75	5	10
75	9	201,488,865
75	13	36,261,895
75	15	251
75	18	519,929
75	31	127,763
75	35	502
76	8	470
76	11	472
76	20	563
76	21	929
76	24	472
76	27	600,666,859,884
76	31	116
76	40	94,820
77	3	459
77	8	140,743
77	14	797,929
77	23	130
77	24	859
77	29	116
77	37	66,779
78	5	156
78	11	140
78	15	251
78	16	470,974
78	19	538,978
78	20	487
78	32	375,820
78	33	135
79	13	820,835
79	26	371,839
79	30	519
79	34	929
79	40	116,502
80	23	470
80	27	100,239
80	39	273
81	2	10
81	6	929
81	9	488,865
81	11	763
81	12	502,609
81	19	198,820
82	23	319
82	26	274,443,673
82	31	820
83	5	36
83	6	319
83	16	727,811
83	23	429
83	26	371
83	35	289
83	36	496
84	4	10
84	19	470
84	27	733
84	29	535
84	34	97,982
85	4	244
85	5	100,239,929
85	6	779
85	14	502
85	19	519,689
85	25	130,535
85	30	982
85	39	959
85	40	982
86	2	116,201
86	18	865
86	35	22,251
86	39	261,895,997
87	3	113,130,502
87	4	865
87	7	877
87	17	190,358,725
87	20	779
87	23	251
87	38	684
87	40	743
88	4	198,764,797
88	21	460
88	34	650
88	40	859
89	9	470
89	16	982
89	26	221
89	28	535
89	30	859
89	32	244,470
89	36	820
89	37	459
90	1	562
90	2	22,232
90	5	472
90	12	195,393
90	13	153
90	16	835
90	30	839
90	38	130
91	6	553
91	17	490
91	18	519
91	28	127
91	35	140,326,692
91	37	398,684
92	3	472,865
92	6	470,997
92	13	609,779
92	17	198,820
92	20	779
92	28	522
92	40	485,636,831
93	7	470
93	11	974
93	17	10
93	18	502,895
93	20	982
93	26	232,487
93	27	195,393,487
93	28	982
93	35	113
93	40	734
94	11	140
94	12	63
94	17	859
94	19	116
94	22	600,666,884
94	39	997
95	17	753
95	26	140,367
96	3	813
96	15	865
96	20	36,753
96	21	28,116,367,877
96	23	375,931
96	25	303,728,865
96	26	94,820
96	28	198,764
96	30	201,274,443,460
96	32	843
96	35	684,813
96	37	251
96	39	663,950,983
96	40	535,684
97	1	221
97	2	22,974
97	5	609
97	11	63
97	14	689
97	25	84,198,538,820
97	31	959
97	38	859
97	40	487
98	2	743
98	11	579
98	12	187
98	13	10,557
98	18	319
98	19	36,130
98	28	140
99	10	519
99	12	116,472
99	13	692
99	15	474,644
99	21	140,398
99	31	94,820
99	38	502
100	8	997
100	14	929
100	18	363
100	20	553,579,621,786
100	23	100,239
100	25	646
100	26	524
100	31	610,820
100	38	502
101	1	929
101	13	130,232,974
101	23	195,393,538,865
101	30	206,502,562,859
101	31	204,417
101	33	652
102	4	813,974
102	10	877
102	15	113,553,753,931
102	21	367,488,734,811
102	23	190,358,725
102	39	140,326
103	5	470
103	8	36
103	9	470
103	13	28
103	19	820,865
103	21	843
104	7	974
104	8	371
104	9	487,877
104	16	579
104	26	187
104	34	557
104	39	459,734
105	5	63,974
105	17	538,978
105	19	859
105	31	487
105	33	734
106	3	562,877
106	7	931
106	38	22
106	40	459
107	3	10
107	6	140
107	7	516,596
107	8	974
107	12	535,802
107	23	911
107	26	763,843
107	33	10,487,627,743
107	34	529
107	39	734
108	4	232
108	17	865
108	20	201,997
108	25	251
108	26	519,684
109	9	859
109	23	470,679
109	28	859,982
110	1	753
110	3	100,239
110	5	367
110	7	459
110	17	10
110	23	950,983
110	26	488,865
110	34	743
110	36	646
111	4	232
111	8	156,232
111	10	251
111	14	140,472
111	15	393,563,870
112	1	808
112	4	201
112	7	753
112	18	689
112	19	538
112	25	959
112	35	251
112	36	488,734,950,983
112	37	663
113	12	36
113	17	320,579,655
113	21	204,997
113	35	204
113	38	187,243,279,824
114	3	519
114	6	929
114	16	929
114	18	243,279,824
115	7	877
115	9	232,263
115	11	575,952
115	14	931
115	17	488,811
115	23	10
115	30	623
115	33	130
115	34	820
115	38	190,358,393,600
116	7	201,895
116	13	802
116	14	251,911
116	21	627
116	22	689
116	26	663
116	30	899,959
117	18	820
118	3	689
118	14	100,239,263
118	17	877,982
118	21	371
118	22	319
118	23	610
118	26	52,496,692
118	31	959
118	39	63,398
119	11	997
119	14	535
119	15	753
119	38	367,470
119	39	877
120	7	363
120	9	621
120	29	524
121	2	820
121	6	472
121	8	113
121	9	36
121	15	877
121	21	140,488,811,859
121	22	472
121	36	743,931
121	38	190,358,725
122	16	997
122	19	261,895
122	35	251
123	11	808
123	14	429
123	15	609
123	18	371
123	21	198,820
123	36	813
123	38	146,527
124	5	797
124	11	650
124	14	865
124	18	113
124	22	684,865
124	26	997
124	27	811
124	30	684
125	3	974
125	12	779
125	13	779
125	15	562
125	18	522
125	21	22
125	24	487
125	40	734
126	6	490,553
126	8	865
126	14	808
126	19	429
126	24	371
126	34	140,326
126	35	289
126	36	997
126	38	684
127	3	472,753
127	6	865
127	7	113,367,753
127	11	895,997
127	13	802
127	14	911
127	15	190,358,725,950
127	18	474,644
127	23	529
127	30	684
127	33	859
127	35	663
127	36	899
127	37	135
128	7	753
128	8	865
128	18	367
128	29	820
128	30	684
128	35	929
128	37	10
129	18	216,472
129	27	692
129	39	22,717,949
129	40	251,398,522,563
130	6	140,835,865
130	8	232,689
130	9	636
130	10	727,811,997
130	14	470,779
130	16	485,496
130	18	195,982
130	21	28,198,764,877
130	38	460,820,959
130	39	621
131	7	10,689
131	15	808
131	18	429,470,684
131	34	371
131	39	36
132	3	216,232,609,865
132	9	113,813
132	12	488,811,877,974
132	14	22,198,717,820
132	18	195,393
132	19	319,609,974,997
132	22	198,820
132	23	146,527
132	28	10
132	37	974
132	40	219,251,522,684
133	3	100,239,877
133	8	367
133	18	733
133	20	820
133	22	97
133	23	355,747
133	26	472
133	28	140
133	34	303,728
133	40	563
134	12	877
134	20	931
134	25	303,728
134	27	375
134	28	470,877
134	34	982
135	1	808
135	3	429,813
135	11	562
135	13	319
135	15	22,727,811
135	36	460
135	37	153,261,371,851
136	2	470
136	21	779
136	23	63
136	30	982
136	31	997
136	36	974
136	38	684
136	40	522
137	1	579,974
137	4	216,470
137	5	609
137	10	562
137	16	22
137	22	243,635,974
137	27	153
137	29	600,666,884
137	31	982
137	33	557
137	35	221
138	3	232,679
138	10	689,779,808
138	11	743
138	23	195,209,393,439
138	35	371,553,997
138	36	488,811
138	37	579,786
138	39	579,786
139	15	865
139	21	997
139	31	929
139	34	974
139	36	140,326
140	1	140
140	3	10,263
140	7	201,488,865
140	19	52
140	30	411,454
140	31	273
140	36	663
140	39	84
141	2	929
141	18	232
141	19	519
141	21	206,562
141	36	502,950,983
141	38	127
142	6	895
142	7	802
142	8	470,646,911
142	13	627
142	15	459,529
142	24	610
142	27	398,877,974
142	31	982
142	33	320,655
142	34	899
143	1	535
143	17	63,116
143	18	187
143	21	94,820
143	32	859
143	40	135,770
144	1	859
144	3	274,443,673
144	5	865
144	9	36,997
144	21	684,931
144	26	84
144	32	130
145	19	895
145	21	802
145	26	911
145	38	627
146	1	877
146	13	931
146	16	36
146	19	198,429,764,865
146	30	460,743
146	31	997
146	33	303,728
146	39	289
147	2	232
147	3	195,393,689
147	4	417,609
147	6	808
147	10	201
147	13	813
147	15	779
147	16	522
147	23	522
147	24	371
147	37	663
147	39	393,870
148	2	753
148	9	929
148	11	535
148	13	813,865
148	18	997
148	22	367
148	25	375,950,983
148	30	502
148	32	684
148	33	135
148	34	535
149	1	490
149	5	100,239
149	15	929
149	16	579
149	25	187,273,553
149	32	273,519
149	36	127,140,326
149	38	557
149	40	130
150	9	991,997
150	13	609,779,865
150	14	100,239
150	16	198,820,997
150	23	146,527,684
150	28	485
150	34	743
150	39	859
151	7	263,689
151	12	140
151	16	201
151	20	94,251
151	22	575,952
151	29	877
151	35	52
151	39	663,931
152	4	63
152	12	579
152	13	10
152	17	187
152	21	10
152	28	516,596,974
152	30	10
152	32	488,865
152	38	557
152	40	763
153	2	562,865
153	25	216
153	27	22
153	29	684
154	8	10,895
154	10	802
154	11	490
154	13	929
154	26	488,865
154	34	140,326,627
154	35	502,529
154	37	763
154	38	899
155	1	997
155	4	692
155	7	398
155	15	865
155	18	140,326,429,997
155	21	579,786
155	27	684
155	34	371
155	35	820
155	36	289
156	5	116
156	9	553
156	11	519
156	13	802
156	14	859,911
156	15	820
156	18	982
156	21	627,974
156	26	529,538,978
156	27	689
156	30	487
156	37	116,734
157	2	865
157	8	319
157	27	835
157	29	459
157	32	207,955,997
157	36	140,839
157	39	684
158	3	216,711
158	6	198,764
158	18	460
158	33	66
159	14	865
159	29	753
159	37	367,684
159	39	974
160	1	609
160	8	472,895
160	11	802
160	16	911
160	19	627
160	21	529
160	24	663
160	31	474,644
160	36	899
160	40	146,527,779
161	8	156
161	12	100
161	26	251
161	27	460
161	39	66
161	40	100,239,733,797
162	1	459,865
162	14	743,797
162	18	865,997
162	20	221,974
162	31	859,997
162	36	130
162	38	100,239,959
163	3	609
163	9	982
163	15	263
163	17	198,490,575,952
163	26	820
163	29	52,146,261,527
163	35	859
163	38	66
163	40	743
164	7	929
164	9	113
164	13	865
164	19	997
164	31	140
164	32	684
164	33	84,502
164	35	190,358,725
165	9	997
165	17	865
165	22	579
165	27	997
165	30	684,779
166	7	216,263,711
166	11	575,952
166	18	84
166	19	490
166	22	52
167	11	535
167	14	28,877
167	16	997
168	10	470
168	17	367
168	30	609,733
168	32	97
168	34	982
169	8	877
169	12	609
169	19	835,877
169	23	959
169	24	931
169	28	931
169	33	839
169	40	303,459,728
170	1	649,859
170	2	319
170	15	207,460,955
170	20	28,877
170	24	22,488,743,811
170	27	496
170	36	232,859
170	40	519
171	1	689,895
171	7	689
171	10	140,865
171	12	417,627
171	14	100,239,929
171	18	959
171	34	997
171	35	663
171	36	959
172	12	490,865
172	15	274,443,673,929
172	17	865
172	21	502
172	23	519
172	25	997
172	27	140
172	28	684
172	31	127
172	37	84
173	1	490
173	4	490
173	7	553
173	12	140,519,997
173	22	929
173	23	579,786
173	24	127
174	7	100,239
174	15	28
174	17	865
174	26	367,929
174	32	232,623
174	33	63,180,556,733
174	36	97
175	1	929
175	4	470,929
175	5	470
175	7	502,877
175	14	982
176	2	636
176	8	130,689
176	9	207,470,955
176	11	232
176	16	692
176	18	232
176	21	398
176	26	959
176	29	865
176	30	140
176	32	997
176	33	621
177	2	877
177	9	931
177	16	303,728,931
177	18	439
177	31	63,140,187
177	33	557
178	2	609
178	3	929
178	19	502
178	24	877
178	27	198,820
178	34	140
178	35	877
179	6	201,877
179	7	859
179	9	877
179	12	865
179	13	519
179	18	562
179	19	261,652,895
179	20	779
179	24	931
179	25	929
179	27	663
179	33	472
179	34	522
179	39	459
180	11	490
180	15	820
180	16	116
180	38	94,319,763,820
180	40	140
181	5	10
181	9	263
181	11	782
181	17	113
181	18	877
181	19	488,575,811,952
181	21	931
181	25	859
181	35	52,763
181	36	813
181	38	669
182	10	562
182	17	63,100,239
182	19	553
182	21	646
182	28	140,326
182	40	153
183	5	232
183	20	470
183	29	982
183	32	646
183	35	206,562,610
183	37	393,870
184	4	974
184	7	371
184	9	375
184	13	28,877
184	22	116
184	23	135
184	26	865
184	29	997
184	33	63
184	39	684
185	15	470
185	21	835
185	24	974,982
185	26	470,557
185	28	417,797,982
185	31	650
185	33	931
186	3	319
186	8	579,929
186	10	417
186	14	187
186	19	644
186	24	859
186	28	997
186	33	496
186	36	557
187	7	865
187	10	10,865
187	20	997
187	22	684,779
187	24	600,666,884
187	25	997
187	28	488,865
187	32	522
187	33	763
187	35	684
188	7	865
188	12	243,635
188	18	219
188	20	375,779,877
188	22	974
188	25	135,522
188	40	931
189	3	263
189	11	100,239,929
189	17	140
189	27	319,646
189	29	52
189	38	502
190	8	130,490,859
190	9	929
190	13	502,519
190	14	127
190	15	232
190	19	251
190	24	417
190	35	519,663
190	37	579,786
191	1	689
191	5	779,929
191	19	502
191	21	929
191	22	522,959
191	36	502
192	4	553
192	5	865
192	8	62,535,997
192	10	859
192	19	10
192	24	363,997
192	28	621
192	29	813
192	30	488,811
192	36	524
193	2	609
193	9	198,820
193	19	929
193	27	146,527
193	31	519
193	38	600
194	3	472,535
194	9	474,644
194	10	553
194	22	140,326
194	24	62,113
194	25	261,459,488,811
194	26	62
194	37	502,959,982
195	16	811
195	18	519
195	30	190,358,609,725
195	38	243,279,824
196	10	319
196	20	727,811,859
196	22	962
196	26	371
196	35	779
196	36	669
196	40	496
197	2	835
197	16	839
197	20	820
197	34	813,974
198	11	22,859
198	14	753
198	24	371,813
198	39	470,859
198	40	367,982
199	1	519,820
199	20	753
199	21	367
199	25	429
199	26	127
199	32	371
199	38	289,950,983
200	1	835,895
200	3	865
200	4	802
200	5	652
200	16	911
200	21	627
200	22	529
200	32	652,684
200	35	487,813
201	3	679
201	7	273,319
201	8	263
201	9	808
201	10	753
201	12	538,978
201	14	609
201	16	649
201	17	877
201	20	261,692
201	22	997
201	23	684
201	26	198,261,820,895
201	31	459
201	35	557
201	37	859
201	38	289
201	40	398
202	5	63,865
202	8	997
202	11	116,472
202	12	609
202	18	859
202	20	684,931
202	26	94,820
202	29	502
202	32	563
202	40	557
203	7	865
203	22	997
203	30	684
204	6	130,140
204	16	689
204	19	959
204	25	470,859
204	26	113
204	32	190,358,725
204	33	522
204	40	982
205	9	753,877
205	10	367
205	16	116,950,983
205	32	931
206	11	22
206	17	782
206	19	130,859
206	30	962
206	32	600,666,884
206	35	201,553,579
207	3	797
207	21	779
207	22	470
207	25	650
207	27	865
207	38	997
207	40	140,684
208	2	100,239
208	12	113
208	25	488,811,813
208	28	982
208	29	646
209	8	877
209	9	600,666,884
209	30	835
209	33	563
209	36	689,931
209	39	959
209	40	839
210	7	263
210	20	835
210	22	859
210	26	63,839,859
210	30	835
210	34	929
210	40	839
211	4	140,877
211	5	519,553
211	9	931
211	11	63,753
211	12	140,243,279,326
211	15	94,820
211	23	367
211	26	367
211	27	502
211	40	950,983
212	9	216,711,865
212	14	274,443,673
212	19	609
212	28	84,865
212	29	997
212	33	198,820
212	36	684
213	6	319
213	7	609
213	13	727,811
213	33	496,727,811
213	36	146,527
214	5	470
214	19	232
214	28	195,393
214	30	820
214	33	206,562
214	37	982
215	4	459
215	16	201
215	17	375
215	22	251
215	26	472
215	29	474,644
215	37	663
216	6	974
216	23	319,538,978
216	26	727,743,811
216	27	609
216	31	146,527,929
216	33	219
217	10	490
217	17	519
217	19	689,859,991,997
217	20	779
217	22	522
217	28	127,140
217	30	743,959
217	36	820
218	13	865
218	22	470,579,997
218	25	684
218	26	519
218	37	187,417
219	10	28
219	11	877
219	13	609
219	25	198,820
219	36	146,527,843
219	40	470
220	11	753
220	13	609,835
220	16	367
220	38	198,820
221	7	609,753
221	8	367
221	15	950,983
221	16	201
221	31	251
221	37	663
222	2	207,232,955
222	9	689
222	14	216,711,997
222	16	232
222	20	84
222	24	652
222	32	206,562
223	1	877,997
223	9	459
223	11	931
223	17	198,764
223	20	460
223	23	303,728
223	24	865
223	27	997
223	31	66
223	35	684
224	8	201,753
224	14	974
224	16	470,978
224	17	251
224	19	487
224	28	470
224	32	929
224	35	734,974
224	36	663,982
225	5	929
225	13	470,753
225	15	367
225	33	982
225	34	140,326
226	2	10
226	9	100,239,460
226	17	273
226	29	733,797
226	32	763
228	3	369,490
228	5	974
228	15	422,813
228	33	553,974
228	34	44,469
228	39	734
229	6	130
229	12	207,363,553,955
229	13	859
229	21	621
229	26	524
229	31	140,326
229	37	232
229	40	329,936
230	6	835
230	8	859
230	14	865
230	16	263,839
230	26	952
230	32	273,997
230	34	52,417
230	35	684
230	36	130
230	37	929
230	40	411,454
231	2	232
231	7	689
232	8	22
232	14	459
232	16	753
232	17	221
232	18	261,813,895
232	22	367,470
232	39	982
233	4	997
233	6	263
233	9	575,609,952
233	17	865
233	21	52
233	25	417
233	26	116
233	34	94,820,997
234	2	470,649,808
234	13	113,216,429
234	15	22,717,949
234	16	488,811
234	21	562
234	23	460
234	29	22,929
234	36	153,371
234	37	251,522
234	38	663
235	5	100,239,679
235	21	273
235	35	28,877
236	9	113,600
236	11	974
236	14	600,666,884
236	19	974
236	25	929
236	27	487
236	31	140,997
236	32	251,734
236	37	274,443,673
237	2	439
237	5	877
237	6	113
237	18	232
237	26	931
237	29	190,358,519,725
237	32	232
237	38	650
238	8	877
238	13	865
238	14	931
238	26	303,459,728
238	36	859
238	38	997
239	1	779
239	2	470
239	6	261,895
239	15	198,764,813,982
239	19	485
239	25	460,753
239	36	502
239	37	367
239	39	66
240	3	113,974
240	4	488,811
240	8	974,997
240	15	689
240	19	190,358,725,997
240	31	959
240	36	579,786
240	39	684
241	8	470
241	9	991,997
241	13	982
242	11	263
242	17	470
242	20	575,952
242	30	52
242	36	411,454,609
242	37	198,820,982
242	39	557
243	3	562,865
243	9	22
243	20	553
243	25	153
243	30	140
244	4	470
244	6	470,982
244	13	140
244	15	367
244	16	779
244	22	522,813
245	11	62,130,679,820
245	20	488,865
245	25	652
245	28	209,997
245	30	684
246	2	232,820
246	8	195,393,779
246	13	140
246	18	113,251
246	19	375
246	22	459
246	23	198,820
246	25	535
246	38	527
247	15	609
247	19	221
247	22	261,375,895,997
247	27	929
247	29	146,527
247	36	820
248	10	100,239
248	11	367
248	29	733
248	30	97
248	39	355,747
249	3	100,239
249	6	895
249	7	802
249	12	273
249	19	10,201
249	21	251,911
249	23	627
249	24	488,865
249	25	663
249	27	28,733,797,877
249	40	663
250	8	609,835
250	10	490,711,779
250	12	991,997
250	15	743,839
250	18	929
250	24	198,820
250	35	600,666,884
250	39	502
251	1	472
251	10	116
251	30	459
251	33	974
251	39	813,820
251	40	94,820
252	10	865
252	11	877,997
252	12	319,684
252	16	684
252	26	820
252	33	28,472,877
252	34	496
252	35	931
253	7	470,797
253	14	982
253	20	28,877
254	5	689
254	6	221
254	8	959
254	10	997
254	12	417
254	17	232,600,666,884
254	23	519
254	34	609
254	37	371
254	40	820
255	6	865
255	12	62,216,711
255	13	997
255	14	684,997
255	17	221
255	21	664,820
255	27	84
255	29	367
255	33	519,929,974
255	34	127
256	5	232,877
256	6	28,232,931
256	7	974
256	9	303,728
256	11	679,865
256	14	195,393,865,997
256	17	209,997
256	21	991,997
256	37	206,562,843
257	2	974
257	6	538,978
257	10	877
257	14	865
257	23	487,931
257	33	734
257	37	684,946
258	12	859
258	13	113
258	17	488,811
258	18	417
258	23	820
258	24	502
259	2	207,955
259	9	232
259	10	820
259	16	991,997
259	17	140
259	18	519
259	24	859
259	27	609
259	31	146,527
260	3	116,207,955,974
260	5	232,865
260	8	538,978,997
260	12	66,684
260	24	487,997
260	26	187
260	31	459,557
260	34	519,991,997
261	1	261
261	12	562
261	16	263,835
261	20	575,952
261	27	22
261	32	839
261	36	153
261	37	371
262	1	779,835
262	2	929
262	11	375
262	12	113,502,839
262	16	130
262	17	28,519,877
262	20	859
262	27	727,811
262	28	36
262	30	496
262	35	439
263	3	472
263	8	802
263	11	459,470,474,644
263	16	563
263	17	911
263	19	627
263	23	28
263	27	140
263	30	470
263	32	663
263	36	982
264	1	470,865
264	3	929
264	8	753
264	21	836
264	26	502
264	34	684
264	35	982
265	3	216,711
265	4	263
265	5	140
265	13	929
265	14	52
265	18	502
265	34	84
265	35	232,753
265	36	367,519
266	2	261,895,997
266	16	865
266	17	63,753
266	19	535,743
266	21	367
266	23	371
266	28	950
266	35	579,997
267	6	490,865
267	13	877
267	15	459,519
267	16	859
267	19	684
267	27	929
267	31	931
267	37	127
268	6	609,623
268	13	470
268	37	198,820
268	40	198,820,982
269	5	216,711
269	9	929
269	11	113
269	21	743
269	30	929
269	31	502
269	37	488,811
269	39	190,358,417,725
270	4	10
270	32	488,865
270	38	10,763
271	14	553
271	32	562
271	33	22,997
271	34	470
271	35	140,326,974
271	37	684
272	1	865
272	4	28,470
272	13	997
272	14	460
272	16	835
272	17	116
272	18	459,982
272	21	820
272	22	763,865
272	30	843
272	33	684,839
272	36	63
273	3	609
273	12	187
273	17	557,865
273	18	997
273	26	198,813,820
273	29	470
273	33	146,527
273	37	982
274	7	113
274	8	991
274	23	251
274	25	488,811
274	26	190,358,535,725
274	29	663
274	39	982
275	8	859
275	17	646
275	26	319
275	37	610,727,811
276	10	216
276	13	579,802
276	17	911
276	22	621
276	23	524
276	31	627
276	32	100,239,579,786
276	34	190,358,725
276	37	663
276	38	557
277	4	535,679
277	7	743,779
277	9	28,877
277	10	140
277	16	156
277	21	485
277	22	974
277	28	251
277	31	130
277	40	487
278	3	743
278	17	779
278	19	472
278	22	835
278	31	519,839
278	37	127,522
279	3	649
279	4	221
279	7	28,877
279	18	460
279	28	417,488,865
279	30	820
279	39	763
279	40	929
280	7	371
280	10	319
280	15	727,811
280	22	929
280	25	502,865
280	26	997
280	33	459
281	1	116
281	5	216,553,711
281	9	553
281	14	140,326,609
281	16	649
281	18	113
281	20	865
281	22	652
281	27	997
281	28	460
281	29	371
281	30	84
281	32	146,527
281	38	974
281	39	140,326
282	5	895
282	13	802
282	24	232,459
282	26	627
282	28	877
282	33	931
282	35	529
282	38	663
283	2	201
283	4	251
283	15	113
283	21	201
283	22	251
283	31	929
283	32	663
283	34	140,326
284	9	28,232
284	12	974
284	14	195,251,393
284	16	538
284	30	663
284	34	487
284	39	261,734,895
285	4	158,247,974
285	5	116,488,538,811
285	9	369
285	18	422
285	20	487
285	30	94,820
285	40	563,734
286	1	689,859
286	18	974
286	19	538,978
286	23	243,279,487,824
286	26	734
286	27	439
286	31	997
286	34	684
286	40	63,959
287	2	470
287	6	140,553
287	11	140,326
287	19	652
287	37	982
287	38	950,983
288	5	652
288	19	997
288	36	198,820
288	38	146,527,579,786
288	39	460
289	3	974
289	27	221,538,978
289	28	487
289	36	734
290	13	201
290	19	130
290	21	997
290	23	251
290	26	663
290	28	201
290	32	251
290	39	663
291	11	113
291	17	488,811
291	27	190,358,725
292	3	100,239
292	25	646
292	27	130,997
292	28	646
292	31	610
292	33	684
292	36	610
293	2	535
293	10	10,261,895
293	25	974
293	28	487
293	29	488,865
293	33	763
294	18	877
294	33	931
294	40	303,579,728,786
295	2	201
295	5	931
295	8	808
295	9	865
295	10	429
295	12	207,955
295	24	997
295	30	371
295	31	232
295	34	289
295	38	261,895
296	8	753
296	9	779
296	13	367
296	17	522,835,859,950
296	33	839
297	3	116,470
297	15	216,621
297	21	779
297	39	820
297	40	28,877,946
298	1	263
298	2	52
298	5	929
298	22	140,519
299	15	116,929
299	24	319,997
299	27	470,502,684
299	33	652
299	37	652,859
300	5	865
300	13	216,711
300	29	684
300	30	274,443,673
301	9	113,609
301	12	198,820
301	14	113
301	21	610
301	36	190,358,488,725
301	39	190,358,725
302	1	974
302	3	808
302	6	429
302	7	865
302	14	371
302	23	779
302	30	684
302	32	522
302	36	289
303	3	808,895
303	9	429
303	11	371,997
303	13	609,911
303	19	820
303	20	627
303	23	529
303	24	663
303	35	289
303	36	899,929
304	30	113
304	31	488,811
305	3	779
305	11	130,997
305	12	216,711
305	14	813,865
305	31	84
305	33	684,997
305	36	251
306	2	649
306	6	100,239
306	10	367
306	13	460
306	18	865
306	23	997
306	24	261,851,877
306	25	97,820
306	38	684
307	3	562
307	6	609
307	22	859
307	28	22,753
307	30	367
307	37	198,820
307	38	153
308	7	100,239
308	31	646
308	37	610
309	5	895
309	8	802
309	9	911
309	10	609
309	15	802
309	22	929
309	26	835,911
309	27	627
309	28	529
309	29	627
309	35	529
309	36	502,899,982
309	37	663
310	3	609
310	8	609
310	14	319
310	19	198,820
310	20	929
310	24	797
310	31	650
310	35	502
310	36	811
311	3	519
311	15	187
311	22	609
311	23	770
311	27	243,279,824
312	5	207,955
312	22	232,974
312	26	538,978
312	28	487
312	36	734
313	5	820
313	6	600,666,779,884
313	23	63,243,635
313	27	470
313	34	982
313	35	522
314	4	865
314	18	472
314	27	474,644,974
314	30	319,563,974
314	36	487
314	37	684
315	4	10
315	17	929
315	22	609
315	32	502,779
315	33	36
315	40	130,522
316	8	679
316	12	753
316	13	779
316	15	209
316	19	600,666,884
316	26	219
316	35	519,865
316	40	209
317	1	140
317	4	779
317	26	743,859
317	35	522
318	4	779
318	12	485
319	6	232
319	17	779
319	23	263
319	26	22,206,562
319	31	575,952
319	33	52
319	38	411,454
319	39	485
320	3	646
320	11	100,239,519
320	19	490
320	23	610
320	34	646
321	3	10
321	5	232
321	7	488,865
321	9	470
321	19	763
321	29	140
321	37	261,895
322	1	490
322	6	140,439
322	7	877
322	20	371,820
322	21	140,553
322	23	140,326
322	33	997
322	39	502
323	1	261,895
323	2	201
323	4	140
323	10	10
323	19	251
323	29	997
323	30	488,865
323	31	579,786
324	5	895
324	11	140,216
324	18	911
324	23	113
324	24	22,717,949
324	25	627
324	29	529,929
324	30	209,663
325	2	113
325	5	488,811,974
325	11	190,358,652,725
325	15	949
325	28	649,982
325	40	859
326	2	929
326	15	261,895
326	18	470
326	20	779
326	23	485
326	24	502
326	32	982
327	8	113
327	10	865
327	12	997
327	15	535
327	16	982
327	19	684
327	22	859
327	25	563
327	26	116
328	9	363
328	11	519,621
328	27	524
328	28	140
328	31	329,936
328	33	763
329	2	929
329	3	113
329	4	488,811
329	8	116
329	26	190,358,725
329	34	459
329	38	502
330	5	865
330	6	609
330	7	997
330	10	743
330	22	684
330	24	198,820
331	12	319
331	14	727,811
331	25	974
331	31	487
331	34	496,734
332	1	232
332	3	100,239
332	24	195,393
332	31	206,273,562
332	33	251,459
332	38	733,797
333	8	689
333	12	982
333	19	609
333	23	459
333	29	959
333	31	28,877
333	35	146,527
333	39	522
334	4	974
334	15	538,820,978
334	21	487
335	2	609,753
335	11	929
335	13	439
335	28	929
335	35	836
336	2	221
336	5	251,753
336	7	753
336	16	367
336	18	820
336	22	950,983
336	29	663
337	11	472
337	15	474,644
337	20	563
337	31	36
337	34	100,239
337	36	646
338	2	865
338	6	865
338	14	100,239
338	17	113
338	27	733,797
338	29	859,997
338	31	684
338	32	371
338	36	997
338	38	190,358,725
339	8	470
339	10	982
339	16	375,877
339	28	135,931,997
339	34	261,553,895
339	35	684
339	36	859
339	38	63
340	2	116
340	4	949
340	11	609
340	20	649
340	26	319
340	34	198,820
340	37	94,820
340	39	146,460,496,527
341	1	808
341	2	835
341	11	877
341	17	743,779,839
341	20	931
341	26	247,429
341	27	371
341	30	813
341	37	289
342	2	439,753,929
342	8	974
342	15	692
342	25	367
342	31	950,983
342	39	398,487,646
342	40	997
343	1	865
343	3	865
343	5	609
343	6	997
343	19	646
343	20	470,684
343	23	779
343	25	743
343	26	485,610
343	31	198,251,522,820
343	33	684
344	1	877,895
344	2	303,728,802
344	5	911
344	16	627
344	32	470,529
344	35	663
344	38	899
345	1	232
345	19	216
345	32	206,562
345	33	22,63,717,949
345	36	251,522
346	2	472
346	11	100,239,474,644
346	34	563
346	36	733,797
347	10	113,609
347	13	743
347	22	190,358,725
348	3	609
348	5	198,820
348	14	146,527
348	15	753
348	18	263,367,460
348	24	66
348	39	417
349	2	216,232,711
349	12	274,443,673
349	23	195,393
349	27	84,206,562
350	2	579
350	4	535
350	6	319
350	11	375
350	13	895
350	18	802
350	19	727,811
350	27	135
350	30	911
350	31	496
350	34	187,529
350	35	663
350	39	557
351	1	116,553
351	22	797
351	37	650
351	40	140,326
352	2	649,865
352	3	997
352	8	652,753,974
352	9	779
352	15	460
352	19	10,997
352	24	522
352	29	646,820
352	35	367,610
352	37	488,684,865
352	39	519,950,983
353	1	609,753
353	12	367
353	13	753
353	14	274,443,673
353	23	779
353	30	459
353	33	63
353	37	84
353	40	146,527
354	1	116
354	7	974
354	8	997
354	23	997
354	25	487,553
354	28	579,786
354	32	734
354	40	859,982
355	1	609,929
355	18	779
355	29	522
355	32	198,820
355	40	502
356	3	10
356	9	929,974
356	16	263
356	21	232
356	25	997
356	27	538,978
356	32	487
356	36	763
357	4	820,877
357	17	727,931
357	18	116
357	23	535
357	38	652
358	2	974
358	13	538,978
358	26	487
358	33	487,519
358	37	734
359	5	835
359	17	839
359	26	779
359	27	439
359	33	459
359	38	522
359	39	929
360	7	113,363
360	18	609
360	20	459
360	22	621,753
360	23	974
360	33	488,811
360	37	146,524,527
360	38	329,936
360	40	190,358,725
361	4	201
361	10	232,251
361	11	195,393
361	12	206,562
361	15	393,870
361	32	797
361	40	663
362	2	997
362	5	859
362	10	261,490,895
362	18	519
362	23	753
362	24	743
362	37	127
363	7	28,877
363	10	201
363	18	553
363	20	251
363	22	753
363	34	140,261,326,367
364	17	974
364	20	974
364	28	459,538,978
364	33	743
364	39	487,734
364	40	734
365	3	859
365	19	865
365	34	600,666,884
365	36	320,655,743
365	37	997
366	10	865
366	14	997
366	16	460
366	28	689
366	35	684
367	11	116,472,997
367	15	10,94,470,753
367	17	579,786,982
367	20	36,429,474,644
367	23	763
367	24	367
367	29	371,797,859
367	35	563
367	36	650
367	37	289,950,983
368	4	63
368	11	36,997
368	25	140
368	26	470
368	27	982
368	40	36
369	9	609
369	11	216,579
369	12	113
369	19	140
369	22	187
369	23	557
369	30	198,820
369	39	146,488,527,811
370	5	808,974
370	7	865
370	12	232
370	14	371
370	24	487
370	30	289,575,952
370	32	734,997
370	35	206,562
370	36	393,870
370	39	684
371	8	472
371	26	274,443,474,644
371	37	116,563
372	19	865
372	22	689
372	24	997
372	26	820
372	32	130
372	33	753
372	34	367
372	38	959
372	39	140,929,950,983
373	7	243,279,824
373	26	974
373	31	753
373	40	221,367
374	3	130
374	10	835
374	18	470
374	20	929
374	34	997
374	36	982
374	40	84,579,786
375	2	63,221
375	5	859
375	6	28,877
375	16	553
375	21	10,63,813
375	24	779
375	36	485
376	5	319
376	8	929
376	12	727,811
376	26	263
376	39	496
377	2	820
377	9	251
377	15	116
377	25	689
377	26	929
377	27	94,820
377	28	459,522
377	31	733
378	9	865
378	14	835
378	22	997
378	24	839
378	27	877
378	29	931
378	37	303,728
379	4	113,895
379	7	802
379	8	488,811,911
379	10	627
379	12	529
379	15	609
379	20	663
379	24	470
379	30	146,527,982
380	6	62
381	13	28,609,859,877
381	30	459
382	8	470
382	11	116,859
382	12	974
382	13	113
382	14	982
382	15	820
382	16	502
382	23	562
382	24	487
382	30	140
382	36	94,820
383	13	207,955
383	19	865
383	24	100,232,239
383	27	28,877,997
383	30	519
383	33	63
384	2	371
384	8	865
384	18	820
384	28	535
384	29	997
384	32	684
384	33	140
384	36	553
385	3	490
385	9	519
385	23	692,811
385	36	859
385	39	600,666,884
385	40	127
386	5	929
386	6	895
386	10	113,802
386	17	911
386	19	232,627
386	27	529
386	33	519
386	40	488,811
387	2	835
387	10	472,733,797
387	12	865
387	19	997
387	29	261,895
387	31	684
387	33	839
388	5	263
388	7	375
388	10	575,952
388	14	600,666,884
388	17	52,135
388	23	135
388	28	579,786
389	2	743
389	7	753
389	8	753
389	14	488,600,666,811
389	18	367,649
389	36	367
389	37	190,358,725
389	39	950,983
389	40	460
390	7	753,865
390	13	929
390	26	865
390	28	367,997
390	29	929
390	35	684
390	38	261,895,950,983
391	5	216,711
391	6	753
391	14	367
391	16	753
391	18	367
391	22	140
391	25	274,443,673
391	31	820
391	36	84,727,811
391	38	950,983
391	39	496
392	4	649,974
392	11	460
392	13	487
392	15	130
392	17	367,470,877
392	30	931
392	32	859
392	33	140
392	35	974
392	37	652
392	39	734
392	40	997
393	2	835
393	8	490,753
393	11	140
393	12	929
393	16	367
393	21	274,443,673
393	25	84
393	27	502
393	29	63
393	40	839
394	20	974
394	22	538,978
394	40	487
395	8	28
395	11	779
395	14	865
395	21	843
395	24	929
395	29	459
395	39	460
396	3	232
396	13	195
396	19	820,991,997
396	21	813
397	6	997
397	16	997
398	1	929
398	3	261,895,974
398	12	538,978
398	19	502
398	32	734
399	10	22
399	16	782
399	21	859
399	32	962
399	40	201,553,579
400	2	221
400	12	459
400	17	113
400	19	487
400	22	488,811
401	1	113
401	5	198,753,764
401	10	460
401	11	66,488,811
401	12	689
401	18	190,358,725
401	30	553
401	35	959
401	38	367
402	7	470,865
402	9	232,877
402	10	195,393
402	12	470,490,974
402	16	982
402	17	140,997
402	19	931,982
402	25	140
402	31	206,562,684,997
402	38	519
402	39	579,786
403	2	779
403	7	207,955
403	17	201
403	31	522
403	33	519
403	37	146,527
404	1	753
404	2	367
404	19	319
404	21	623
404	27	727,811
404	29	180,556,809
405	6	490
405	9	519
405	10	877
405	19	835
405	23	931
405	32	839
406	8	470,609
406	9	216,711,929
406	18	753
406	19	28,367,470
406	22	502
406	25	84,982
406	28	198,820,865
406	33	950,983
407	3	997
407	5	808
407	7	319,579
407	12	187
407	15	727,811
407	24	429
407	34	371,929
407	35	130
407	36	130
407	39	289,502,929
408	6	865
408	14	779
408	37	997
409	24	232
409	32	488,519,865
410	5	753
410	10	836
410	14	974
410	19	579
410	23	187
410	26	487
410	28	950,983
410	32	734
410	33	459,734
411	6	835
411	8	808
411	14	429
411	18	743,974
411	22	63,644
411	23	652,835
411	30	839
412	16	116
412	17	216,609
412	28	609,865
412	30	22,717,949
412	32	198,820,997
412	34	684,743
412	38	779
413	19	877
413	25	931
413	27	319
413	37	130,303,728
414	1	865
414	7	201,579
414	8	187,251
414	13	663
414	23	557
414	27	488,865
414	30	472
414	34	474,644
414	36	684
414	37	763
415	1	689
415	19	929
415	29	959
415	30	52
415	32	206,411,454,562
415	34	393,870
416	12	216
416	13	553,859
416	19	797
416	24	116,140,326
416	27	251,522,553
416	33	931
416	36	652,820
417	9	997
417	10	130
417	13	319
417	19	429
417	24	371
417	39	727,811
418	9	187,459
418	13	470
418	28	538,978
418	37	859
418	38	487,982
419	4	865,929
419	5	232,470
419	29	753
419	35	195,367,393
419	38	982
420	7	997
420	11	216,579,786
420	13	646
420	19	28,877
420	25	610
420	28	22,63,717,949
421	7	459
421	13	974
421	17	113
421	20	375
421	21	488,811
422	1	10,470
422	4	982
422	9	991,997
422	10	753,763
422	19	367
422	25	820
422	27	460,820
422	28	251
422	29	100,239
422	36	663
422	39	140,997
422	40	684
423	6	865
423	12	470
423	16	982,997
423	17	929
423	24	470
423	31	459
423	36	982
423	39	263
424	5	974
424	6	978
424	19	195,393
424	21	865
424	26	206,562,997
424	31	684
424	33	734
424	39	393,870
425	1	753
425	5	367
425	9	991,997
425	13	562
425	18	198,319,764
425	22	470,727,811
425	25	22
425	28	488
425	36	22,496
425	38	982
426	2	116
426	12	22,717,949
426	16	877
426	31	931
426	40	303,728
427	9	753
427	24	201,609,859
427	29	367
427	31	743
427	34	146,527
427	35	663
428	1	623
428	7	472
428	8	865
428	12	201,459
428	14	982
428	25	180,263,556,809
428	31	684
428	32	474,644
428	37	459,813
428	39	663
429	2	679
429	26	209
430	1	470
430	2	429
430	3	371
430	10	232
430	18	289
430	33	206,562,982
431	3	797
431	9	113,553
431	14	488,811
431	15	113
431	19	689
431	22	190,358,725
431	25	488,865
431	28	959
431	39	650
432	4	470,835
432	6	839
432	9	929
432	15	502
432	17	371,929
432	20	609,820
432	30	232,470
432	33	502
432	34	982
432	39	982
433	5	865
433	7	553
433	15	140,326,579
433	21	646
433	22	610
433	27	813
433	32	371
433	33	187,684
434	7	239,865
434	13	646
434	17	621
434	36	470
434	39	684
435	2	895
435	8	753,865
435	10	116,367,802,997
435	11	684,911
435	16	627
435	25	320,655,820
435	28	663,950,983,991
436	9	490,609
436	20	216,553
436	30	519
436	37	198,820
436	39	127
437	6	974
437	12	538,779,978
437	20	538
437	27	487,522,779
437	32	116,487
437	38	734
438	2	319
438	6	10
438	9	974
438	13	538,978
438	17	727,811
438	18	22,717,949
438	23	496
438	31	221,487
438	32	734
438	36	221
438	40	652
439	6	600,666,884
439	12	459,808
439	24	116
439	26	429
439	28	371
439	29	289
439	30	459
439	34	94,820
440	7	216,753
440	11	22,717,877,949
440	14	974
440	17	753
440	22	251,367,522
440	24	472
440	27	474,644
440	36	367
440	39	371
441	22	949
441	34	649
441	39	460
442	1	929
442	5	470,575,952
442	7	232
442	8	982
442	10	52
442	14	859
442	30	652
442	34	877
442	37	393,411,454,870
443	2	652
443	4	216,459,711
443	17	609
443	23	274,443,673
443	34	198,820
443	35	84
443	39	146,527
444	16	553,974
444	24	487
444	26	734
445	1	274,443,673
445	22	84
446	2	10
446	20	100,239,488,865
446	22	273
446	33	997
446	36	733,797
446	38	763
447	5	216,470,711
447	26	982
448	6	100,239
448	7	94,820
448	13	273
448	17	140
448	19	459
448	20	63,535
448	34	877
449	13	974
449	16	865
449	19	997
449	23	997
449	25	579,786
449	38	487
450	13	207,363,470,955
450	19	459
450	24	232,621
450	29	459
450	32	997
450	33	684
451	14	319
451	19	459
451	21	10,727,811
451	26	488,496,865
451	39	763
452	1	974
452	6	865
452	20	232,997
452	28	140,820
452	32	684
452	33	929
453	3	232,779
453	4	609
453	14	206,562
453	22	393,870
453	35	198,820
453	36	146,527
454	2	113
454	12	488,811
454	15	472,859
454	22	779
454	33	563
454	38	522,779
455	2	470,649
455	5	865,982
455	9	460,929
455	11	10,813
455	24	100,239
455	32	140,684
455	35	273
455	37	955
455	38	733,797
456	2	808
456	3	429
456	7	895
456	9	553
456	12	802
456	13	487
456	15	877
456	19	911
456	20	113,931
456	25	636
456	27	140,289,326
456	34	529
456	40	621,663
457	5	201
457	9	931
457	17	689
457	32	251
457	33	959
457	40	663
458	2	375
458	14	135
458	15	470
458	24	140
458	27	135
459	3	28,743,877
459	11	877
459	27	273
459	38	417
460	2	232
460	4	820
460	5	652,865
460	14	997
460	18	393,870
460	20	204
460	39	684
461	2	865
461	3	877
461	6	600,666,884
461	9	931
461	13	997
461	15	113,997
461	17	929
461	36	371,488,684,811
461	40	190,358,725
462	6	753
462	11	974
462	13	753
462	15	367
462	19	490
462	23	950,983
462	25	36,367
462	30	734
462	33	763
462	39	982
463	8	865
463	21	519,997
463	26	797,859
463	37	650
464	5	859
464	8	600,666,779,884
464	9	207,232,459,955
464	13	485
464	18	646
464	29	232
464	36	519,610
465	23	130,929
465	27	232
465	29	63,195,393
465	33	206,562
466	1	190,358,725
466	10	63,130
466	16	470
466	33	982
467	8	232
467	19	859
467	20	206,562,865
467	22	997
467	30	997
467	38	684
468	6	865
468	7	470,997
468	19	207,955
468	20	684
468	27	982
468	29	232
468	31	519
469	3	679
469	12	470
469	15	609
469	16	459
469	25	209
469	28	474,644
469	29	997
469	33	982
469	35	974
470	36	113,553
471	6	113
471	8	417,488,811
471	11	187,609
471	24	753
471	25	140,198,557,820
471	27	367
471	29	652
471	34	63
472	1	997
472	2	195,216,393,711
472	5	562,865,991,997
472	7	538,859,978
472	8	579,786
472	10	808,997
472	11	84,652
472	13	487
472	19	429,734,820
472	21	140,459
472	23	393,870
472	40	684
473	13	859
473	14	459
473	18	579,877,929
473	19	516,596,609
473	30	187
473	37	130,487
473	39	974
474	8	232
474	14	319,470,991,997
474	17	692
474	19	553,974
474	23	470
474	32	398
474	34	974
474	35	820
475	1	62
475	7	753
475	9	859
475	16	207,955
475	20	367
475	23	140
475	29	664,859
476	1	820,974
476	3	808
476	14	538,811,978
476	24	429
476	26	140
476	29	371
476	38	487
476	39	289
477	15	689
477	16	609,743
477	22	140
477	23	959
477	39	198,743,820
478	4	36,116
478	18	689
478	33	835
478	34	216,711
478	40	839
479	1	743,859,865
479	6	982
479	8	207,955,997
479	18	232,684
479	25	519
479	38	398
480	1	865
480	8	263
480	14	575,952
480	26	997
480	35	52,84
481	4	232
481	8	195,393,575,929
481	14	502
481	16	52
481	18	411,454
481	38	206,562
482	7	375,652
482	10	865
482	12	997
482	16	135
482	27	684
483	4	519
483	16	649
483	23	609
483	28	198,820,865
483	30	460
483	31	94,146,527,820
483	33	684
483	40	146,527
484	13	997
484	14	140,974
484	18	929
484	23	187
484	35	487,557,579,786
484	38	734
485	1	198,764,820
485	11	216,553
485	15	22,717,949
485	19	232
485	22	460
485	24	66,519
486	1	22
486	4	113
486	14	974
486	17	865
486	25	997
486	28	140,488,811
486	29	487
486	30	865
486	31	997
486	37	496
486	40	684,734
487	5	609
487	9	198,820
487	14	865
487	17	216,997
487	19	929
487	25	929
487	29	146,527
487	39	684
487	40	502
488	5	609
488	8	113,929
488	9	273,929
488	14	146,474,527,644
488	17	563
488	18	502
488	26	600,666,884
488	39	502
489	6	10,319
489	20	140,207,472,955
489	23	130
489	26	763
489	29	496,563
490	3	472
490	5	813
490	18	474,644
490	25	472,813
490	29	563
490	34	563
491	1	470
491	6	649
491	18	140,319
491	24	130,460
491	32	375
491	33	261,851
491	39	459
492	1	490
492	2	820
492	7	743,820
492	9	470
492	14	63
492	25	207,472,955
492	27	535
492	30	232
492	31	519
492	35	563
492	36	982
492	39	140
493	9	10,609
493	12	198,553,820
493	17	232,865
493	26	997
493	27	519
493	31	488,490,865
493	38	519
494	5	130
494	11	113
494	33	488,811
494	35	865,974
494	36	538,978,997
494	40	487,684
495	7	600,666,884
495	10	470
495	13	835,982
495	18	490,839
495	28	28,519,877
495	38	127
496	4	859
496	18	100,239
496	21	646
496	23	62,929
496	30	470
496	35	982
497	11	895
497	13	609
497	19	802
497	21	198,820,911
497	27	627
497	35	146,527,529
497	36	663
498	3	140,579,877
498	7	779
498	8	689,931
498	16	303,728
498	34	557,974
499	4	28
499	22	865
499	30	488,865
500	2	100,239
500	5	232
500	12	195,393
500	15	367
500	17	206,562,997
500	18	393,870
500	40	97
501	2	779
501	7	201
501	8	140
501	9	649
501	10	113
501	17	470
501	18	982
501	20	460
501	23	488,811,929
501	28	502
501	33	859
501	34	859
501	35	251
501	37	663
502	3	797
502	16	201
502	22	859
502	29	652
502	34	251
502	35	929
502	38	663
502	39	950,983
503	1	100,239
503	4	646
503	14	839
503	39	820
504	10	116
504	16	232
504	18	232
504	19	753
504	23	206,562
504	28	206,562
504	33	367
505	7	835
505	8	113
505	15	488,753,811
505	16	519
505	21	221,367
505	25	974
505	34	487
505	36	417
505	40	839
506	1	472
506	2	367
506	3	116,652
506	5	28,201
506	8	94,820
506	15	363
506	16	251
506	18	363,974
506	23	621
506	24	524
506	31	621
506	32	865
506	37	502
507	2	600,666,884
507	10	865
507	15	113,232
507	26	929
507	28	488,811
507	32	684
508	8	319
508	14	140,820
508	17	187,472,813
508	18	63,820
508	20	579,786
508	25	770
508	27	929
508	32	563
509	1	689
509	18	140
509	21	689
509	25	959,997
509	26	116
509	31	652
509	36	63,684,959
510	5	10,895
510	15	802
510	23	835,911
510	33	627
510	34	529
510	39	663
511	7	991,997
511	23	472
511	24	207,474,644,955
511	29	929
511	37	140,232,326
512	5	609
512	8	865
512	11	261,553,895
512	13	753,859,982
512	22	326
512	26	367
512	27	859
512	35	684
513	2	232
513	4	859
513	8	974,997
513	10	470
513	11	113
513	13	684
513	17	557,820
513	30	982
513	31	130
513	32	195,393
513	36	579,786
514	28	877
514	30	216,711
514	34	274,443,673,931
515	8	28,877
515	9	472
515	15	470,474,644
515	16	490
515	22	563
515	27	982
516	1	865
516	10	997
516	11	201
516	12	997
516	24	198,764
516	26	140,460
516	31	66,251
516	36	663
517	5	207,865,955
517	11	865
517	13	997
517	19	232
517	21	997
517	27	684
517	32	519
518	6	232,779,865
518	12	997
518	14	195,393,684
518	36	743
519	8	820
519	13	753
519	15	367,579
519	25	779
519	26	459
519	30	187
519	34	950,983
520	5	216,711,743
520	11	865
520	16	274,443,673
520	19	997
520	21	997
520	29	232,684
520	37	206,562
520	40	684
521	1	679
521	13	10
521	14	743
521	15	28,808,877
521	19	28,429,877
521	23	84
521	24	140
521	28	763
521	29	371
521	30	209
521	37	289
522	8	201
522	12	470
522	15	319
522	20	929,982
522	23	130
522	29	470,535
522	30	865
522	38	997
522	39	982
523	1	470
523	2	472
523	7	113
523	15	553
523	21	982
523	22	207,955
523	24	100,239,488,563
523	26	232
523	30	519
524	9	865
524	11	470
524	16	646
524	19	997
524	23	820
524	28	135,519
524	34	610,684
524	38	243,279,824
525	2	689
525	15	835,991,997
525	22	877
525	29	959
525	32	931
525	39	28,303,728,877
526	1	562
526	2	895
526	7	10,802
526	15	10
526	20	627
526	23	488,529,865
526	25	22,743
526	28	153,763
526	34	663
526	38	763
526	40	899
527	2	319
527	3	877
527	4	931
527	6	198,261,764,895
527	19	460
527	38	52
527	40	66
528	4	490
528	15	535
528	17	216
528	27	743
528	29	485,865
528	30	997
528	35	684
529	11	877
529	19	865
529	34	931,997
529	37	303,684,728,982
530	11	753,929
530	14	472
530	32	474,644
530	33	474,563,644
531	10	140
531	17	974
531	27	538,808,978
531	28	487
531	37	734
531	39	289
531	40	94,820
532	1	579
532	11	187
532	15	100,239,865
532	19	997
532	25	273,557
532	32	221,261,895
532	35	684
532	36	63,417
533	3	472
533	5	865
533	7	474,644
533	8	600,666,820,884
533	10	779,997
533	26	859
533	32	522,563
533	34	820
533	38	684
534	2	974
534	12	538,609,978
534	18	198,820
534	30	261,895
534	32	487
534	38	991,997
535	7	865
535	25	319
535	28	692
535	31	600,652,666,884
535	36	63,535
536	6	472
536	11	201
536	12	216,711
536	16	689,982
536	18	251,959
536	19	663
536	29	563
536	32	274,443,673
536	33	84
537	6	865
537	7	779
537	19	779
537	30	522,779
537	35	135,522
537	38	997
538	21	808
538	26	429
538	28	371
538	32	289
539	6	929
539	15	232
539	22	195,393,991,997
539	23	206,562
539	34	393,870
540	9	232
540	12	808
540	13	429
540	21	562
540	25	289
540	29	470
540	33	820
541	3	929
541	8	743
541	9	553
541	19	470,974
541	22	417
541	23	487,859
541	33	63
541	34	734
541	36	502
542	11	609
542	15	417,865
542	17	859
542	20	997
542	23	579
542	30	470,982
542	40	10,684
543	18	261,895
543	26	363
543	27	974
543	28	621
543	31	524
543	32	329,538,936,978
543	37	487
544	10	753
544	20	367
544	37	950,983
545	1	779
545	5	522
545	7	140
545	25	216
545	27	743
545	40	22,717,949
546	15	649
546	17	997
546	18	692
546	19	865
546	20	209,502
546	24	460
546	25	398
546	32	371,684
546	33	140,779
547	5	997
547	6	689
547	8	820
547	17	997
547	23	684
547	33	959
547	36	895
547	37	84
548	18	232
548	24	195,393
548	26	485
548	34	393,870
548	36	28,877
549	13	609,865
549	16	997
549	25	470
549	27	813
549	36	652
549	39	684,982
550	2	997
550	4	684
550	6	221,519
550	10	243,279,743,824
550	15	219
550	17	187
550	19	557
551	7	779
551	9	865
551	14	779
551	17	692
551	25	116
551	27	94,398,820,997
551	29	684
552	1	319,579
552	6	727,743,811
552	11	187,652
552	26	579
552	32	187,557
552	35	496
553	1	865
553	10	63
553	11	116,244
553	13	502
553	16	997
553	20	470
553	36	982
554	1	991,997
554	3	808
554	6	429
554	11	319,865
554	14	371,779
554	16	997
554	24	130
554	28	140,289
554	31	485
555	2	538
555	4	487
555	5	113
555	10	734
555	23	62
555	24	664
555	35	140
555	40	190,358,725
556	2	470,865
556	10	835
556	13	997
556	14	579,786
556	15	251
556	16	835
556	18	535
556	23	460
556	26	839
556	34	319,663
556	36	859
556	38	66,130
557	4	28
557	5	623
557	17	470
557	19	997
557	23	535
557	29	180,556,809,865
557	39	982
557	40	843
558	4	116
558	14	579
558	33	94,820
558	37	187
558	40	63,557
559	3	997
559	20	113
559	24	63
559	39	488,811
560	3	472,865
560	15	232,997
560	16	195,393
560	17	684
560	20	652
560	38	563
561	11	609
561	13	113
561	17	198,820
561	24	470,488,811,859
562	14	949
562	22	553
562	28	140
562	38	140,326,649
563	2	232
563	5	753
563	8	367
563	9	609
563	19	195,393
563	25	140
563	26	319
563	28	727,811
563	31	496
563	38	929
563	40	146,527,931
564	5	470
564	17	140
564	26	470,877
564	35	931
564	36	982
565	8	113
565	14	113,835
565	17	263
565	19	488,811
565	20	100,239
565	37	839
566	4	974
566	19	997
566	20	538,978
566	27	487,743
566	35	743
566	40	113
567	19	201
567	20	251
568	1	274,443,673,865
568	9	371,997
568	12	221
568	27	895
568	32	684
568	39	84
569	1	100,239,820
569	25	646
569	28	610
569	31	982
570	2	263,562
570	4	22
570	9	820
570	12	636
570	14	153,367
570	21	865
570	23	865,997
570	31	684
570	34	621
570	40	950,983,997
571	1	28
571	7	865,877
571	11	689
571	12	221,609
571	20	261,895
571	21	130
571	28	261,895
571	30	959
571	32	843
571	37	146,527
572	12	865
572	15	997
572	22	684
572	31	470
573	4	865,974
573	5	538,978,997
573	37	487
574	2	779
574	5	363,459
574	7	652
574	9	10
574	16	232,535,621,859
574	19	470
574	21	195,393,535
574	24	84
574	30	524
574	35	140
574	36	982
575	9	779
575	12	261,522,895
575	14	877,997
575	20	991,997
575	24	232
575	29	779,931
575	34	195,393,522
576	2	859
576	4	28,877
576	6	140
576	12	472
576	16	644
576	26	563
577	3	216,609,711
577	19	146,527
577	20	274,443,535,673
577	33	84
578	1	216,711
578	6	974
578	12	490
578	14	959
578	27	487,859
578	28	496
579	22	113,652
579	37	190,358,459,725
580	8	779,974
580	13	371
580	20	22,865
580	24	113
580	25	219
580	26	553
580	29	978
580	33	485,684
580	38	734
581	1	949
581	8	100,239
581	9	982
581	16	116
581	25	94,820
581	27	733
581	28	649
581	29	97
581	34	355,747
581	36	460
582	1	216
582	2	216,711,820
582	11	931
582	16	652
582	18	319,553
582	28	836
582	36	130
582	37	84
582	39	140,326
583	5	609
583	8	216,711
583	9	865
583	20	982
583	24	417,997
583	39	146,527,684
584	6	261,895
584	14	116
584	16	997
584	22	689
584	26	579,786
585	4	63
585	10	10
585	11	232
585	12	273
585	40	195,393,684
586	4	692
586	8	562
586	11	22
586	14	753
586	16	153
586	30	367,398
586	38	274,443,673
587	10	877
587	13	470
587	16	216
587	21	779
587	26	522
587	34	251,982
588	1	319
588	6	779
588	11	835
588	18	743
588	24	490
588	32	839
588	36	727,811
589	16	929
589	18	982
589	19	113,140
589	28	190,358,725
590	4	371,553
590	16	100,239,974
590	19	140,326,538,978
590	20	734
590	24	273
591	1	808
591	3	140,835
591	7	733
591	16	490
591	17	859
591	20	519,877
591	27	931
591	29	371,728
591	30	127
591	39	221
591	40	839
592	12	113
592	22	835
592	27	610
592	28	524
593	1	232,895
593	13	649
593	21	319
593	24	802
593	25	911
593	30	460,627
593	33	529
593	34	261,663,851
593	37	743
593	39	393,496,870
594	2	865
594	4	232
594	5	877,929
594	6	865
594	11	997
594	16	684
594	17	470,931
594	31	195,393,982
594	34	140
595	7	274,443,673
595	8	859
595	11	10,84
595	20	859
595	26	113
596	3	470,895
596	11	130
596	12	802
596	25	201,911
596	29	627
596	36	251
596	37	140,982
596	39	529
596	40	663
597	13	877
597	15	519
597	25	931
597	26	273
597	31	113,535,679
597	32	779
597	36	522
598	8	743
598	12	997
598	15	808
598	17	460
598	20	216
598	22	63
598	24	429
598	27	22,153,371,717
598	34	66
598	39	251,522
599	8	273
599	29	562
599	32	609,835
599	33	22
599	38	839
600	12	929
600	16	877
600	20	207,955
600	23	232,859,877
600	28	502
600	29	459
601	5	470
601	11	982
601	15	459
601	16	929
601	22	502
601	24	470
601	36	243,279,824
602	1	201
602	5	579
602	13	877
602	18	600,666,884,931
602	21	187
602	27	251,557,929
602	38	303,621
603	4	974
603	22	538,978
603	24	820
603	25	487
603	26	198,652,820
603	33	146,527
603	34	779
604	4	877
604	13	472,579,808
604	17	931
604	20	371
604	23	563
604	30	289
604	32	187
604	40	557
605	1	877
605	3	232
605	4	974
605	11	931
605	13	195,393
605	20	835
605	27	470,839,929
605	28	502,877
605	29	490
606	1	609
606	5	579
606	12	488,811
606	15	187
606	17	190,358,725
606	20	557
606	22	146,527
607	3	974
607	6	519,538,978
607	8	470
607	10	779
607	12	459,684
607	18	982
607	21	487,929
607	22	251
607	26	472
607	35	474,644
607	36	36
608	7	743
608	11	535
608	23	929,997
608	26	743
608	31	470
608	39	982
608	40	684
609	2	553,779
609	5	263
609	6	367
609	13	652
609	16	733
609	18	140
609	22	97
609	30	522
609	38	140,326,355,747
610	3	10,779
610	17	470
610	21	859
610	22	753,982
610	23	367
610	26	100,239,623,884
610	29	753
610	36	488,865
610	39	367
611	1	417
611	2	232
611	8	689
611	15	959
611	16	931
611	17	206,562
611	19	393,870
611	25	84
612	18	470
612	19	63
612	31	982
612	33	84
612	39	734
613	2	232
613	4	974
613	5	195,393
613	6	538,978
613	20	859
613	25	487
613	26	187,487
613	34	734
613	35	734
614	2	859
614	12	130
614	13	865
614	16	813
614	18	997
614	20	997
614	22	684
615	9	116
615	11	232
615	20	195,393
615	23	206,562
615	25	779
615	35	94,393,522,820
616	9	929
616	10	201,319
616	25	502
616	29	251,727,811
616	35	859
616	36	663
617	6	239,859
617	7	535
617	18	113
617	28	733
618	7	959
618	12	692
618	17	261,398,895
618	23	319
618	26	201
618	28	727,811
618	34	273
618	35	417
618	36	251
618	39	663
618	40	733,797
619	7	865
619	19	689,997
619	22	487
619	35	734
619	37	959
619	40	140,684
620	1	234,371
620	12	232,623
620	30	10,63,579,786
620	36	120,393,594,870
620	40	636,831
621	1	835
621	8	10
621	11	488,553,865
621	12	865
621	20	140,201
621	23	997
621	27	251,763,839
621	31	663
621	32	140
621	33	22
621	35	153,684
622	8	649,753
622	9	553,997
622	14	367
622	16	261,851
622	22	579,786,983
622	25	502
622	27	140,326
623	3	808
623	10	997
623	16	216
623	19	22,717,949
623	20	371
623	35	763
623	39	289
624	6	609
624	9	859
624	11	216,711
624	23	274,443,459,673
624	28	877
624	32	116
624	33	84
624	35	931
624	37	470
624	40	877
625	8	929
625	14	865
625	15	28,877
625	20	877
625	33	931
625	38	303,502,728
625	39	997
626	2	895
626	8	802
626	19	865
626	29	627,997
626	30	529
626	32	470
626	37	663
627	13	198,516,596
627	20	538,978
627	33	522
627	36	63,487
627	38	734
628	2	877
628	13	931
628	40	303,728
629	4	10
629	8	113,116
629	20	488,811
629	22	488,865
629	30	763
630	3	895
630	4	865
630	13	232
630	14	195,393
630	15	627
630	18	529
630	20	206,562,663
631	8	865
631	12	261,865,895
631	17	195,393
631	20	997
631	21	997
631	23	232
631	25	195,393
631	26	684
631	34	206,562
631	36	684
631	37	472
632	5	865,877,895
632	7	877
632	10	997
632	13	802,931
632	14	911
632	15	997
632	17	627
632	20	529
632	21	684
632	24	303,663,728
632	32	931
632	40	899
633	10	140,753
633	21	877
633	25	113
633	26	553
633	28	367
633	33	950,983
633	38	931
634	4	10
634	8	130
634	10	865
634	13	997
634	15	865
634	16	763
634	25	375,929,997
634	28	502
634	29	135,652
634	39	371
635	5	375
635	19	820
635	32	135
635	40	689
636	5	232
636	14	429
636	28	959
636	33	195,371,393
636	36	289
637	2	319
637	5	727,811
637	7	808
637	17	496
637	26	429,522
637	30	371
637	34	289
639	8	459,470
639	18	232
639	20	62
639	29	140
639	33	320,655,982
640	15	929
640	17	116,502
640	18	94,319,820
640	20	470
640	23	319,460
640	33	66
640	40	130
641	4	204
641	7	974
641	9	140,243,635
641	10	219
641	38	652
641	40	487
642	13	974
642	18	538,978
642	19	487
642	20	734
643	8	113
643	16	488,811
643	17	470,931
643	31	100,239,273
643	34	36
643	35	982
644	1	232,859
644	2	609
644	5	470
644	6	195,393
644	21	982
644	22	600,666,884
644	25	146,527
644	31	130
644	33	393,870
644	37	859
645	2	100,239
645	3	609,646
645	25	201
645	26	251,820
645	39	663
646	3	201,652
646	4	251
646	10	753
646	12	367
646	13	609
646	15	553
646	33	198,663,820
646	35	522,779
646	36	146,527
646	40	140,326,485
647	1	753,974
647	4	261,470,895
647	12	743
647	24	201,982
647	32	251
647	37	221,950,983
648	8	100,239
648	10	369
648	12	422
648	15	44,469
648	21	974
648	35	273
648	36	327,487,671
649	1	470
649	2	865
649	7	472,553,636
649	14	470
649	15	982
649	18	474,644
649	19	563
649	21	261,621,895
649	22	398
649	35	982,997
650	9	877
650	19	10
650	26	859
650	27	488,865
650	28	100,239,982
650	32	646
650	38	997
650	39	610
651	4	609
651	13	753
651	18	470
651	20	198,820
651	24	460
651	39	779
652	13	28,743,877
652	16	113
652	23	216
652	27	22,717,949
652	36	488,811
652	37	190,358,725
652	38	251,522
653	1	216
653	5	10,470
653	14	488,865,982
653	21	439
653	22	763
653	24	221
653	25	470,859
653	27	877
654	5	10,232,417,802
654	15	429,911
654	16	195,371,393
654	17	562
654	25	663,859
654	38	289,488,865
655	5	538,978
655	8	113,808
655	13	753
655	16	371
655	18	743
655	19	289
655	23	652,689
655	29	959
655	35	487
655	39	950,983
656	8	609,997
656	11	198,820
656	15	877
656	19	375
656	22	974
656	24	135
656	27	579,652,786,931
656	29	487
656	31	734,813
657	1	865,974
657	12	470,997
657	17	859,929
657	20	684
657	24	487
657	25	734
658	7	417
658	13	652
658	14	459
658	15	319
658	19	274,443,673
658	28	84
658	29	727,779,811
658	32	496
658	39	779
659	1	140
659	5	232
659	7	116
659	10	974
659	17	519
659	21	974
659	22	538,978
659	24	232
659	31	650
659	35	195
659	36	206
659	37	487,813
659	39	94,734,820,870
660	7	877
660	12	689
660	14	865
660	17	931
660	26	997
660	28	684
661	1	429
661	4	865
661	11	459
661	13	997
661	14	929
661	17	195,393
661	18	813
661	23	684
661	35	502
662	8	865
662	11	974
662	12	10
662	13	779
662	17	684,997
662	24	135
662	28	652
662	32	140
662	34	763
662	40	63
663	7	753,895
663	8	802,895
663	19	911
663	24	802
663	27	367,627
663	30	627
663	31	36
663	33	529
663	36	663
663	39	663
664	11	113,367,375,621
664	15	946
664	19	135
664	26	97,488,811
664	32	439,472
664	37	474,644
664	38	355,747
665	3	929
665	5	929
665	9	502
665	10	779
665	15	375,797
665	20	522,650
665	28	84
665	29	135
665	36	459
666	2	779,865
666	9	371,779
666	16	232,485,997
666	20	502,684
666	22	195,393
666	32	485
666	35	221,877
666	40	929,931
667	3	140
667	11	865
667	13	753
667	29	997
667	32	367
667	40	950,983
668	8	10
668	10	609
668	18	490,929
668	21	439
668	24	198,502,820
668	35	519
668	37	146,527,763
669	3	116,877
669	12	113,820
669	35	931
669	38	303,728
669	39	190,358,725
670	7	201,472
670	8	198,764
670	10	470
670	19	982
670	26	663
670	35	460
671	10	609
671	13	553
671	20	609
671	23	198,820,859,865
671	27	997
671	29	865
671	32	146,527,684
671	33	997
671	34	839
671	40	684
672	6	535,929
672	7	502,859
672	18	319
672	19	877
672	37	727,811
673	5	579,813
673	12	140,470
673	15	553
673	19	579
673	24	187
673	27	375
673	29	470,797,982
673	30	187
673	32	859
673	35	982
673	38	557
673	39	557
673	40	974
674	5	649
674	12	100,239
674	14	470,649
674	22	502
674	27	460
674	30	733
674	31	460,982
674	34	97,813
675	36	116
675	40	94,820
676	19	232,553
676	32	22
676	35	36
676	40	206,562
677	3	263
677	20	470
677	22	100,239
677	27	646
677	29	982
677	30	610
677	40	52
678	1	201
678	3	877
678	4	931
678	6	877
678	9	931
678	10	991,997
678	22	929
678	23	251
678	25	303,728
678	26	63
678	28	663
678	36	460
679	2	865
679	4	232
679	10	997
679	11	779
679	23	684
679	26	485
679	27	490
679	29	519
679	30	127,485
680	3	753
680	7	835
680	9	207,835,955
680	17	367
680	20	839
680	26	232
680	27	487
680	35	820
680	40	519,734
681	5	116
681	16	113,274,443,673
681	18	488,811
681	32	63
682	25	470
682	33	180,556,809,982
682	39	63
683	17	895
683	19	802
683	21	459,488,865
683	23	911
683	24	627
683	25	529
683	39	663
684	13	232
684	27	931
684	33	261,895
685	8	113,859
685	9	813,929
685	10	470
685	20	820
685	26	140,326
686	30	100,239
686	34	10
686	38	646
686	39	610,763
687	6	808,974
687	17	429
687	20	753
687	26	367
687	40	950,983
688	6	743
688	23	689
688	27	198,820,959
688	29	146,527
689	7	609
689	16	974
689	23	363,865
689	24	487
689	26	734
689	34	997
689	37	997
689	39	684
689	40	684
690	6	470
690	7	997
690	10	753
690	20	274,443,673
690	24	84,950,982,983
691	6	997
691	18	609
691	19	684
691	22	198,820
691	24	519
691	29	243,279
691	31	929
691	34	261,895
692	2	490
692	13	261,895
692	18	519
692	25	263
692	26	877
692	28	127,575,952
692	30	52,997
692	35	411,454,684,859
693	3	130
693	5	470,753
693	7	198,820
693	16	997
693	21	367
693	24	84,982
693	38	929
694	6	216,711
694	9	201
694	10	84
694	24	865
694	27	251
694	30	859,997
694	33	663
695	9	470
695	12	865
695	13	991,997
695	14	579,997
695	19	216,650
695	20	684
695	36	982
695	39	459
696	1	140
696	2	198,974
696	3	779
696	5	116
696	15	417,460
696	19	140,261
696	22	140
696	27	251,487
696	30	734
697	7	319
697	25	207,955
697	26	232,859
697	27	684,727,811
697	39	140,519
698	9	472,623
698	23	474,644,865
698	25	488,865
698	26	859
698	28	763
698	37	997
698	38	180,556,809,931
698	40	303,728
699	3	263
699	7	575,952
699	18	261,895,991,997
699	29	579
699	32	797
699	33	650
699	38	52
700	1	997
700	2	974
700	6	198,470,764
700	10	982
700	23	579,786
700	24	36,261,460,895
700	27	459
700	30	487
700	31	66
700	37	734
701	3	100,239
701	6	367
701	8	779
701	21	974
701	30	522,733
701	31	417
702	11	753
702	12	243,367,635
702	13	813
702	20	490
702	34	251,522
702	36	219,519
702	38	127
703	4	929
703	27	553
703	28	140
703	30	140,326,652,753
703	32	367
703	38	216,711
704	1	113,216,679
704	3	130,209
704	5	949
704	7	261,895
704	11	649
704	13	198,820
704	18	232,371
704	28	146,195,393,527
704	30	488,811
704	31	187,261,895
704	38	206,460,562
704	39	261,895
705	6	974
705	10	635
705	26	538,743,978
705	30	579,786
705	33	460
705	35	496
706	6	472
706	10	813
706	13	100,239,797,865
706	14	367
706	15	733
706	16	97
706	17	982
706	18	563,997
706	31	839
706	32	763
707	2	579
707	12	865
707	16	997
707	21	367
707	22	733
707	25	320,655
707	29	97
707	31	187,835
707	35	839
708	3	221,820
708	11	113,865
708	12	10,652
708	15	375
708	23	371
708	25	997
708	28	684
708	35	997
708	36	135,763
708	38	684
709	28	460
709	29	779
709	34	649
709	35	460
710	5	470,797
710	11	470
710	14	487,982
710	15	600,666,884
710	36	650
710	38	84
711	8	261,553,895
711	25	140,326
711	26	679
711	28	209
712	4	877
712	5	877
712	11	931
712	15	470
712	26	375
712	30	135
712	32	982
713	7	100,239
713	8	367
713	11	490
713	13	113
713	17	519
713	23	127,929
713	24	171,982
713	25	623
713	31	733
713	32	180,556,809
714	3	865,929
714	6	553,997
714	7	251
714	8	10,140,326
714	16	488,865
714	17	763
714	31	663
714	39	502
715	2	649
715	5	232,460
715	10	519
715	23	519
716	25	113
716	32	140
716	38	232
717	8	28,623,877
717	35	140
718	2	535
718	7	232
718	12	865
718	15	997
718	23	488,865
718	28	684
718	30	763
718	38	206,562
719	9	974
719	15	140
719	17	538,978
719	26	779
719	35	487
719	40	485
720	4	113,470
720	5	488,811,865
720	10	650
720	16	865
720	17	982
720	19	997
720	21	417
720	22	865
720	35	190,358,725,997
720	37	997
720	38	684
721	2	865
721	3	652
721	8	974
721	13	623
721	17	180,556,809
721	20	779
721	31	997
721	34	522
721	35	684
722	8	877
722	21	470
722	31	931
723	2	10,835
723	4	859
723	5	877
723	8	931
723	23	763
723	29	130
723	30	839
724	5	895
724	7	470
724	21	982
724	22	232
724	24	529
724	25	663
724	32	600,666,884
724	34	206,562
724	36	130
725	5	263,609
725	8	198,820,929
725	26	743
725	30	113
725	35	52,997
725	37	579,786
726	19	997
726	23	579,786
726	32	753
726	37	367
727	5	982
727	9	201,579,865
727	12	997
727	15	251
727	16	232,251
727	18	535,997
727	24	130
727	25	663
727	26	663
727	32	187
727	38	519
728	1	10,472,865
728	8	835
728	17	130
728	25	997
728	26	156
728	29	684
728	33	684
728	36	563
729	1	562,865
729	2	929
729	3	22,609,692
729	6	502
729	8	100,198,239,820
729	23	470,609,684
729	34	646
729	35	488,811
729	40	146,527
730	4	232
730	17	195,393
730	18	206,562
730	30	997
730	39	496
731	1	743
731	2	375,835
731	7	263,811
731	8	135,140
731	17	689
731	32	52,535
731	35	839
731	38	371,470,929
732	5	140
732	9	10
732	19	859
732	30	488,865
732	34	763
733	1	232,955
733	3	10,195,393,991
733	9	140
733	13	488,865
733	21	206,562,859
733	22	221,865
733	28	609,820
733	30	198,417,820
733	37	232,393,870,997
734	3	553
734	4	820
734	18	470
734	21	472,808
734	22	797
734	26	650
734	28	140,326,429
734	31	982
734	40	474,644,779
735	4	929
735	7	63,865
735	17	502,997
735	25	877
736	13	232
736	30	206,562
736	31	393,870
737	2	974
737	5	538,974,978
737	6	263
737	8	487
737	15	487
737	21	820
737	23	734
737	26	261,895
737	30	52
737	31	734
737	32	974
738	3	113
738	12	216,319
738	18	36
738	28	22,717,949
738	30	190,358,725,727
738	34	251,522
739	9	553,579
739	13	779
739	14	22
739	26	522
739	27	116,140,326
739	28	187,232
739	31	557
740	1	232
740	3	195,393,779
740	5	621
740	10	859
740	12	116
740	23	94,393,820,870
740	26	946
740	27	929
740	37	522
740	38	535
741	17	232,562,877
741	20	931
741	24	195,393
741	30	22
741	34	303,728
742	3	779,808
742	8	261,877,895
742	14	140
742	16	216,711
742	26	10,929
742	29	763,929
742	31	429,522
742	33	63
742	34	274,371,443,673
742	39	66,84
742	40	289
743	10	997
743	14	140
743	30	201
743	32	251
743	37	28,488,865,877
743	40	663
744	8	100,239
744	13	367
744	23	459
744	26	553
744	27	733
744	29	859
744	31	813
744	35	97
744	40	190,358,725
745	7	232
745	29	195,393
745	37	609,991,997
745	38	190,358,725
745	39	116
746	8	743
746	11	459
746	26	553,950,983
746	30	140,326
746	36	94,820
747	2	140
747	3	877
747	4	553
747	16	931
747	17	140,326
747	21	303,728
748	9	600,666
748	19	600,666,884
748	33	929
749	2	895
749	8	802
749	10	820,911
749	22	113,627
749	30	859
749	34	190,358,663,725
750	2	609
750	6	216,711,820
750	7	743,779
750	10	274,443,673
750	13	84
750	20	140,146,527
750	31	470
750	33	522,982
751	1	319
751	4	974
751	8	470
751	14	982
751	18	929
751	25	502,538,978
751	27	130
751	28	487
751	37	734
752	1	10,201
752	2	763
752	5	820
752	8	877
752	27	28,251,779,877
752	35	820
752	37	209
752	40	663
753	3	609
753	13	865
753	14	201
753	16	146,251,459,527
753	24	470,997
753	34	959
753	38	663,684
754	2	813
754	13	363
754	14	28,877
754	23	371,877
754	24	621
754	27	652,931
754	28	991,997
754	36	140
755	4	319,949
755	9	232
755	12	140
755	19	488,811
755	23	190,206,358,562
755	27	496
756	1	779
756	3	859
756	10	522,779
756	12	779
756	13	10,859
756	31	522
756	39	84
757	13	113
757	20	201
757	30	251,472
757	34	474,644
757	38	563
758	6	472
758	10	201,553
758	17	474,644
758	25	563
758	33	251
759	1	692
759	9	813,974
759	12	895
759	16	538,978
759	20	487,802
759	24	911
759	25	734
759	31	627
759	33	529
759	36	663
759	37	398,899
760	2	553,649
760	8	460
760	10	797
760	13	974
760	23	553
760	27	232,839
760	34	650
760	37	195,393
760	38	116
761	2	459,649
761	9	553
761	14	140,326,579
761	16	472
761	23	187
761	26	460,753
761	35	820,929
761	37	367,820
761	39	563
761	40	820
762	4	363
762	13	371,865
762	19	201,621
762	25	251
762	27	519
762	29	524
762	34	997
762	38	243,279,663,824
762	40	63
763	5	140,216,711
763	11	204,519
763	12	459
763	15	974
763	21	369
763	23	422
763	26	44,274,443,469
763	32	127
763	38	327,671
764	2	865
764	8	460,865
764	10	997
764	15	66
764	22	130
764	26	997
764	28	579,786
764	29	820
764	30	28,877
764	35	470,684
765	3	113
765	10	209
765	13	232
765	15	692
765	17	140,398
765	19	865
765	38	877
765	40	843
766	4	865
766	6	997
766	11	130,779,835
766	13	859,982
766	24	877
766	26	417
766	34	522
766	38	684
767	19	62
767	32	207,955
767	39	232
768	22	609
768	24	198,820,949
768	26	649
768	30	319
768	37	146,527
768	39	496
769	3	470,974
769	5	113
769	13	877
769	15	130
769	21	779
769	22	140,232
769	23	811
769	27	621
769	29	251
769	31	982
769	33	417
770	19	470
770	20	470,877
770	21	470,982
770	24	931
770	29	982
770	30	522
770	37	187
770	40	982
771	2	519
771	3	779
771	10	553
771	11	997
771	15	251
771	18	63,663
771	20	251
771	23	535,579,786
771	25	140,326
771	32	663
772	7	997
772	8	130
772	12	201
772	24	439,997
772	29	519
772	32	663
773	2	753
773	11	929
773	17	367,460
773	26	273,553
773	29	950,983
773	32	66
773	33	553
773	36	140,326
774	2	140,472
774	7	63,470
774	17	207,955
774	19	474,644
774	22	232
774	23	470,820
774	24	797,859
774	27	273,563,982
774	31	261,895
774	36	502,650
775	2	232,649
775	15	460
775	17	261,600,666,851
775	26	600,666,884
775	34	206,562
775	39	991,997
776	4	553
776	7	470
776	9	234
776	15	538,978,982
776	30	487,636,831,877
776	32	929
777	1	859
777	6	974
777	7	835
777	10	470,538,978
777	22	487,982
777	33	734
777	37	839
778	1	100,239,472,797
778	2	216,877
778	12	779
778	13	650,929
778	16	472
778	18	646
778	20	140,931
778	23	502
778	26	22,717,779,949
778	30	474,644,779
778	31	251,522
778	33	485,502
778	36	140,563
778	37	303,485,610,728
779	4	116,470
779	7	470
779	14	140,470
779	28	982
779	30	140
779	31	982
779	37	859
780	1	239,753,859
780	11	646
780	16	535,753
780	19	553
780	28	367,839
780	30	204
780	33	535
780	35	997
781	16	113
781	21	140
781	24	232
781	30	195,261,393,895
781	31	488,811
781	36	140,326,393,870
782	1	22,579
782	3	28,600,666,884
782	14	865
782	15	753
782	25	646
782	28	187,367
782	29	140
782	30	813,877
782	40	610
783	2	100,239
783	5	62
783	10	865
783	11	997
783	36	429,679,684
783	37	371,664
784	7	865
784	10	779
784	12	319
784	22	835
784	23	997
784	34	684,727,811
785	1	100,239,779
785	7	535
785	13	553,652
785	20	600,666,884
785	25	140,326
785	32	201,733
785	35	485
785	37	251
785	38	263
786	1	865
786	3	201
786	5	216,711,808
786	6	835,865
786	7	274,443,673
786	9	997
786	10	251
786	17	140
786	20	684
786	21	663,684
786	23	429
786	24	84,371
786	26	839
786	28	140,326
786	30	289
787	4	779
787	10	865
787	13	839
787	18	319
787	19	997
787	22	94,820
787	26	522
787	34	684
787	39	140
788	9	753
788	22	367,470
788	24	950,983
788	31	263,273
789	3	472,609,877
789	4	198,820
789	7	474,644
789	10	113
789	12	779
789	16	931
789	24	865
789	33	190,358,725
789	37	303,563,728
789	38	997
790	16	470
790	29	865
790	31	982
790	34	997
791	14	877
791	15	609,753
791	22	198,820
791	23	997
791	29	684
791	30	367
791	35	931
791	39	232,983
791	40	195,303,393,728
792	4	470
792	14	779
792	15	865
792	16	982
792	30	997
792	32	522
792	36	865
792	39	859,997
793	12	877
793	13	470
793	18	835
793	26	692,931
794	13	459
794	25	535
794	26	36
795	6	232,375
795	11	135
795	18	472
795	19	538,978
795	28	779
795	31	470
795	32	474,644
795	34	734
795	35	609
795	38	198,820
795	39	146,527,563
796	1	28
796	9	865
796	17	877
796	20	931
796	22	820
796	23	843
796	28	28,519,877
796	29	684
796	31	63
797	3	502
797	9	216
797	10	232
797	23	195,393
797	38	206,251,522,562
798	7	865,974
798	26	997
798	29	553
798	32	487,684
799	2	100,239
799	13	28,63,753,877
799	14	974
799	15	859
799	24	367,375
799	31	135,251,950,983
799	35	487,663
800	9	929
800	13	535,636
800	19	502
800	28	865
800	36	997
801	3	140
801	6	232
801	11	375
801	14	519
801	28	929
801	32	393,859,870
802	1	140
802	27	553
802	33	243,635
803	3	216,711
803	7	895
803	9	911
803	12	113,627
803	19	274,443,609,673
803	21	216,488,811
803	23	84
803	27	529
803	28	190,358,725
803	29	579
803	32	146,527
803	33	251,522,899
803	36	557
804	7	207,865,955
804	15	997
804	19	113
804	29	684
804	30	232
804	31	519
805	10	865
805	15	649
805	20	609
805	26	865,997
805	31	36
805	37	684
806	8	201
806	14	949
806	17	649
806	25	261,649,895
806	29	663
806	31	460
806	39	263,460
807	7	865,991,997
807	8	116
807	23	865,997
807	24	684,997
807	35	684
808	3	609
808	16	743
808	21	753
808	32	130
808	33	367
808	34	859,950,983
809	1	553
809	10	562,974
809	17	22
809	21	779
809	25	487
809	38	734
809	39	251
810	12	974
810	15	753,779
810	18	487
810	35	929
810	39	734
810	40	522
811	6	472
811	12	439,978
811	28	839
811	32	563
812	3	201,261,490,895
812	4	997
812	13	251,553
812	22	808
812	27	663
812	29	371
812	33	439
812	35	289,579,786
813	10	562
813	22	22,535
813	34	153
814	2	100,239
814	4	367
814	8	733
814	10	97
815	9	216
815	14	22,717,779,949
815	16	813
815	23	485
816	11	100,232,239
816	13	813
816	15	243,279,470,824
816	18	859
816	23	982
816	25	371
816	28	273
816	40	877
817	4	116
817	13	753
817	29	367,865
817	36	204,684
817	38	94,535,820,859
818	1	974
818	17	261,895,997
818	25	232,692
818	30	398
818	36	579,786
818	37	487
819	2	820
819	3	865
819	7	63
819	11	100,239
819	15	535
819	26	753
819	29	997
819	30	367
819	33	646
819	36	393,610,950,983
819	37	839
820	1	470
820	5	865
820	24	997
820	25	652,865,877,982
820	27	997
820	29	130
820	32	470,835
820	34	684
820	37	931
821	2	140,535,997
821	4	472
821	5	247,459,877
821	6	474,644
821	8	779,820
821	11	649
821	12	422
821	14	460,563
821	16	44,469,579,786
821	19	63,522
821	28	261,851
821	29	579,786
822	1	216
822	8	22,717,949
822	9	865
822	11	232,609
822	16	439
822	20	198,820
822	25	251,522
822	34	997
822	36	684
823	3	865
823	17	997
823	22	684
823	27	949
823	38	470,652
824	5	609
824	10	459
824	27	198,820
824	33	743
824	35	538,978
824	36	487
824	39	652
824	40	839
825	1	553
825	16	140,326,820
826	15	519
827	1	997
827	10	201,579
827	29	579,786
827	30	429
827	33	187
827	36	251,371
827	39	289,929
828	1	877
828	24	63
828	29	28,877
828	35	63,303,728,779
829	5	490
829	6	779,997
829	8	609
829	14	519
829	16	485,753
829	17	198,820
829	26	470,997
829	28	470
829	30	127
829	32	367
830	12	319,652
830	13	490
830	24	519
830	25	127
830	33	991,997
830	39	600,666,884
831	1	553,877
831	5	207,955
831	7	140,326,689
831	8	140,974
831	11	22,959
831	12	221,974
831	13	538,978
831	15	487,931
831	18	997
831	19	472,579,786
831	26	459,487,836
831	27	734
831	28	274,474,644,673
831	29	84
831	33	563
831	37	734
832	1	865
832	3	470,997
832	5	865,982
832	14	470
832	19	130,190,684,725
832	22	201
832	24	251
832	31	535,663
832	35	684
833	1	140,609
833	2	753
833	5	232
833	14	470,929
833	15	130,195,393,470
833	24	982
833	28	198,502,820,982
834	8	562,865,997
834	10	22,982
834	15	997
834	22	684,859
834	23	859
834	31	219
834	32	153,553
834	34	140,326
835	5	877
835	6	63
835	8	113
835	15	623
835	22	417
835	23	931
835	29	232
835	35	839
835	39	190,303,358,725
836	2	198,201,764
836	19	116,140,251,326
836	23	460,490
836	31	94,663,820
837	1	459,579,652
837	3	865
837	7	187
837	11	319
837	24	991,997
837	29	460
837	32	727,811,997
837	35	496
837	40	557
838	9	472,797
838	10	650
838	29	474,644
838	34	839
838	38	519
838	39	563
839	3	877
839	6	116
839	7	931
839	20	472
839	23	303,728
839	30	94,563,820
840	7	974
840	8	538,978
840	9	997
840	15	488,811
840	26	487,684
840	34	232
840	37	206,562
840	38	734
841	1	753
841	3	753
841	4	865
841	16	797
841	19	367
841	20	997
841	24	263
841	27	575,952
841	30	367,684
841	33	52
841	40	650
842	1	36
842	3	140
842	6	753
842	10	562
842	13	367,621
842	16	417
842	17	950,983
842	20	22,329,936
842	31	153,734
843	7	140
843	13	367
843	15	320,655
843	21	562,733
843	29	22,28,877
843	31	153
843	35	97
843	37	355,747
844	1	263
844	3	62
844	4	52
844	6	535
844	8	820
844	9	664
844	15	470
844	20	63
844	28	411,454
845	2	553
845	6	877,929
845	7	140
845	13	779,931
845	16	63,140,326,398
845	22	251
845	36	261,895
846	6	216
846	24	929
846	25	261,895
846	29	502
846	34	140
847	3	877
847	10	488,811
847	16	190,358,725
847	26	63
847	38	929
848	5	865,929
848	10	221,997
848	11	982
848	12	779
848	14	100,239
848	20	485,877
848	21	931
848	29	502
848	30	303,728
849	7	579
849	9	187
849	14	997
849	20	460
849	35	959
849	37	557
850	7	470,865
850	8	10
850	11	982
850	15	100,239
850	18	743
850	27	859,997
850	36	733,797
851	1	207,955
851	12	929
851	15	130,232
851	17	201,502
851	20	929
851	22	865
851	24	63,519
851	27	251
851	31	663
851	36	485
851	38	684
852	9	10
852	14	779
852	18	808
852	20	429
852	27	371,808
852	28	429
852	32	763
852	36	289,371
852	39	289
853	3	609
853	7	140,865
853	8	652
853	12	198,263,820
853	21	997
853	22	52,684
853	29	411,454
854	3	470
854	8	859
854	16	116
854	19	820
854	20	22
855	1	865
855	3	997
855	20	859
855	25	684
855	35	459,859
855	40	652
856	5	562
856	9	820
856	17	22
856	31	779
856	37	232
857	5	459
857	15	929
857	36	198,820
857	39	84,146,527
858	7	216
858	30	974
858	31	22,717,949
858	38	487
859	5	375
859	6	779
859	11	28,135,743,877
859	12	522
859	14	63
859	22	371
859	24	652
860	2	877
860	11	261,895
860	15	375,808
860	20	649
860	27	460
860	30	429
860	31	135
860	32	371
860	34	261,303,684,728
861	6	201
861	7	865
861	16	470
861	20	779,997
861	21	251,982
861	25	485
861	27	865
861	32	502
861	34	843
861	39	140,663
861	40	28,877
862	1	743
862	5	116
862	11	579
862	12	10
862	14	263,488,865
862	17	859
862	19	198,764
862	22	763
862	28	460
862	37	187
863	2	490
863	9	820
863	13	991,997
863	21	363,991,997
863	27	621
863	30	524
863	32	813
863	34	997
863	35	684
864	1	835
864	13	470
864	14	113
864	15	839,929
864	19	470
864	25	221
864	29	502,535,982
864	30	982
864	31	190,358,725
865	4	679
865	23	519
865	26	209,243,279,824
866	13	113
866	14	859
866	20	488,811
866	22	877
866	31	931
867	9	232,877
867	23	195,393
867	34	206,562
868	3	10,28
868	18	865
868	23	375,997
868	25	997
868	27	684
868	33	417,982
869	11	113
869	15	865
869	18	609,974
869	19	538,684,978
869	26	487
869	34	734
869	37	198,820
870	5	929
870	6	997
870	7	609
870	8	684
870	18	579,786
870	20	929
870	23	502
870	29	502
871	5	779
871	14	538,753,978
871	19	367
871	22	140
871	25	485
871	27	929
872	37	649
872	38	460
872	40	261,851
873	2	113,459
873	19	929
873	23	519
873	33	502
873	39	243,279,824
874	1	808
874	10	429
874	21	371
874	23	997
874	25	579,786
875	2	652,753
875	5	232
875	6	367
875	14	865
875	22	997
875	27	195,393,684,943
875	29	557
875	33	130
875	34	813
875	39	393,870
876	19	201
876	22	251,538,978
876	29	140
876	32	63
877	1	553,779
877	3	609
877	18	198,820
877	19	140
877	22	130,470
877	24	28,877
877	25	146,527,991,997
877	40	982
878	9	753,865
878	10	367,997
878	39	684
879	5	63
879	6	974
879	8	319
879	12	538,978
879	18	371
879	19	997
879	32	734
879	35	646
879	39	652
880	5	808
880	7	429
880	9	865,997
880	20	997
880	23	496
880	25	684
880	28	289,439
881	1	808
881	6	429
881	30	371
881	36	63,289,319
882	4	460,502
882	20	116
882	29	94,820
882	33	66
883	4	808
883	8	472,949
883	10	474,644
883	14	649
883	17	429,460
883	40	371
884	2	877
884	3	931
884	14	490
884	18	319
884	22	519
884	26	779
884	28	522
884	30	232,997
884	31	470
884	33	519,579,786,820
884	34	727,811
884	39	127,982
885	2	263
885	4	974
885	11	575,952
885	12	487
885	14	52,997
885	38	454
886	1	579
886	16	221,470,929
886	19	502
887	17	997
887	25	187,232,820
887	29	929
887	31	557
887	40	579,650,786
888	1	36
888	2	929
888	10	140
888	15	502
888	33	470,535
888	35	502
888	36	600,666,884
889	2	877
889	5	931
889	7	303,728
889	8	929
889	12	535
889	20	649
889	28	63
889	37	460
889	39	261,851
890	1	140
890	2	140
890	3	113,140
890	4	232
890	5	997
890	13	753
890	16	22
890	29	488,811
890	35	836
891	1	562
891	4	22
891	13	153
891	27	201
891	28	609,865
891	32	251
891	35	663,779
891	36	485
891	40	198,684,820
892	1	553
892	10	997
892	30	251
892	33	684
893	3	130
893	6	859,974
893	9	113
893	13	488,811
893	14	460,689
893	17	743
893	30	66,190,358,725
893	39	487
894	3	689
894	10	261,895
894	12	865
894	18	553
894	22	813
894	40	140,326
895	1	753
895	3	113
895	7	652
895	18	367,459
895	19	950,983
895	21	63
895	22	460
895	26	190,358,725
895	35	66
896	16	753,779
896	21	522
896	25	835
896	29	950,983
897	9	859
897	17	100,239
897	21	733,797
897	24	646,877
897	29	931
897	31	609,929
897	32	865
897	35	610
897	38	198,820
898	13	519
898	14	689
898	25	553
898	27	140,326
898	32	865
898	34	843,959
899	1	113,974
899	6	978
899	13	319
899	19	929
899	21	997
899	39	727,811,859
900	2	692
900	13	398
900	16	263
900	19	140
900	23	575,952
900	25	28,877
900	38	52
901	8	877
901	15	931
901	23	488,811
901	27	753
901	29	502
901	32	367
901	33	113
901	35	303,728
901	36	232,950
902	1	649
902	4	802
902	7	488,811
902	11	460
902	13	911
902	15	261,851
902	16	190,358,459,627
902	22	779
902	30	261,663,895
902	38	522
902	40	899
903	10	865
903	13	319
903	14	859
903	18	113
903	19	375
903	28	488,579,811
903	32	187
903	33	997
903	37	135
905	3	319
905	6	140
905	11	877
905	13	232
905	16	931
905	17	195,393,931
905	20	303,728
905	26	393,870
905	27	261,895
905	30	743
905	32	130,140,303,728
905	40	859
906	11	649
906	13	459
906	17	488,865
906	18	609
906	28	198,207,779,955
906	29	460
906	30	522
906	38	232,663
907	1	472
907	2	36
907	14	490
907	22	490
907	25	519
907	27	519
907	30	127
908	4	261,895
908	7	100,239,689
908	9	753
908	23	367
908	36	610
908	37	859,959
909	5	743,820
909	8	865
909	12	997
909	31	684
909	34	66
909	39	997
910	3	319,753
910	9	609
910	11	130,472
910	12	974
910	17	609
910	19	319
910	24	130,146,527
910	26	367
910	29	474,487,644
910	31	522
911	3	895,974
911	4	553,802
911	8	911
911	10	865
911	11	579,786,997
911	22	487
911	30	627
911	31	63
911	34	663
911	37	684
912	3	263,949
912	10	820
912	17	649
912	29	813
912	35	261,535,895
913	7	116
913	13	470
913	15	982
913	17	997
913	23	470,835
913	24	982
913	29	839
913	36	684
914	7	519
914	9	779,859
914	15	261,895
914	18	974
914	20	232
914	21	485
914	24	243,279,824
914	25	487
914	33	519
914	36	859
914	37	22
914	40	459
915	1	753
915	4	553
915	17	779
915	31	371
915	32	820
915	37	140,326
916	14	319
916	15	130,974
916	18	538,978
916	24	859
916	29	650,843
916	39	652
917	4	116
917	8	553
917	16	100,239,470
917	17	113,553
917	30	140,326
917	34	28
917	38	488,811,865
917	39	843
918	2	472
918	16	470
918	18	563
918	19	929
918	23	820,929,997
918	29	502
919	10	865
919	12	974
919	27	997
919	28	997
919	29	538,978
919	30	195,393
919	35	487
919	38	22
919	40	734
920	13	519,779
920	22	140
920	25	522
920	26	10,243,279,824
920	28	488,865
920	29	763
921	11	459
921	18	877
921	19	263,931
921	20	303,728
921	21	931
921	24	52
921	26	243,279,824
921	39	411,454
922	8	319,652
922	9	470
922	12	982
922	16	113
922	19	929
922	30	63
922	34	496
922	35	502
922	40	140
923	3	198,764
923	5	232,460
923	6	201
923	7	974
923	15	195,393
923	16	116
923	34	66
923	38	251
924	1	579,877,929
924	7	207,955
924	18	553
924	22	931
924	26	140,326
924	32	652
924	33	36
924	39	982
925	3	609,997
925	11	198,820
925	12	10
925	25	251,931
925	33	663
925	38	146,527
925	39	763
926	8	753
926	14	488,811
926	17	490
926	27	367
926	30	950,983
926	32	519
927	15	859,974
927	20	538,978
927	29	239,459
927	31	877
927	32	487
927	36	600,666,877,884
928	6	363
928	12	621
928	19	877
928	25	524
928	28	733
928	30	97
928	31	251,261,895,936
928	32	303,728
928	35	439,459
928	38	982
929	1	263,753
929	7	232
929	18	575,952
929	24	367
929	26	52
929	33	997
929	38	684
930	11	865
930	20	808
930	25	429
930	29	997
930	33	261,895
930	34	684
930	36	371
930	39	243,635
930	40	289,982
931	2	263
931	5	113,813
931	10	140,171,982
931	13	535
931	19	52
931	33	488,811
931	37	470
932	19	198,764
932	20	460
932	23	187
932	34	779
932	40	553
933	6	319,609
933	8	470
933	9	982
933	14	221
933	16	743
933	23	130
933	29	146,527,743
934	10	470,865
934	19	982
934	20	997
934	23	470
934	30	859
934	31	187,684
934	36	579
934	37	187
935	3	808
935	5	865
935	9	911
935	12	627,689
935	14	820
935	20	997
935	35	959
935	39	684
936	1	929
936	3	859
936	10	263
936	14	649
936	17	460
936	23	865
936	24	575,952
936	28	997
936	31	52,63
936	32	502
937	4	261,895
937	12	207,955
937	13	10,158,247
937	14	600,666,884
937	22	232,753,997
937	31	195,369,393
937	34	206,562,684
937	36	232,422,553
937	37	44,367,393,469
937	40	140
938	34	274,443,673
939	6	974
939	9	470,487
939	11	982
939	25	982
940	12	519
940	24	538,978
940	35	487
940	40	734
941	11	201
941	24	251
941	26	649,753
941	27	239
941	29	367,460
941	32	201,367,733
941	38	251
941	40	663
942	3	472
942	14	28,859,877
942	34	100,239
943	2	753
943	4	779
943	21	140,522,929
943	26	553
943	33	261,895
944	5	207,955
944	9	997
944	10	877
944	15	187
944	24	36,470
944	25	931
944	28	982
944	32	519
944	34	563
945	1	649
945	13	460,865
945	18	553
945	20	97
945	22	813
945	24	355,747
945	35	997
946	1	417,835,865
946	9	997
946	23	991,997
946	29	684
946	30	63
947	7	140
947	10	201
947	15	609
947	20	251
947	22	865
947	26	865,997
947	32	997
947	34	663
947	37	684
948	1	753
948	4	997
948	8	10,877
948	13	367
948	18	609
948	22	950,983
948	27	859,949,991,997
948	31	649,650
948	33	488,865
948	40	198,579,786,820
949	5	600,666,689,884
949	8	959
949	10	10
949	19	472,488,865
949	21	232
949	26	865
949	33	982
949	35	763
950	1	140
950	2	859
950	8	201,753,865
950	10	367
950	19	502
950	28	636,831,982
950	31	997
950	34	663
951	7	459,974
951	12	472
951	17	865
951	23	519,835
951	24	997
951	35	209,487,839
951	36	127
952	1	470
952	10	375
952	11	982
952	13	835
952	18	470
952	19	263
952	20	929
952	21	470
952	31	63,982
953	3	974
953	11	474,644
953	25	820
953	28	140,538,978
953	38	487
954	7	113,929
954	12	808
954	19	429,488,811,859
954	21	371,502
954	34	289
954	39	140,877
955	2	263,859,997
955	4	261,895
955	21	367
955	27	609
955	29	52
955	31	146,527
955	32	411,454
955	39	813
956	2	367
956	35	865
956	40	600,666,884,997
957	2	100,239,835
957	16	28,877
957	17	859
957	21	646
957	22	610
957	30	991,997
958	10	865
958	11	459
958	17	22,997
958	18	684
958	26	743
958	38	600,884
959	4	859
959	20	232,652,974
959	21	261,519,895
959	22	487
959	29	519
959	35	130
959	39	734
960	4	10,877
960	9	974
960	12	538,978
960	13	487
960	15	859
960	21	734
961	8	470
961	13	753
961	22	367
961	26	950,983
961	31	982
961	34	367
961	36	261,895,950,983
962	19	929
962	20	865
962	25	877
962	31	997
962	34	997
962	39	684,931
963	5	470,779
963	7	865
963	14	234,522
963	16	490
963	30	997
963	33	982
963	39	684
964	15	371,974
964	17	113,538,978
964	23	113,487,488,811
964	30	488,734
964	32	522
965	2	10,877
965	16	502
965	18	931
965	23	974
965	31	538,978
965	39	487
965	40	488,734,865
966	6	158,247
966	10	369,579
966	13	28
966	22	187,865
966	25	422,487
966	36	44,469,557
967	3	553,974
967	9	232
967	33	216,711
967	34	274,443,649,673
967	39	460
967	40	84
968	10	140
968	11	753
968	14	113,459
968	15	367
968	22	813,997
968	29	488,579,811
968	30	28,488,579,786
968	34	950,983
968	36	692
968	39	190,358,725
969	1	470,974
969	3	113,538
969	4	10,609
969	9	198,488,811,820
969	10	652,974
969	12	319,959
969	15	470,538,978
969	18	474,487,644
969	22	727,811
969	25	496
969	27	982
969	34	190,358,502,725
970	10	22,363
970	11	519,782
970	13	63
970	19	621,865
970	24	524
970	25	743,962
970	28	140,839
970	29	329,936
970	34	669
971	5	877
971	8	865
971	12	997
971	14	974,997
971	15	535
971	16	429
971	17	684
971	21	460,538,978
971	22	371,743
971	27	929,931
971	33	22,289
971	34	153
971	35	734,820
972	6	553
972	8	140,326
972	28	417,929
972	33	808
972	38	429
972	39	371
972	40	130,289,459
973	4	470
973	9	470,865
973	10	865
973	12	997
973	17	371,579,786
973	19	982
973	22	684
973	30	130,553,997
973	32	684,982
973	40	140,326
974	4	779
974	5	522
974	11	649
974	14	929
974	21	460,502
974	25	140,557
974	38	779
974	39	485
975	18	820,974
975	20	538,978
975	23	460
975	25	140,326,820
975	26	66
975	32	487
975	34	859
976	3	140,553
976	11	319
976	37	232
977	5	974
977	22	859,978
977	27	487
977	34	859
978	1	116
978	3	363,562
978	4	813
978	12	808
978	13	429
978	16	22,94,371,820
978	29	621
978	31	524
978	38	329,936
978	40	140,289
979	4	459
979	6	974
979	7	319
979	12	538,649,978
979	16	460,779
979	17	727,811,820
979	18	779
979	27	522
980	6	519,779
980	15	649,835
980	17	113
980	26	460,488,811
980	27	485,839
980	28	261,459,851
981	1	929
981	2	502,813
981	4	753
981	18	367
981	31	950,983
982	5	10
982	7	553
982	10	459
982	12	929
982	19	113
982	21	982
982	29	734
982	31	190,358,725
982	35	519
983	1	261,519,895
983	2	689,753
983	6	22
983	9	782
983	10	251
983	11	836
983	14	367,962
983	15	201,553,579
983	16	663
983	18	959
983	29	950,983
983	37	243,279,824
984	12	459
984	15	232,553
984	18	201,470
984	21	251
984	26	982
984	30	393,870
984	38	663,982
985	1	649
985	4	371,649
985	10	649
985	14	877
985	23	535
985	24	261,851
985	26	460
985	32	261,851
985	35	261,851
986	5	609
986	6	997
986	10	865
986	11	743
986	14	198,820
986	25	797
986	28	535
986	30	146,485,527
987	7	753
987	20	472
987	25	367,417
987	30	367,950,983
988	1	113
988	14	10
988	17	859
988	19	859
989	8	232
989	11	802
989	15	911
989	16	417,929
989	21	529
989	24	899
989	28	753
989	29	367
989	30	835
989	32	206,562
989	34	393
990	3	22,865
990	8	782
990	9	100,239
990	11	997
990	13	779
990	20	820
990	25	646,859
990	26	962
990	27	485
990	30	201,553,579,610
990	32	684
990	40	63
991	4	232
991	11	140,195,393
991	21	204,835
991	27	689,991,997
991	35	371,393,870
991	38	959
991	40	130
992	3	562,779
992	5	929
992	7	472,865
992	13	579
992	14	319,877
992	18	130
992	19	153
992	24	140
992	25	63,929
992	27	502,557
992	32	22,502,522,717
992	35	22,689,813
992	36	474,644,997
992	38	303,728
993	9	859
993	12	490
993	14	113
993	15	100,239,535
993	16	116,207,955
993	17	519
993	20	646
993	27	28,877
993	31	130,859
993	35	127
993	38	519
994	13	877
994	25	820,929
994	31	502
994	38	931
994	40	303,728
995	5	553,865
995	6	470
995	18	929
995	22	232,997
995	24	820
995	27	146,527
995	32	204,982
995	38	519
995	39	929
996	3	649
996	5	609
996	7	820
996	8	553
996	9	100,239
996	10	929
996	13	140
996	15	273
996	17	502
996	21	813
996	29	859
996	40	459
997	3	621
997	7	472
997	18	261,474,644,895
997	21	553
997	23	371
997	25	946
997	38	140,326
997	40	563
998	2	835
998	3	63
998	6	36
998	16	877
998	21	931
998	26	140
998	33	274,443,673
998	36	84,839
998	39	519
999	2	859
999	11	519
999	18	207,955
999	19	743
999	24	232
999	28	689
999	34	519
