1  1  885
1  5  251,716
1  8  655
1  12  290,502
1  13  504,627
1  15  290
1  16  174,329,936
1  17  663
1  19  655
1  23  904
1  26  663
1  31  290
1  38  94
1  41  904
1  48  189,904,928
1  51  538,904,928
1  56  94,522
1  57  245,983
1  72  820
1  80  525
1  84  94,808
1  85  739
1  86  688,959
1  87  820,946
1  88  529
1  97  904,957
1  103  143,904,955
1  111  519
1  118  28,508,877
1  119  470
1  124  487
1  128  251,716
1  129  646
1  130  221
1  140  883,985
1  143  127
1  153  957
1  155  224
1  157  504,627
1  159  94,271
1  171  251,716
1  173  717,949
1  177  66
1  185  319
1  191  646
1  196  190
1  200  524
1  207  717,949
1  216  668
1  217  820
1  218  206,562
1  220  143,212,955
1  221  290
1  222  502
1  226  955
1  228  143,245,593,955
1  234  627
1  237  393
1  238  409,808
1  242  904
1  244  525,531
1  247  190,519
1  248  782
1  250  109,519
2  1  883
2  14  127
2  17  519
2  29  319,997
2  31  725
2  32  519
2  35  801
2  37  946
2  43  94
2  47  44,469
2  49  519
2  50  143,955
2  51  298
2  57  519
2  69  156,655
2  70  692
2  71  904
2  72  519,525
2  74  522,688
2  77  957
2  79  801
2  81  300
2  87  239,319,452
2  89  519
2  91  820
2  94  516,531,596
2  96  904
2  97  28,877
2  104  516,596
2  113  519
2  114  357
2  116  997
2  121  251,716
2  130  717,949
2  132  983
2  136  257,290,700
2  141  688
2  143  502
2  147  397,470
2  149  28,877
2  158  470,764
2  161  32,655,727
2  165  251,716
2  172  808
2  175  504,627,782
2  177  519
2  180  931
2  185  245
2  189  195,393
2  192  808
2  197  329
2  200  393,870
2  210  28,487,877
2  218  802
2  222  516,596
2  231  357,957
2  235  16,230
2  239  504,627,646,655
2  246  579
2  247  734
2  248  519
2  250  324
3  5  531
3  7  329,936
3  8  207,955
3  15  32
3  18  904
3  20  300,409
3  26  943
3  27  668
3  30  224
3  34  801
3  52  174,519
3  59  519
3  61  221,525
3  63  279,422,470,764
3  64  782,931,957
3  78  593
3  79  140
3  88  782
3  89  245
3  93  327,671
3  108  409,974
3  112  531
3  116  290
3  118  504,627
3  120  931
3  124  522,782
3  134  206,251,562,716
3  136  490
3  138  957
3  139  156,290
3  146  485
3  151  522
3  156  782
3  158  519
3  159  224
3  167  245,271,470
3  171  904
3  174  504,627
3  180  782
3  184  224,329,646
3  190  319
3  203  290,688
3  205  319
3  206  519,688
3  208  320,655
3  212  153,931
3  214  646
3  215  245
3  217  329
3  219  735,782
3  222  579
3  227  957
3  231  904
4  8  232
4  15  646
4  18  508,680
4  19  32,727,808
4  30  409,916
4  35  519
4  40  801
4  47  997
4  48  224
4  50  684
4  58  409
4  60  329
4  64  859
4  86  519
4  90  251,716
4  92  802
4  113  319
4  124  367,470
4  139  319,487,522
4  146  519
4  147  28,877
4  148  593,997
4  151  36,94,820
4  153  300,470,764
4  158  668
4  166  738
4  168  508,808
4  169  519
4  175  962
4  177  646
4  178  522,525
4  185  519
4  194  782
4  195  140,899
4  208  2,650
4  218  371
4  225  207,319,470,764,955
4  234  434,507,692
4  247  10
4  250  591,813
5  2  522
5  11  802
5  12  245
5  14  357
5  18  764
5  22  174
5  28  655,801
5  31  319
5  35  240
5  41  904
5  48  808
5  56  519
5  59  717,949
5  64  340
5  70  519
5  84  504,627
5  86  243,279,824
5  91  502
5  92  508,519
5  94  140,326,789
5  103  22
5  106  206
5  108  802
5  109  216
5  117  983
5  123  234
5  128  251,531
5  129  802
5  132  678
5  134  28,877
5  138  717,949
5  139  727,811
5  142  269
5  143  345
5  144  251,716
5  153  216,234,982
5  155  916
5  158  240
5  159  558
5  162  646
5  163  22,271
5  164  519
5  166  531
5  168  960
5  173  94,646
5  174  508,802
5  184  367
5  187  508
5  194  646
5  197  224
5  199  195,393
5  205  668
5  212  422
5  213  378,397
5  214  319
5  215  983
5  233  409
5  234  2,525
5  240  623,782
5  241  156,703
6  5  931
6  6  28,877
6  8  96,331,525,982
6  10  688
6  16  329,519,779,936
6  20  904
6  21  409
6  23  904
6  28  959
6  34  28,688,877
6  35  127
6  39  319
6  40  232,290
6  42  94,245
6  43  367
6  45  22,801
6  53  579
6  58  519
6  61  519,885
6  73  143,955
6  82  782
6  87  393,870
6  89  221
6  100  94
6  101  369
6  105  174,688
6  112  345
6  114  245
6  118  960
6  119  28,877
6  123  143,369,955
6  126  251,716
6  128  516,596
6  131  692,782
6  134  531
6  139  22,251
6  143  327,579
6  146  127
6  149  504,627
6  150  319
6  151  487
6  155  207
6  156  409
6  160  460,801
6  162  808
6  164  997
6  165  224,519,531
6  171  531
6  176  243
6  179  529
6  188  688
6  192  371
6  195  127,590
6  200  688
6  202  531
6  205  234,490
6  206  201
6  208  502
6  211  319
6  213  957
6  234  398,692,724
6  242  904
6  246  290
6  248  962
6  249  487,519
6  250  279,422,717,949
7  8  692
7  10  319
7  15  66,590,958
7  16  904
7  17  290,943
7  30  215
7  35  243
7  46  234
7  50  904
7  53  519
7  56  116
7  65  290
7  67  650
7  69  290,997
7  70  127
7  73  647,739,791
7  77  216,234
7  86  983
7  89  655
7  91  127
7  93  16,230
7  95  531
7  100  13,820
7  101  522
7  110  207,257,700,955
7  113  727,811
7  116  899
7  119  219,263
7  122  522
7  135  180,205,251,716
7  145  808
7  146  692,911
7  155  215,305
7  156  600,666,802,884
7  161  688
7  163  32,522,727
7  169  2
7  171  345
7  174  911
7  176  502
7  177  369
7  180  688
7  192  289
7  196  221
7  197  820
7  209  156
7  214  355,747
7  218  63
7  219  962
7  220  470
7  227  983
7  231  692
7  234  94
7  236  224
7  239  357,434,507
7  240  525
7  241  904
7  245  234,997
7  247  329
7  249  525
7  250  251,621
8  3  983
8  7  434,904
8  15  355,747
8  21  371,409
8  24  802
8  34  700
8  35  127
8  36  974
8  37  156
8  38  290,985
8  48  319,367,916
8  55  357,504,627
8  56  127,240
8  62  367
8  63  32,329,936
8  72  127
8  76  529
8  78  519,808
8  79  243
8  80  234,839,959
8  84  371
8  87  496,579,727,786,811,877
8  93  305,904
8  97  290,680
8  122  522
8  124  116
8  125  531
8  131  531,782,962
8  134  63
8  135  435
8  137  655
8  141  319
8  147  319,982
8  148  206,409,470
8  151  734
8  153  234
8  156  261,593,895
8  158  327,671
8  171  16,145,680,738
8  180  522
8  187  393,870
8  191  688
8  192  22,593
8  198  504,627,646
8  204  820
8  207  96,331,668
8  209  251,716
8  216  637
8  217  371
8  221  655
8  224  460
8  227  519
8  232  646
8  235  717,949
8  240  668,962
8  244  454,663
8  246  487
8  247  22
8  248  127
9  2  579
9  4  470,646,764
9  9  470,764
9  10  692
9  12  529,668
9  23  899
9  32  877
9  36  525
9  38  13
9  39  646
9  42  711,956
9  48  371
9  50  143,680,955
9  65  290
9  71  646
9  72  171,982
9  73  174,263
9  85  109
9  89  655
9  91  808
9  92  29,461
9  98  502
9  107  531
9  120  789
9  123  916,943
9  127  319
9  132  904
9  135  531
9  139  727,811
9  140  983
9  150  221,519
9  152  140
9  154  251,716
9  162  224
9  165  983
9  168  371
9  173  531
9  174  562
9  175  319
9  179  801
9  184  579
9  191  997
9  197  519,522
9  198  240
9  202  320,345,655
9  203  508
9  204  668
9  205  245
9  206  127
9  207  637
9  208  730
9  210  263,983
9  213  642
9  214  531
9  229  470,764
9  235  96,331
9  243  36,679
9  246  187,257,663,700
10  12  36
10  15  840
10  28  94,688
10  37  303,728
10  41  680
10  47  327,671,684
10  53  398
10  62  519
10  67  66
10  70  140,224,271
10  72  624
10  73  369
10  74  116,224
10  75  836
10  76  13,504,627
10  79  646
10  85  140,326,855
10  90  782
10  96  680
10  104  700
10  109  224
10  114  655
10  127  727,811
10  136  646
10  140  562
10  145  174
10  150  689
10  153  367
10  155  232
10  157  434,507
10  158  692
10  166  688
10  168  633
10  173  290
10  181  688
10  182  409,688
10  187  931
10  191  684
10  194  367
10  198  367
10  203  522
10  209  531
10  216  234
10  217  721,846
10  221  367,725
10  229  409,982
10  248  393,870
10  249  371
11  1  504,627
11  6  263
11  9  319
11  10  593
11  11  519
11  13  224
11  18  801
11  22  174
11  31  529
11  35  15,808
11  36  647,671,739,791
11  37  22
11  40  174,519
11  45  627
11  49  516,596
11  74  94
11  76  801
11  82  962
11  94  345
11  107  300
11  115  251,716
11  119  375
11  126  245,997
11  128  300
11  130  820
11  131  22,997
11  132  680
11  133  957
11  135  345
11  144  531
11  146  957
11  147  983
11  148  371
11  155  127
11  159  502
11  162  650
11  163  116,251
11  165  305
11  172  224
11  174  29,461
11  175  507
11  178  116,688
11  182  371
11  186  32,290,727
11  200  201
11  203  307
11  204  153,792
11  205  320,655
11  208  904
11  216  269
11  217  801
11  220  982
11  224  525
11  233  904
11  235  813
11  242  680
12  2  116,187,531
12  5  327
12  9  109
12  12  71,725
12  18  960
12  33  290
12  36  504,627
12  40  66,590,700,958
12  50  791
12  55  593
12  57  678
12  62  985
12  64  206,689
12  66  212,224
12  67  997
12  68  319,931
12  70  429
12  79  519,997
12  83  508
12  84  13,289
12  90  985
12  97  319,409
12  104  15,579
12  105  300
12  107  345
12  119  251
12  126  470,764
12  137  519
12  138  592
12  140  647,671,739,791
12  145  371,655
12  149  263
12  150  519
12  157  692
12  166  538,928
12  173  367
12  175  496
12  177  883
12  179  789
12  182  813
12  186  725
12  194  962
12  201  156,703
12  203  116,519
12  206  684
12  208  692
12  212  593
12  223  367,824
12  227  516,596
12  228  140
12  236  531
12  239  655
12  243  109
12  247  329
13  4  367,460
13  7  680
13  21  663
13  22  470,764
13  26  636
13  31  271
13  32  802
13  33  519,960
13  50  647,671,739,791
13  54  593
13  56  94,820
13  61  883
13  62  535
13  64  916
13  68  820
13  76  140
13  80  502
13  83  216,688
13  84  240
13  87  496,621
13  91  36
13  114  529,738
13  120  13
13  124  982
13  135  327
13  145  22
13  152  180,205
13  154  174,531
13  156  609
13  158  29,460,637
13  162  371
13  163  251,716
13  175  84,669
13  181  224
13  196  290
13  197  916
13  212  137
13  229  371
13  235  877
13  236  345
13  237  519
13  240  174,201,553,579,678,820
13  244  982
13  247  290
14  4  51,733
14  10  174
14  17  725
14  22  245
14  23  680
14  31  174,251
14  34  187
14  35  429
14  41  263
14  42  808
14  45  782
14  60  680
14  62  679
14  64  962
14  66  298,983
14  68  519,655
14  69  251,716
14  71  367
14  74  290
14  77  983
14  79  22,700
14  81  165
14  88  962
14  92  127
14  96  904
14  99  531
14  100  127,300
14  103  692
14  106  470
14  110  232,357
14  114  711,956
14  115  531
14  116  600,666,884
14  117  678
14  118  240,263,633
14  122  156
14  124  94
14  126  22
14  133  320,655
14  139  300,319,734
14  144  345
14  146  997
14  148  684
14  157  717,949
14  160  985
14  163  156,519
14  177  127
14  181  94,621
14  197  127,319
14  213  688
14  220  813
14  222  36,232
14  229  721,846
14  233  680
14  236  327
14  247  725
15  10  802
15  11  189,904,928
15  12  637
15  22  724
15  23  16,145
15  27  637
15  30  389
15  34  127,429
15  44  22,470,764,904
15  45  504,627
15  49  519
15  55  904
15  57  127,378
15  59  519
15  65  290
15  69  127,255
15  71  94
15  76  61
15  77  470,764
15  82  156,522
15  85  522
15  87  130
15  93  487
15  99  345
15  106  375
15  108  911
15  110  904
15  121  504,531,627
15  125  504,627
15  130  680
15  140  216
15  144  327,531
15  150  143,835,883,955
15  151  531
15  154  688
15  167  519
15  178  801
15  187  29,461
15  189  627
15  209  345
15  210  519
15  214  345
15  217  679,938
15  218  127
15  224  490
15  228  504,627
15  237  245
15  244  345
15  248  669
16  5  556,980
16  11  911
16  20  721,846
16  29  516,596
16  34  781
16  45  245
16  49  502
16  55  22
16  57  808
16  69  808
16  79  127,655
16  83  960
16  85  224
16  89  143,865
16  95  345
16  96  680
16  97  16,145,327,671
16  101  116,508
16  116  725
16  117  378
16  122  116
16  128  579
16  134  345
16  136  725
16  139  165
16  143  815
16  145  668
16  161  519
16  163  531
16  166  345
16  177  422
16  180  669
16  182  279,422,524
16  183  997
16  184  733
16  186  29,461
16  194  201,371,553,579
16  200  579,786
16  201  189,904,928
16  203  960
16  205  263
16  209  243
16  210  397
16  211  983
16  212  865
16  216  367,792
16  220  209
16  231  398
16  232  207,230,955
16  236  916
16  248  245
16  249  127,454
17  8  535
17  11  2
17  12  717,792,949
17  15  547
17  17  427
17  19  371
17  24  508,525
17  26  655
17  27  904
17  28  13,201
17  29  305
17  31  258
17  52  290
17  59  96,331
17  66  700
17  68  127
17  70  215,398
17  73  140
17  77  319
17  90  470
17  94  22
17  101  29,461,982
17  104  307
17  105  290
17  109  156
17  112  327
17  113  290
17  122  116,592
17  129  911
17  153  500
17  157  94
17  158  398
17  160  454
17  161  782
17  162  367
17  165  345
17  168  245
17  179  531,700
17  180  367
17  185  434,507
17  188  955
17  197  519,808
17  200  916
17  201  278,710
17  208  991,997
17  209  727,808,811
17  213  13,692
17  214  411,454,558
17  218  239,911
17  220  983
17  221  427
17  229  296
17  233  579,786
17  234  684
17  235  427,660
17  242  16,145
17  243  621
18  2  345
18  9  319,727,811,877
18  11  642
18  15  679
18  17  127,174,808
18  18  633
18  32  717,949
18  33  127
18  36  419,434,507
18  37  251
18  39  496
18  49  127
18  50  216,711
18  53  127,251,716
18  55  434
18  58  180,205,593
18  59  524
18  64  216,234
18  67  94
18  69  22,245
18  71  663
18  91  239,429,452,454,722
18  94  327
18  97  371,727,811
18  105  725
18  107  327
18  110  840
18  124  13
18  128  307
18  133  300
18  136  305,367
18  157  779
18  158  51,127,765,801
18  162  835
18  163  251,522
18  169  195,393,422
18  172  215,371
18  173  232
18  179  345,820
18  180  94
18  184  519
18  187  801
18  188  524
18  211  678
18  215  678,725
18  216  143,531,583
18  230  153
18  239  367
18  240  669
18  245  684
18  246  734
19  6  649,985
19  9  460
19  12  663
19  17  636
19  31  663,727,811
19  33  995
19  40  739
19  43  470
19  58  820,865
19  61  127
19  62  187,563,688,839
19  64  255
19  66  802
19  67  470
19  71  13
19  75  94,234,688
19  77  727,811
19  79  224,782
19  89  929
19  95  327
19  96  156
19  102  920
19  105  427
19  106  135
19  110  519
19  111  127
19  114  116
19  116  427
19  124  61,97,251
19  133  251,716
19  137  127
19  139  652,727,811,985
19  141  883
19  143  808
19  152  305
19  156  22
19  167  127
19  172  305
19  180  488,985
19  181  13
19  184  835
19  185  2
19  186  427
19  197  592
19  209  127,327
19  211  357
19  212  28,877
19  213  500
19  214  94
19  218  808,997
19  222  985
19  226  646
19  230  324
19  235  143,955
19  239  733
19  247  885
20  6  371
20  7  931
20  9  427,660
20  10  679,911,957
20  14  411,454
20  16  74,429,553
20  21  820
20  23  791
20  24  174
20  27  680
20  28  15
20  43  206
20  44  680
20  46  263
20  48  289
20  49  127,808
20  52  319,840
20  53  808
20  62  504,627
20  66  877
20  76  663
20  84  29
20  113  496,725,835
20  117  478
20  128  345
20  130  94
20  135  815
20  139  319,943
20  155  655
20  156  782
20  157  2,734
20  164  522
20  173  13
20  176  985
20  185  572
20  195  600,610,666,808,884
20  197  94,504,820
20  198  29
20  210  678
20  219  688
20  224  13
20  225  496
20  229  801
20  231  22
20  236  263
20  237  429
20  246  943
21  12  190,899
21  13  679,916
21  20  165
21  22  74,637
21  24  820
21  26  427,943
21  27  599
21  36  331,961
21  37  490
21  44  16,145,219
21  47  689
21  48  997
21  54  22,865
21  55  801
21  60  245,409,663
21  61  808
21  66  649,916
21  69  263,502,531,840
21  71  61,688
21  79  655,730
21  80  454,663
21  81  319
21  84  296
21  85  116
21  94  815
21  109  251
21  113  427
21  115  22
21  126  531,982
21  131  345,801
21  132  13
21  138  454
21  141  201,985
21  142  243
21  147  263,813
21  148  519
21  149  575,952
21  151  519
21  152  470
21  155  153
21  160  599
21  164  116
21  165  327
21  168  300
21  173  245
21  176  329,936,943
21  177  733
21  188  329,647,671,739
21  190  727,811
21  194  721,846
21  196  885
21  197  460,727,811
21  199  251,716
21  210  378
21  222  562
21  228  646
21  230  591
21  231  859
21  232  243,367
21  236  815
21  239  201
21  247  502
21  248  429,579,786
22  1  240
22  3  678
22  9  516,621,711
22  23  16,145,655
22  24  221,239,452
22  26  206,636
22  37  439,519
22  45  240
22  84  140
22  87  130,496
22  88  29
22  91  920
22  97  263,496,791
22  103  680
22  121  345
22  123  140,251
22  126  345
22  131  327,669,700,782
22  133  531
22  134  997
22  135  257,700
22  137  207,955
22  138  216,234
22  139  727,811
22  141  502
22  143  290
22  146  835
22  152  143,955,982
22  159  271
22  163  579,786,920
22  169  206,562
22  175  130
22  180  251
22  200  215
22  206  808
22  208  680
22  209  815
22  212  263
22  214  289
22  218  959
22  219  201,553,579
22  225  130
22  231  500
22  242  791
22  244  327
22  249  808
23  21  297,727
23  24  29,454,461
23  35  487
23  37  782
23  38  393,870,908
23  45  700
23  46  470
23  48  684
23  52  727,811
23  58  835
23  59  839
23  67  84
23  68  808
23  77  94,496
23  86  522,678
23  91  244
23  92  911
23  93  877
23  94  454,722
23  97  130,575,717,952
23  113  916
23  115  782,802
23  116  198,820
23  123  313,369
23  126  327
23  132  478
23  137  232
23  140  289,498
23  143  949
23  146  684,808
23  150  931,959
23  151  519
23  152  579
23  156  371,865,962
23  162  997
23  163  116,983
23  164  127
23  167  251,375
23  170  558
23  171  327
23  173  820
23  175  753
23  179  36
23  195  195,261,393,895
23  203  22,633,762
23  204  190,324
23  209  429
23  210  835
23  214  273
23  219  669
23  226  920
23  227  307
23  234  61,398
23  245  22,94
23  248  717
24  6  167,195,393
24  7  504,627
24  9  496
24  12  320,535,655
24  16  779
24  17  74,637
24  20  801
24  22  982
24  24  627
24  32  911
24  33  808
24  40  109,130,547
24  43  375
24  57  429
24  62  209,562
24  66  15
24  77  13
24  83  633
24  86  378
24  97  721,846
24  99  327
24  102  240
24  107  815
24  113  313
24  114  801
24  115  245
24  116  146,527
24  120  52
24  123  636
24  124  859
24  133  345
24  137  94,206
24  139  957
24  141  206,496,562
24  143  925
24  148  865
24  151  327,519
24  159  647,671,739,791
24  162  916
24  165  835
24  167  258
24  170  143,955,985
24  175  234
24  177  490
24  178  234
24  185  655
24  189  240
24  190  820
24  194  669
24  199  531
24  205  637
24  214  496
24  220  13
24  226  140
24  227  127
24  231  789
24  233  931
24  245  319
24  248  621
25  2  327,557
25  13  209,215,245
25  18  791
25  20  680
25  22  621
25  31  427
25  33  429
25  34  524
25  45  579
25  47  959
25  48  623,846
25  49  74,637
25  53  531
25  56  13
25  59  599
25  62  439,524
25  67  13
25  75  535
25  78  371
25  96  791
25  101  288
25  103  535,647,671,739,791
25  105  165
25  120  305
25  124  734
25  125  240
25  126  204
25  131  15,815,840
25  133  216,234
25  146  429
25  149  245
25  151  815
25  153  296
25  156  734
25  160  562
25  167  429,711,956
25  173  345
25  175  2,367
25  179  535
25  185  839,946
25  189  174
25  195  153,609
25  208  16,145
25  210  642
25  216  190,201
25  221  206,733
25  227  345
25  228  289,498,711,956
25  238  371
25  241  680
25  245  782
26  7  16,145
26  8  398,535
26  11  655
26  18  700
26  19  289
26  21  22
26  27  791
26  29  245
26  34  253,369
26  38  470,562
26  49  224
26  50  717
26  60  791
26  69  378,652
26  70  949
26  71  524
26  77  51
26  84  288
26  88  201,553,579
26  91  700
26  93  269
26  112  815
26  115  345
26  130  808
26  133  165
26  135  345
26  136  599
26  140  417
26  141  255
26  142  305
26  143  547
26  147  916
26  148  375
26  153  593
26  160  955
26  161  255,859
26  163  327
26  164  916
26  165  367
26  166  327
26  168  327
26  169  572
26  170  562,663,959
26  171  815
26  178  94,820
26  179  327
26  181  524
26  185  496
26  194  733
26  197  371,496,624
26  207  535
26  208  36,693,791
26  211  904
26  212  556
26  215  427
26  216  730
26  217  209
26  220  61
26  221  269
26  225  367,824
26  227  327,429
26  234  859
26  236  840
26  240  454
26  244  815
26  247  427
26  248  371
27  1  688
27  2  94,815,820
27  13  700
27  20  938
27  21  371
27  22  711,956
27  30  801
27  31  717,899,949
27  32  96,331
27  33  633
27  36  2
27  37  257,700,865
27  42  429
27  44  791
27  45  165
27  46  230,274,443,583,673
27  52  496
27  53  859
27  60  525,899
27  61  454
27  63  460
27  64  592,627
27  66  911
27  67  982
27  69  345,371,623,846
27  71  791
27  72  808
27  74  13
27  80  367
27  81  599
27  90  375
27  91  885,946
27  92  808
27  93  689
27  98  36
27  99  504,627,815
27  102  29,516,596
27  108  693
27  114  255,904
27  116  684
27  132  61
27  133  307
27  134  327
27  139  496
27  141  991,997
27  146  398
27  154  815
27  156  198,820
27  169  137
27  171  16,145
27  176  36
27  180  13,925
27  181  61,646
27  184  916
27  186  621,663
27  187  579,663,700,786
27  202  327,345
27  205  496
27  206  245
27  221  305
27  224  263
27  226  646
27  234  623,846
27  235  279,422,647,671,739,791
27  241  883
27  242  717
27  249  429
27  250  29,62
28  14  504,627,904
28  27  224
28  31  254,931
28  35  959
28  37  269
28  44  717,982
28  51  470,649
28  58  624
28  66  216
28  68  624
28  74  916
28  88  472
28  90  135,345
28  94  579,925
28  95  815
28  96  16,145,717
28  112  925
28  118  29,575,952
28  119  655
28  124  813
28  126  929
28  128  327
28  145  289
28  148  240,620,801,835,938
28  150  496
28  152  646
28  155  519
28  158  859
28  159  61,422
28  161  700
28  166  216,815
28  170  943
28  175  62
28  179  71
28  180  116
28  186  206
28  189  485
28  190  143,239,452,955
28  194  753
28  196  66,590,958
28  197  130
28  205  240
28  206  113,429
28  208  398
28  211  378,496
28  224  51,454
28  226  387
28  233  216
28  235  289,305,498,684
28  239  240
28  244  943
28  250  627,684
29  3  516,596
29  4  997
29  6  140
29  7  779
29  8  255
29  22  143,296,865
29  25  983
29  27  717,840,916,949
29  38  417
29  39  367,579,786
29  42  13
29  46  84,216
29  63  684
29  69  327,575,952
29  74  621
29  85  94,820
29  86  116
29  88  663,753
29  89  156
29  94  277
29  95  201
29  103  398
29  107  51,165,925
29  109  289,498,652,916
29  115  327
29  122  94,820
29  124  94,820
29  127  496
29  131  859
29  138  116,599
29  141  130
29  155  957
29  157  572
29  164  209
29  179  15
29  181  367
29  192  224
29  196  84
29  206  371
29  207  190,305
29  209  496
29  216  327,693
29  222  307
29  232  232
29  242  579,688
29  245  13
30  3  378
30  17  429,802
30  24  663
30  31  96,331
30  39  733
30  43  380,620,938
30  45  15,172
30  49  429
30  59  535
30  60  224
30  68  255,429
30  72  974
30  79  808
30  88  367
30  90  562
30  93  599
30  96  221,251,434,507
30  100  808
30  105  206
30  113  839
30  129  367
30  131  753
30  145  255
30  147  575,952
30  148  29,938
30  150  369
30  159  488
30  163  652
30  164  808
30  179  663
30  194  367
30  195  198,522,820
30  199  206,345,562
30  213  478,524
30  216  877
30  226  360,754
30  233  371
30  235  224,599
30  243  599
30  246  269
30  247  206
31  7  2,791
31  11  572
31  14  387
31  23  791
31  27  792,955,959
31  28  109,535
31  43  135,290
31  55  502
31  59  997
31  67  369,684
31  69  216,711,815
31  75  13
31  78  411,454
31  81  496,955
31  90  327
31  99  245,925
31  102  579
31  110  269
31  111  808
31  113  166,245,320
31  118  52
31  120  71
31  125  29
31  126  296,815
31  132  959
31  136  305
31  139  579,840
31  146  627
31  151  835
31  152  813
31  159  36,137
31  160  417,522
31  162  733
31  163  258,621
31  164  94,429,820
31  166  925
31  169  727,811
31  170  636
31  176  562
31  177  97,808,832,899
31  184  592,839
31  195  116,244,579
31  199  522
31  200  389,621
31  202  815
31  204  591
31  205  29,711,956
31  212  52
31  213  61,398
31  215  206
31  226  610
31  227  815
31  228  610
31  232  733
31  238  371
31  239  572
31  241  255,470,764
31  242  187
31  249  371
32  11  835
32  12  206
32  28  61
32  29  496,985
32  31  74,496,637
32  33  369
32  37  835
32  41  791
32  45  127,307,765
32  48  733
32  51  982
32  55  679,700
32  60  916
32  62  557
32  64  369,490
32  65  288,725
32  70  859
32  71  943
32  76  646
32  79  245,429
32  84  127,516,700,711,765
32  90  815
32  92  174
32  100  61,508
32  106  655
32  118  245
32  124  652
32  125  815
32  131  925,962
32  132  16,145
32  133  327
32  138  535
32  148  216,711
32  151  925
32  152  187
32  156  911
32  162  97,801
32  171  925
32  180  61
32  184  840
32  188  516,596
32  189  74,553
32  191  733
32  195  94,820
32  201  883
32  202  925
32  203  245
32  204  624
32  205  840
32  210  734
32  212  290
32  213  859,942
32  216  240
32  217  187,592,624
32  220  410
32  225  189,904,928
32  229  938
32  238  801
32  242  16,145,524
32  246  547
32  250  389,808
33  1  201,389
33  4  779
33  5  815
33  10  398
33  11  839
33  14  360,470,754,764
33  19  140
33  27  967
33  29  579
33  33  140
33  37  839
33  40  855
33  41  16,145,575,952
33  43  13
33  46  307
33  48  244
33  49  593,943
33  59  839
33  60  215,592,717
33  72  429
33  78  808
33  79  15
33  81  479,931
33  86  478
33  88  899
33  89  251
33  90  367,417
33  91  877
33  93  959
33  103  782,791
33  110  116
33  119  52
33  124  962
33  132  791
33  133  244,504,627,815
33  134  815
33  137  556,980
33  147  52,215
33  148  839
33  155  216,234,255
33  156  146,527,721,846
33  163  815,835
33  166  277
33  167  782
33  171  277
33  172  599
33  179  815
33  180  277
33  187  621
33  188  579
33  194  97
33  199  116
33  202  244
33  204  329,936
33  219  753
33  220  678
33  228  627
33  232  519
33  238  140,938
33  240  624,753
33  245  727,811
34  2  925
34  3  329,579
34  4  97
34  8  859,916
34  11  627
34  12  221
34  17  911
34  20  530,531,621
34  39  97
34  40  490,615
34  41  52
34  42  61
34  44  296
34  53  327,429
34  61  429
34  64  500
34  65  427
34  66  307
34  72  371
34  75  61
34  76  15,610
34  78  289,429
34  79  269
34  82  116,535
34  88  127,765
34  90  277
34  92  789
34  96  688
34  97  689
34  109  116
34  114  899
34  115  627,815
34  126  925
34  129  904
34  137  61
34  144  345
34  145  140
34  146  96,331,839
34  150  839
34  152  599
34  158  22,627
34  161  962
34  163  94,820
34  165  378
34  168  289
34  178  367
34  183  357
34  190  496
34  191  983
34  195  146,307,371,527
34  201  832,899
34  203  835
34  205  130,143,865
34  209  925
34  218  429
34  223  240,367,824
34  232  97
34  233  791
34  234  859
34  237  143,865
34  241  982
34  246  985
34  250  429
35  1  29
35  10  209,627
35  14  371,522
35  18  15
35  20  791
35  21  504,538,627,928
35  25  216,678
35  28  621
35  32  627
35  35  29
35  43  143,583
35  49  865
35  59  130
35  61  772
35  62  684
35  65  840
35  66  375,840
35  67  422,813
35  76  245
35  79  305,371
35  80  636
35  81  245
35  82  251
35  84  15
35  88  950
35  93  16,22,145
35  94  71
35  96  791
35  100  959
35  105  166,245,320
35  106  244
35  109  140,326,997
35  127  130
35  128  815
35  129  733
35  130  535
35  136  206,733
35  139  187,432,496
35  140  255
35  144  327
35  145  637
35  146  500
35  155  434,507
35  157  165
35  162  84,140
35  170  623
35  171  232,791
35  172  140
35  173  547
35  177  255
35  182  684
35  183  904
35  197  51
35  216  925
35  220  369
35  223  29
35  224  52,735
35  228  29
35  236  925
35  238  100,239
35  239  655
35  241  791
35  246  562
35  249  525
36  9  29
36  10  240
36  17  74,371,627,637
36  20  717
36  21  782
36  28  472
36  31  130
36  35  371
36  42  143,865
36  48  215,496
36  50  498
36  53  815
36  55  15,655
36  57  519
36  66  215
36  68  130
36  74  22,61,762
36  77  130
36  80  779,991,997
36  81  983
36  84  61
36  94  885
36  97  216,234
36  100  165
36  108  300,721,846
36  109  215
36  112  277,504,627
36  114  96,331,700
36  129  97
36  130  624,791,929
36  143  579
36  144  815
36  145  782,792
36  147  389
36  153  143,583
36  155  2
36  157  10
36  160  116
36  162  100,239,700
36  163  782,839
36  167  254
36  168  140,165
36  169  496,839
36  171  717
36  174  663
36  175  143,583
36  179  369
36  181  733
36  184  557
36  192  153
36  196  62
36  205  52
36  210  478
36  215  378
36  219  367,859
36  226  97
36  227  371,925
36  230  195,393,717,949
36  235  243,931
36  239  931
36  240  350
36  245  61
36  247  592
36  248  753
36  250  113
37  5  143,955
37  15  209,995
37  17  206
37  23  146,527,717
37  25  378
37  28  738,931
37  29  143,865
37  32  647,671,739,791
37  38  911,920
37  39  2
37  40  815
37  44  692
37  51  813
37  53  307,925
37  55  572
37  61  389
37  65  206
37  76  899,959
37  78  140
37  85  621
37  93  791
37  95  240
37  96  2
37  100  245
37  116  230
37  121  327
37  128  389,925
37  130  717
37  131  367,995
37  138  243,279,479,824
37  139  782
37  142  782
37  143  655
37  146  371
37  153  865
37  155  389
37  165  599
37  171  717
37  173  815
37  183  504,627
37  186  166,245,320
37  190  130,647,671,739,791
37  199  130
37  203  535
37  208  498
37  215  166,245,320,478,599
37  216  221,498
37  218  738
37  219  240
37  220  140
37  222  460
37  225  278,710
37  226  289
37  234  572
37  239  97,775,846,991
37  243  209
37  246  305,557
38  13  15
38  18  245
38  19  100,239
38  21  721,846
38  25  22,478,717,949
38  27  245
38  30  530,531,621
38  32  835
38  33  245
38  34  557
38  36  454,572
38  48  556,980
38  55  223,871
38  56  808
38  60  28,877
38  65  995
38  66  167
38  67  13
38  69  925
38  71  733
38  74  201
38  79  995
38  92  521
38  93  717,782
38  102  307
38  105  524,982
38  111  429
38  113  839
38  115  143,865
38  116  198,206,623,764,846
38  124  929
38  139  130
38  144  925
38  147  130
38  155  572
38  161  15,839
38  164  623,846
38  165  916
38  167  143,519,865
38  173  624
38  174  245
38  180  94,201,820
38  182  2
38  192  204,865
38  201  255
38  211  478
38  220  378
38  225  738
38  230  206,251,562
38  236  52
38  237  371
38  241  717
38  243  460
38  247  991,997
39  5  925
39  7  717
39  10  496
39  28  190,240,296,422,474,644
39  29  130,307,562
39  33  371
39  34  575,792,952
39  37  877
39  38  627
39  39  572,621
39  46  62
39  48  140
39  52  130
39  56  61,429
39  66  410
39  67  287,592
39  73  575,952
39  74  94,820
39  77  779
39  82  753
39  83  245
39  92  429
39  97  166,320,959
39  103  289,498,859
39  108  165,627
39  109  959
39  110  305
39  118  865
39  121  815
39  123  779
39  126  277
39  128  277
39  133  500,925
39  134  925
39  135  925
39  137  429
39  139  557,562
39  146  623,846
39  152  345
39  154  925
39  157  488,865
39  160  15
39  161  52,980
39  163  277,378
39  165  733
39  171  519
39  177  429
39  179  140,925
39  186  579
39  188  307,592
39  198  127,733,765
39  204  779
39  207  877
39  223  516,711
39  229  530,531,621
39  233  621
39  242  557
39  243  717
39  246  417
39  247  166,245,320
40  1  127,765
40  2  277
40  5  277,647,739,791
40  10  500,859
40  15  244,273
40  20  245
40  21  636
40  27  215
40  32  839
40  35  371
40  36  32,727
40  38  840
40  46  52,664
40  48  389
40  49  307
40  52  775,846,991
40  56  29
40  63  51,113
40  74  240
40  78  100,239
40  79  502
40  81  130
40  85  240,615
40  87  288
40  91  371
40  93  305
40  95  925
40  96  572,717
40  102  740
40  105  296
40  110  94,820
40  111  371
40  121  925
40  125  925
40  138  500
40  143  815
40  150  130
40  155  429
40  163  94,478,820
40  165  478,839,840
40  173  61,925
40  174  959
40  176  636
40  178  244,454
40  179  899
40  182  572,721,846
40  188  289,498
40  189  206,562
40  192  140,180,205
40  202  277
40  205  792
40  207  221,599
40  208  244,717
40  209  277
40  212  840
40  214  387,925
40  216  277
40  218  371
40  221  20,97,741
40  222  417
40  225  460
40  231  782
40  235  113,865
40  244  636,840,925
40  248  367
40  249  417
