1  1  885
1  5  251,716
1  8  655
1  12  290,502
1  13  504,627
1  15  290
1  16  174,329,936
1  17  663
1  19  655
1  23  904
1  26  663
1  31  290
1  38  94
1  41  904
1  48  189,904,928
1  51  538,904,928
1  56  94,522
1  57  245,983
1  72  820
1  80  525
1  84  94,808
1  85  739
1  86  688,959
1  87  820,946
1  88  529
1  97  904,957
2  1  883
2  14  127
2  17  519
2  29  319,997
2  31  725
2  32  519
2  35  801
2  37  946
2  43  94
2  47  44,469
2  49  519
2  50  143,955
2  51  298
2  57  519
2  69  156,655
2  70  692
2  71  904
2  72  519,525
2  74  522,688
2  77  957
2  79  801
2  81  300
2  87  239,319,452
2  89  519
2  91  820
2  94  516,531,596
2  96  904
2  97  28,877
3  5  531
3  7  329,936
3  8  207,955
3  15  32
3  18  904
3  20  300,409
3  26  943
3  27  668
3  30  224
3  34  801
3  52  174,519
3  59  519
3  61  221,525
3  63  279,422,470,764
3  64  782,931,957
3  78  593
3  79  140
3  88  782
3  89  245
3  93  327,671
4  8  232
4  15  646
4  18  508,680
4  19  32,727,808
4  30  409,916
4  35  519
4  40  801
4  47  997
4  48  224
4  50  684
4  58  409
4  60  329
4  64  859
4  86  519
4  90  251,716
4  92  802
5  2  522
5  11  802
5  12  245
5  14  357
5  18  764
5  22  174
5  28  655,801
5  31  319
5  35  240
5  41  904
5  48  808
5  56  519
5  59  717,949
5  64  340
5  70  519
5  84  504,627
5  86  243,279,824
5  91  502
5  92  508,519
5  94  140,326,789
6  5  931
6  6  28,877
6  8  96,331,525,982
6  10  688
6  16  329,519,779,936
6  20  904
6  21  409
6  23  904
6  28  959
6  34  28,688,877
6  35  127
6  39  319
6  40  232,290
6  42  94,245
6  43  367
6  45  22,801
6  53  579
6  58  519
6  61  519,885
6  73  143,955
6  82  782
6  87  393,870
6  89  221
6  100  94
7  8  692
7  10  319
7  15  66,590,958
7  16  904
7  17  290,943
7  30  215
7  35  243
7  46  234
7  50  904
7  53  519
7  56  116
7  65  290
7  67  650
7  69  290,997
7  70  127
7  73  647,739,791
7  77  216,234
7  86  983
7  89  655
7  91  127
7  93  16,230
7  95  531
7  100  13,820
8  3  983
8  7  434,904
8  15  355,747
8  21  371,409
8  24  802
8  34  700
8  35  127
8  36  974
8  37  156
8  38  290,985
8  48  319,367,916
8  55  357,504,627
8  56  127,240
8  62  367
8  63  32,329,936
8  72  127
8  76  529
8  78  519,808
8  79  243
8  80  234,839,959
8  84  371
8  87  496,579,727,786,811,877
8  93  305,904
8  97  290,680
9  2  579
9  4  470,646,764
9  9  470,764
9  10  692
9  12  529,668
9  23  899
9  32  877
9  36  525
9  38  13
9  39  646
9  42  711,956
9  48  371
9  50  143,680,955
9  65  290
9  71  646
9  72  171,982
9  73  174,263
9  85  109
9  89  655
9  91  808
9  92  29,461
9  98  502
10  12  36
10  15  840
10  28  94,688
10  37  303,728
10  41  680
10  47  327,671,684
10  53  398
10  62  519
10  67  66
10  70  140,224,271
10  72  624
10  73  369
10  74  116,224
10  75  836
10  76  13,504,627
10  79  646
10  85  140,326,855
10  90  782
10  96  680
11  1  504,627
11  6  263
11  9  319
11  10  593
11  11  519
11  13  224
11  18  801
11  22  174
11  31  529
11  35  15,808
11  36  647,671,739,791
11  37  22
11  40  174,519
11  45  627
11  49  516,596
11  74  94
11  76  801
11  82  962
11  94  345
12  2  116,187,531
12  5  327
12  9  109
12  12  71,725
12  18  960
12  33  290
12  36  504,627
12  40  66,590,700,958
12  50  791
12  55  593
12  57  678
12  62  985
12  64  206,689
12  66  212,224
12  67  997
12  68  319,931
12  70  429
12  79  519,997
12  83  508
12  84  13,289
12  90  985
12  97  319,409
13  4  367,460
13  7  680
13  21  663
13  22  470,764
13  26  636
13  31  271
13  32  802
13  33  519,960
13  50  647,671,739,791
13  54  593
13  56  94,820
13  61  883
13  62  535
13  64  916
13  68  820
13  76  140
13  80  502
13  83  216,688
13  84  240
13  87  496,621
13  91  36
14  4  51,733
14  10  174
14  17  725
14  22  245
14  23  680
14  31  174,251
14  34  187
14  35  429
14  41  263
14  42  808
14  45  782
14  60  680
14  62  679
14  64  962
14  66  298,983
14  68  519,655
14  69  251,716
14  71  367
14  74  290
14  77  983
14  79  22,700
14  81  165
14  88  962
14  92  127
14  96  904
14  99  531
14  100  127,300
15  10  802
15  11  189,904,928
15  12  637
15  22  724
15  23  16,145
15  27  637
15  30  389
15  34  127,429
15  44  22,470,764,904
15  45  504,627
15  49  519
15  55  904
15  57  127,378
15  59  519
15  65  290
15  69  127,255
15  71  94
15  76  61
15  77  470,764
15  82  156,522
15  85  522
15  87  130
15  93  487
15  99  345
16  5  556,980
16  11  911
16  20  721,846
16  29  516,596
16  34  781
16  45  245
16  49  502
16  55  22
16  57  808
16  69  808
16  79  127,655
16  83  960
16  85  224
16  89  143,865
16  95  345
16  96  680
16  97  16,145,327,671
17  8  535
17  11  2
17  12  717,792,949
17  15  547
17  17  427
17  19  371
17  24  508,525
17  26  655
17  27  904
17  28  13,201
17  29  305
17  31  258
17  52  290
17  59  96,331
17  66  700
17  68  127
17  70  215,398
17  73  140
17  77  319
17  90  470
17  94  22
18  2  345
18  9  319,727,811,877
18  11  642
18  15  679
18  17  127,174,808
18  18  633
18  32  717,949
18  33  127
18  36  419,434,507
18  37  251
18  39  496
18  49  127
18  50  216,711
18  53  127,251,716
18  55  434
18  58  180,205,593
18  59  524
18  64  216,234
18  67  94
18  69  22,245
18  71  663
18  91  239,429,452,454,722
18  94  327
18  97  371,727,811
19  6  649,985
19  9  460
19  12  663
19  17  636
19  31  663,727,811
19  33  995
19  40  739
19  43  470
19  58  820,865
19  61  127
19  62  187,563,688,839
19  64  255
19  66  802
19  67  470
19  71  13
19  75  94,234,688
19  77  727,811
19  79  224,782
19  89  929
19  95  327
19  96  156
20  6  371
20  7  931
20  9  427,660
20  10  679,911,957
20  14  411,454
20  16  74,429,553
20  21  820
20  23  791
20  24  174
20  27  680
20  28  15
20  43  206
20  44  680
20  46  263
20  48  289
20  49  127,808
20  52  319,840
20  53  808
20  62  504,627
20  66  877
20  76  663
20  84  29
21  12  190,899
21  13  679,916
21  20  165
21  22  74,637
21  24  820
21  26  427,943
21  27  599
21  36  331,961
21  37  490
21  44  16,145,219
21  47  689
21  48  997
21  54  22,865
21  55  801
21  60  245,409,663
21  61  808
21  66  649,916
21  69  263,502,531,840
21  71  61,688
21  79  655,730
21  80  454,663
21  81  319
21  84  296
21  85  116
21  94  815
22  1  240
22  3  678
22  9  516,621,711
22  23  16,145,655
22  24  221,239,452
22  26  206,636
22  37  439,519
22  45  240
22  84  140
22  87  130,496
22  88  29
22  91  920
22  97  263,496,791
23  21  297,727
23  24  29,454,461
23  35  487
23  37  782
23  38  393,870,908
23  45  700
23  46  470
23  48  684
23  52  727,811
23  58  835
23  59  839
23  67  84
23  68  808
23  77  94,496
23  86  522,678
23  91  244
23  92  911
23  93  877
23  94  454,722
23  97  130,575,717,952
24  6  167,195,393
24  7  504,627
24  9  496
24  12  320,535,655
24  16  779
24  17  74,637
24  20  801
24  22  982
24  24  627
24  32  911
24  33  808
24  40  109,130,547
24  43  375
24  57  429
24  62  209,562
24  66  15
24  77  13
24  83  633
24  86  378
24  97  721,846
24  99  327
25  2  327,557
25  13  209,215,245
25  18  791
25  20  680
25  22  621
25  31  427
25  33  429
25  34  524
25  45  579
25  47  959
25  48  623,846
25  49  74,637
25  53  531
25  56  13
25  59  599
25  62  439,524
25  67  13
25  75  535
25  78  371
25  96  791
26  7  16,145
26  8  398,535
26  11  655
26  18  700
26  19  289
26  21  22
26  27  791
26  29  245
26  34  253,369
26  38  470,562
26  49  224
26  50  717
26  60  791
26  69  378,652
26  70  949
26  71  524
26  77  51
26  84  288
26  88  201,553,579
26  91  700
26  93  269
27  1  688
27  2  94,815,820
27  13  700
27  20  938
27  21  371
27  22  711,956
27  30  801
27  31  717,899,949
27  32  96,331
27  33  633
27  36  2
27  37  257,700,865
27  42  429
27  44  791
27  45  165
27  46  230,274,443,583,673
27  52  496
27  53  859
27  60  525,899
27  61  454
27  63  460
27  64  592,627
27  66  911
27  67  982
27  69  345,371,623,846
27  71  791
27  72  808
27  74  13
27  80  367
27  81  599
27  90  375
27  91  885,946
27  92  808
27  93  689
27  98  36
27  99  504,627,815
28  14  504,627,904
28  27  224
28  31  254,931
28  35  959
28  37  269
28  44  717,982
28  51  470,649
28  58  624
28  66  216
28  68  624
28  74  916
28  88  472
28  90  135,345
28  94  579,925
28  95  815
28  96  16,145,717
29  3  516,596
29  4  997
29  6  140
29  7  779
29  8  255
29  22  143,296,865
29  25  983
29  27  717,840,916,949
29  38  417
29  39  367,579,786
29  42  13
29  46  84,216
29  63  684
29  69  327,575,952
29  74  621
29  85  94,820
29  86  116
29  88  663,753
29  89  156
29  94  277
29  95  201
30  3  378
30  17  429,802
30  24  663
30  31  96,331
30  39  733
30  43  380,620,938
30  45  15,172
30  49  429
30  59  535
30  60  224
30  68  255,429
30  72  974
30  79  808
30  88  367
30  90  562
30  93  599
30  96  221,251,434,507
30  100  808
31  7  2,791
31  11  572
31  14  387
31  23  791
31  27  792,955,959
31  28  109,535
31  43  135,290
31  55  502
31  59  997
31  67  369,684
31  69  216,711,815
31  75  13
31  78  411,454
31  81  496,955
31  90  327
31  99  245,925
32  11  835
32  12  206
32  28  61
32  29  496,985
32  31  74,496,637
32  33  369
32  37  835
32  41  791
32  45  127,307,765
32  48  733
32  51  982
32  55  679,700
32  60  916
32  62  557
32  64  369,490
32  65  288,725
32  70  859
32  71  943
32  76  646
32  79  245,429
32  84  127,516,700,711,765
32  90  815
32  92  174
32  100  61,508
33  1  201,389
33  4  779
33  5  815
33  10  398
33  11  839
33  14  360,470,754,764
33  19  140
33  27  967
33  29  579
33  33  140
33  37  839
33  40  855
33  41  16,145,575,952
33  43  13
33  46  307
33  48  244
33  49  593,943
33  59  839
33  60  215,592,717
33  72  429
33  78  808
33  79  15
33  81  479,931
33  86  478
33  88  899
33  89  251
33  90  367,417
33  91  877
33  93  959
34  2  925
34  3  329,579
34  4  97
34  8  859,916
34  11  627
34  12  221
34  17  911
34  20  530,531,621
34  39  97
34  40  490,615
34  41  52
34  42  61
34  44  296
34  53  327,429
34  61  429
34  64  500
34  65  427
34  66  307
34  72  371
34  75  61
34  76  15,610
34  78  289,429
34  79  269
34  82  116,535
34  88  127,765
34  90  277
34  92  789
34  96  688
34  97  689
35  1  29
35  10  209,627
35  14  371,522
35  18  15
35  20  791
35  21  504,538,627,928
35  25  216,678
35  28  621
35  32  627
35  35  29
35  43  143,583
35  49  865
35  59  130
35  61  772
35  62  684
35  65  840
35  66  375,840
35  67  422,813
35  76  245
35  79  305,371
35  80  636
35  81  245
35  82  251
35  84  15
35  88  950
35  93  16,22,145
35  94  71
35  96  791
35  100  959
36  9  29
36  10  240
36  17  74,371,627,637
36  20  717
36  21  782
36  28  472
36  31  130
36  35  371
36  42  143,865
36  48  215,496
36  50  498
36  53  815
36  55  15,655
36  57  519
36  66  215
36  68  130
36  74  22,61,762
36  77  130
36  80  779,991,997
36  81  983
36  84  61
36  94  885
36  97  216,234
36  100  165
37  5  143,955
37  15  209,995
37  17  206
37  23  146,527,717
37  25  378
37  28  738,931
37  29  143,865
37  32  647,671,739,791
37  38  911,920
37  39  2
37  40  815
37  44  692
37  51  813
37  53  307,925
37  55  572
37  61  389
37  65  206
37  76  899,959
37  78  140
37  85  621
37  93  791
37  95  240
37  96  2
37  100  245
38  13  15
38  18  245
38  19  100,239
38  21  721,846
38  25  22,478,717,949
38  27  245
38  30  530,531,621
38  32  835
38  33  245
38  34  557
38  36  454,572
38  48  556,980
38  55  223,871
38  56  808
38  60  28,877
38  65  995
38  66  167
38  67  13
38  69  925
38  71  733
38  74  201
38  79  995
38  92  521
38  93  717,782
39  5  925
39  7  717
39  10  496
39  28  190,240,296,422,474,644
39  29  130,307,562
39  33  371
39  34  575,792,952
39  37  877
39  38  627
39  39  572,621
39  46  62
39  48  140
39  52  130
39  56  61,429
39  66  410
39  67  287,592
39  73  575,952
39  74  94,820
39  77  779
39  82  753
39  83  245
39  92  429
39  97  166,320,959
40  1  127,765
40  2  277
40  5  277,647,739,791
40  10  500,859
40  15  244,273
40  20  245
40  21  636
40  27  215
40  32  839
40  35  371
40  36  32,727
40  38  840
40  46  52,664
40  48  389
40  49  307
40  52  775,846,991
40  56  29
40  63  51,113
40  74  240
40  78  100,239
40  79  502
40  81  130
40  85  240,615
40  87  288
40  91  371
40  93  305
40  95  925
40  96  572,717
