1  4  429
1  7  460
1  8  460
1  19  763
1  26  460
1  38  865
1  43  621
1  44  216
1  45  519
1  48  609
1  56  251
1  60  949
1  66  733,797
1  67  251
1  70  429
1  71  763
1  75  417
1  76  28
1  77  84,251,417
1  78  261,663,851
1  91  417,865
1  95  63,369,563
1  101  429
1  103  646
1  108  135,375
1  122  120,417,594
1  123  28,877
1  124  219,865
1  131  243,635,727,811
1  138  609
1  145  519
1  146  251
1  148  417
1  155  251
1  156  579
1  170  485
1  172  734
1  173  519
1  175  525
1  177  974
1  180  949
1  184  474,644,929
1  199  460
1  202  429
1  225  820
1  229  664
1  230  221,485
1  231  10,113
1  234  113
1  236  485
1  247  485
1  252  261,895
1  272  369,650
1  275  243,635,877
1  291  460
1  300  664
1  302  417
1  305  422,429
1  312  516,646
1  327  417,519
1  328  974
1  329  28,84,877
1  330  130
1  336  251
1  337  865
1  338  22,663
1  344  417
1  349  251
1  351  865
1  361  519
1  374  143
1  376  243,635
1  385  664
1  392  113
1  401  474
1  404  646
1  429  485,763
1  431  28,877
1  446  369
1  461  646
1  462  474,644
1  467  770
1  470  646
1  475  929
1  477  130
1  488  609
1  498  664
2  1  525
2  14  261,609,646,733,797,895
2  16  63,579
2  35  609
2  36  820
2  39  646
2  45  195,393
2  60  649
2  62  113,474,644
2  63  251
2  67  28
2  75  422
2  79  251
2  93  519
2  108  485
2  119  28,63
2  120  485,929
2  124  877,974
2  128  219
2  164  207,955
2  186  770
2  193  516,519,596
2  195  609,753,877
2  209  429
2  212  727,811
2  213  422,664
2  227  22,733
2  233  422,429
2  235  130,519
2  238  251
2  248  251,261,851
2  249  251,320,655
2  250  22
2  253  949
2  255  974
2  259  221,664
2  271  664,929
2  282  763
2  291  646
2  305  371,474,644
2  310  519
2  319  28
2  327  733,797
2  331  488,865
2  339  417
2  344  417,974
2  346  422,663
2  350  734
2  356  261,851
2  358  664
2  365  460
2  369  579
2  382  28
2  389  763
2  394  251,474,644,727,811
2  396  516,596
2  407  877
2  417  820,865
2  428  519
2  455  865
2  457  664
2  463  609
2  464  251
2  466  429,609
2  467  158,247
2  475  251
2  476  113,644
2  479  609
3  2  929
3  5  646
3  8  251,522
3  13  113
3  19  243,635
3  21  949
3  26  519
3  27  261,851
3  51  417,519
3  54  949
3  65  143,609
3  68  460
3  81  621,865
3  84  664
3  86  525
3  94  646,929
3  122  974
3  127  808
3  131  733,797
3  137  28,646
3  139  417,519
3  142  113
3  144  251
3  156  261,851
3  157  63
3  163  207,519,955
3  169  621
3  170  460
3  171  820
3  178  929
3  190  243,488,635,865
3  191  609
3  194  243,635
3  195  664
3  202  398
3  207  113
3  212  733,797
3  216  785
3  221  251
3  251  251,609,646
3  267  251
3  273  63
3  274  429
3  275  997
3  278  369
3  283  63,113,763
3  285  261,851
3  289  28,877
3  296  763
3  302  474,644
3  306  474,644
3  308  398,429,929
3  310  733,797
3  313  931
3  315  113,143,646
3  329  623
3  331  763
3  339  485
3  340  929
3  350  820
3  354  251,929
3  356  251
3  360  763
3  375  243,635,733,785,797
3  376  63,490
3  380  485
3  386  207,955
3  389  22
3  403  727,811
3  407  156,646,865
3  408  204,460
3  411  865
3  416  519
3  420  113
3  422  865
3  431  579
3  432  460
3  435  974
3  441  579
3  443  763
3  444  488,865
3  446  485
3  451  398,417
3  460  28
3  468  417,974
3  471  646
3  480  429
4  1  113
4  3  251
4  4  100,239
4  9  664
4  20  135
4  29  417
4  30  949
4  34  221
4  35  198,820
4  38  22
4  39  97
4  43  417
4  58  485
4  67  733,797
4  69  28,877
4  91  320,655
4  93  195
4  97  22,417,733,797
4  100  974
4  105  485
4  114  422
4  118  84,261,851
4  122  62
4  131  187,646
4  149  519,524
4  153  899
4  157  422
4  160  84
4  175  84,579
4  182  974
4  186  363
4  187  609
4  188  609
4  191  251
4  213  763
4  214  251
4  218  429
4  219  525
4  220  460,727,763,811
4  229  216,711
4  231  28,877
4  234  974
4  240  664
4  241  207,877,955
4  242  865
4  244  579
4  252  204
4  253  97,417
4  255  733,797
4  256  28,113
4  258  63,579
4  261  375,524
4  263  516,596,763
4  264  609
4  270  429
4  274  519
4  279  156,664,931
4  281  113,485
4  282  113
4  287  524,646
4  308  371
4  310  195,393
4  314  130,949
4  327  206,562
4  336  733,797
4  344  779
4  345  84,398
4  348  216,711
4  353  113
4  364  207,646,865
4  373  113,664
4  377  474,644
4  382  519
4  385  474,644
4  399  474,644
4  402  130
4  403  417,974
4  405  243,635
4  415  525
4  417  207,519,955
4  418  113
4  419  375
4  433  398,820
4  438  485,646
4  441  187
4  445  429
4  451  251,519
4  453  485,663
4  455  524
4  458  417,525
4  461  207,955
4  462  261,563,851
4  473  398,460
4  481  460
4  488  198,820
4  489  485
5  7  28,609,877
5  9  422,621
5  13  488,811
5  15  460
5  16  519
5  19  22
5  29  251
5  46  609
5  59  763
5  64  609
5  66  664
5  69  28,207,955
5  77  62
5  78  94,820
5  83  219
5  97  763,865
5  98  474,644
5  102  22
5  103  97
5  117  485
5  119  460
5  129  820
5  130  63
5  135  877
5  137  865
5  139  261,663,851
5  145  974
5  149  206
5  150  22
5  152  865
5  158  243,635
5  160  649
5  166  931
5  173  158,247
5  183  525
5  187  198
5  196  417,663
5  203  621
5  210  417
5  211  516,596,911
5  212  417,519
5  227  734
5  229  274,443,673
5  235  485
5  239  398
5  240  63,865
5  245  949
5  249  652
5  260  646
5  261  261,398,895
5  263  84,579
5  273  877
5  276  770
5  277  525,865
5  282  22,488,811
5  284  84
5  286  251
5  291  97
5  314  865
5  325  113
5  330  770
5  334  251,753
5  336  130,243,635
5  342  251
5  351  519
5  358  727,811
5  374  621
5  378  460
5  383  485
5  388  251
5  390  609
5  404  261,851
5  413  474,644,974
5  429  251,519
5  436  929
5  441  375
5  442  877,974
5  450  375
5  460  865
5  462  207,955
5  484  949
5  485  865
5  486  22,143
5  497  460
6  3  623
6  11  525
6  14  97
6  18  609
6  36  763
6  41  621,623,846
6  49  485,763
6  59  621
6  62  219
6  70  251,371,763,974
6  72  474,644,646
6  74  609
6  75  28,485
6  87  859
6  94  785
6  96  664,763
6  109  485,609
6  111  650,982
6  112  251,621,646
6  113  417,525
6  116  929
6  120  865
6  130  609
6  132  422
6  136  156
6  141  422
6  148  770
6  149  156
6  151  28
6  153  28,113
6  167  460
6  168  474,644,763
6  181  519
6  186  113,417
6  196  524
6  199  66
6  208  251
6  210  974
6  212  496
6  213  22,251
6  224  251
6  233  327,671
6  234  22
6  240  646
6  246  251
6  250  763
6  257  519,579
6  258  243,635
6  266  398
6  276  460
6  280  417,525
6  284  753
6  288  859
6  289  261,851
6  294  251
6  295  251
6  303  28,243,417,635,820,877
6  307  113,485
6  313  251,522,763
6  319  865
6  328  261
6  329  130
6  332  113
6  340  519
6  341  143
6  351  474,644
6  364  820,865
6  372  113,646,865
6  373  143,646
6  380  974
6  390  113
6  393  974
6  394  563
6  400  422,519
6  405  243,635
6  421  207,955
6  425  485,609
6  429  251,865
6  434  763
6  439  733,797
6  457  485,519
6  469  156,734
6  473  243,635
6  474  621,949
6  475  422
6  478  519,650
6  482  524
6  487  519
6  493  646
6  500  519
7  3  180,556,809
7  8  522,525
7  16  206,251,562
7  18  422,623
7  21  649
7  26  195,393,417
7  29  113
7  42  417
7  52  609
7  62  429
7  63  859
7  68  485
7  69  113
7  70  538,978
7  77  652
7  80  664
7  82  753
7  86  929
7  90  251,460,519
7  91  417
7  94  579
7  98  474,644
7  100  320
7  105  22
7  106  770
7  107  251,770
7  120  522
7  125  417
7  134  727,811
7  136  609
7  144  579,663
7  146  329,623,936
7  151  422
7  168  22
7  183  485
7  184  563
7  186  488,811
7  190  859
7  198  770
7  202  204,646
7  203  946
7  206  251
7  208  28
7  209  763
7  221  460
7  223  417,519
7  224  623
7  235  251,929
7  237  204,251
7  247  524,770
7  254  974
7  264  198,820
7  266  130,429
7  274  251
7  282  899
7  288  251
7  291  355,747
7  294  460
7  299  460
7  302  22
7  332  931
7  338  516,596
7  341  609
7  343  763
7  344  195,393
7  347  865
7  350  525,785
7  353  763
7  356  623
7  363  733,797
7  372  820
7  373  97
7  377  563
7  381  219
7  382  820
7  384  113
7  397  974
7  412  609
7  423  130
7  430  113
7  439  113,519
7  454  375
7  456  579
7  462  485
7  464  646
7  467  820
7  480  216
7  481  66
7  482  609
7  485  113
7  486  646
7  493  216
8  1  859
8  3  28,251,877
8  7  130,198,820
8  12  485
8  15  66,261,329,851,936
8  17  329,936
8  21  329,664,936
8  23  63,646
8  30  474,644
8  34  261,422,851
8  42  417
8  43  946
8  47  113,727,811
8  63  623
8  73  753
8  82  367
8  116  485,865
8  121  663
8  127  261,684,851
8  132  327,671
8  138  429
8  139  779
8  150  460
8  151  865
8  153  865
8  157  221
8  160  646
8  165  664
8  169  251,770
8  186  36
8  187  485
8  208  623
8  211  579
8  217  865
8  231  485
8  235  195,261,393,398,474,644,895
8  240  204
8  246  28,609
8  249  417,763
8  253  763
8  266  28,84,371,877
8  284  367
8  287  485
8  293  261,851
8  299  63
8  305  84
8  316  877
8  321  28
8  324  931
8  330  130
8  334  261,895
8  339  538,978
8  346  429
8  349  563
8  350  130
8  351  195,393
8  359  579
8  361  206,261,562,895
8  364  417
8  367  417,763
8  370  474,644
8  374  201,398,974
8  378  865
8  387  251
8  388  485
8  389  207,955
8  393  130
8  407  417
8  408  485
8  414  216
8  417  195,393
8  426  949
8  438  97
8  447  22,219
8  451  84
8  457  522
8  470  97
8  477  929
8  479  251
8  483  646
8  484  974
8  487  261,460,851
8  489  207,949,955
8  491  113,417
8  497  609
8  499  525
9  2  221,460
9  11  502
9  12  28,820
9  16  763
9  18  763
9  25  156
9  26  519
9  33  519
9  39  251,355,747
9  40  949
9  45  206,562
9  49  22,519
9  55  113
9  61  84,261
9  65  28
9  69  865
9  76  763,865
9  78  22
9  82  28
9  93  206,562
9  98  130
9  102  417
9  111  221,519
9  114  243,635
9  118  143
9  128  727,811
9  133  207,474,644,650,763,955
9  136  198,488,820,865
9  145  974
9  148  417
9  150  28,623,846
9  151  113
9  164  398
9  169  763
9  174  753
9  177  261,538,851,978
9  181  393
9  185  474,644
9  191  650,664
9  194  417,664
9  197  417
9  202  113
9  206  371,609
9  218  525,820
9  219  171,982
9  236  877
9  258  143
9  263  865
9  270  251,488,811
9  272  519
9  273  251
9  304  646
9  311  733,797
9  330  363
9  339  753
9  346  398
9  362  251,865
9  363  36,417,763
9  368  646,763
9  371  28,519,877
9  378  474,644
9  384  429
9  391  369,524
9  399  997
9  400  865
9  404  251,522
9  405  609
9  408  733,797
9  409  621
9  413  753
9  416  195,393
9  423  621
9  424  28,251,877
9  432  865
9  433  763
9  436  516,596
9  439  488,811
9  440  251
9  452  195,393
9  455  929
9  456  251
9  473  877
9  474  649
9  476  243,635
9  479  28,877
9  480  371,485
9  484  649
9  496  646
10  1  820
10  5  97
10  13  460
10  23  97
10  33  28,519
10  35  763
10  43  929
10  47  525
10  52  113
10  58  460
10  66  485,865
10  68  66,488
10  75  763
10  77  198,820
10  78  153,221
10  80  429
10  82  865
10  88  763
10  97  243,635
10  98  524
10  100  460
10  105  10
10  114  820
10  119  28,877
10  128  519,522
10  139  763
10  145  66,538,978
10  147  609
10  151  865
10  155  763
10  162  646
10  172  519
10  173  519,609,727
10  177  120,594
10  178  28
10  180  251
10  188  485
10  194  663
10  195  261,319,851
10  202  474,644
10  207  22,485
10  209  22
10  213  689
10  224  28,609
10  225  195,204,393
10  237  219
10  238  623
10  241  636
10  250  623,846
10  251  198,820
10  257  429
10  263  62
10  265  877
10  268  931
10  276  460
10  278  113,609
10  285  251,522
10  301  28,156,243,635
10  310  609
10  314  261,851
10  315  367,417
10  320  156
10  333  563
10  335  22,251
10  339  367
10  346  371
10  349  113
10  350  485
10  351  763
10  352  609
10  367  22
10  375  460
10  377  22,28,877
10  383  646
10  388  974
10  393  219
10  400  195,393,417
10  408  187
10  411  763
10  437  417
10  440  216,711
10  457  28,865,877
10  459  899
10  463  865
10  467  929
10  468  204,525
10  471  97
10  474  946
10  490  329,936
10  493  785
10  497  204,216
10  498  865
11  1  429,488,811
11  8  251,398
11  16  130
11  19  28
11  64  198,820
11  65  865
11  67  733,763,797,843
11  68  116,579
11  70  22
11  71  785
11  75  251
11  83  474
11  84  485
11  87  417
11  112  66
11  115  865
11  116  929
11  139  195,251,393,522
11  145  22,487
11  156  63,251,460
11  168  460
11  171  974
11  179  243,635,664,785
11  181  63
11  182  485
11  186  84
11  190  422
11  201  84
11  210  733,797
11  231  623
11  232  422
11  239  219
11  243  929,949
11  247  363
11  248  460
11  266  62
11  277  664
11  279  63,808
11  298  609
11  313  877
11  320  221,251
11  323  623,846
11  327  733,797
11  332  727
11  345  251,422
11  351  206,562
11  368  84
11  370  130
11  373  877
11  391  417,733,797
11  396  143
11  403  84,127
11  418  63,929
11  421  519
11  423  319,929
11  424  66,727
11  426  646
11  430  113
11  437  646
11  447  692
11  450  127
11  453  460
11  456  727,811
11  460  429,865
11  462  865
11  467  28,363,877
11  472  251,485
11  475  652
11  478  221
11  485  931
11  488  216
11  489  485
11  492  579
11  494  727,811
12  2  28,66,251,877
12  6  130
12  7  417,865
12  8  66
12  13  66
12  18  22
12  20  488,865
12  29  621
12  30  219
12  32  646
12  34  113
12  40  649
12  52  974
12  53  251
12  62  488,811
12  73  417
12  84  243,635
12  87  216,865
12  88  22,650
12  91  22,779
12  94  97
12  100  679
12  103  485
12  113  113,429
12  140  22,664
12  148  485
12  150  563
12  157  113
12  163  474,644
12  164  485,519
12  165  84
12  171  664
12  181  763
12  188  609
12  202  460
12  206  949
12  219  422
12  220  66
12  223  877
12  227  251,460
12  241  130,997
12  246  198,820,865
12  256  485,865
12  268  130
12  273  609
12  275  525
12  277  488,785,865
12  299  251,974
12  305  563
12  312  97
12  321  865
12  329  251
12  334  97,652
12  341  198,460,820
12  343  22,417,623,664,846
12  349  221,623
12  354  485
12  358  496,877
12  366  429,524
12  369  763
12  392  63,221,785
12  397  251
12  403  113,207,474,644,955
12  411  485
12  447  251
12  452  763
12  462  251,522
12  473  22
12  481  519,609
12  482  243,635
12  489  251
12  495  609
12  496  97
13  8  243,635
13  12  525
13  16  779
13  22  243,635
13  25  429
13  28  646
13  34  488,811
13  39  273
13  58  636,831
13  74  198,820
13  78  417
13  85  650
13  88  153
13  91  244
13  95  733,797
13  98  563
13  101  931
13  102  974
13  108  207,955
13  111  22
13  119  865
13  122  609
13  133  120,594
13  135  623,846,865,929
13  140  327,671
13  152  646
13  153  488,843,865
13  180  663
13  182  417
13  189  22,156,516,596
13  190  474,644
13  192  243,635,664
13  214  219,243,635,664
13  215  485
13  227  243,635
13  236  84
13  239  692
13  243  899
13  247  319
13  250  251
13  255  519
13  258  156
13  260  646
13  261  516,596
13  262  219,525
13  263  307
13  266  563
13  267  911
13  284  652
13  296  460
13  303  974
13  305  684,689
13  306  207,417,563,646,955
13  313  22
13  320  579,949
13  344  216
13  345  219
13  350  485,522,763
13  354  485
13  364  843
13  378  485
13  381  563
13  384  371,417
13  389  22
13  391  865
13  397  201
13  405  417
13  406  221
13  412  820
13  418  28,877
13  421  474,644
13  425  820
13  430  63
13  431  187
13  437  899
13  461  216
13  464  97
13  475  865
13  476  488,811
13  482  219
13  493  22,717,949
13  499  785
14  6  251
14  10  10,865
14  15  779
14  21  779
14  52  488,811
14  57  460,609,646
14  63  524
14  69  232
14  77  974
14  82  243,635,843
14  87  538,978
14  88  417
14  92  113
14  108  664
14  109  522
14  110  84
14  116  398,485
14  133  519,636,831
14  138  113
14  144  877
14  147  733,797,899
14  157  329,936
14  164  22
14  165  204,319
14  167  113
14  168  261,851
14  169  946
14  180  429
14  185  563
14  190  327,563,671
14  193  113
14  195  251
14  201  485
14  210  417,538,978
14  217  113,251,502
14  220  219,982
14  221  28,652,877
14  225  113
14  232  44,469
14  234  156
14  239  846
14  242  763
14  245  251
14  246  734
14  267  429,519
14  268  770
14  273  221
14  275  22
14  300  859
14  304  763,785
14  307  488,811
14  312  627,779
14  320  251
14  323  251
14  328  113
14  335  429,664
14  340  195,393
14  342  485
14  351  525,733,797
14  356  180,398,556,809
14  362  417
14  363  22
14  367  320,655
14  383  97,143
14  386  417
14  392  22,485,488,811
14  401  621
14  402  474,644
14  403  538,978
14  411  251
14  417  664
14  426  113,646
14  428  206,562
14  432  66,84
14  435  84,538,978
14  436  417,929
14  439  865
14  440  274,443,673
14  441  113
14  444  171,820,982
14  449  429
14  453  522
14  454  519
14  457  206,562,785
14  463  646
14  465  974
14  467  485
14  474  460
14  476  563
14  478  84
14  481  763
14  489  522
14  494  579
15  1  371
15  4  371,417
15  7  460
15  16  522
15  18  689
15  22  519
15  24  524
15  28  219
15  29  623
15  33  130
15  46  198,820
15  48  733,797
15  49  153,195,393
15  67  820
15  72  460
15  73  770
15  80  251,319
15  90  195,393
15  96  949
15  97  733,797
15  102  779
15  104  460
15  111  63,195,393
15  127  417
15  135  490
15  138  207,371,955
15  143  113,243,429,635
15  151  689
15  152  97
15  168  563
15  173  198,820
15  176  525
15  178  485
15  193  877
15  195  198,727,811,820
15  198  621
15  207  375
15  208  563
15  213  319
15  214  663
15  220  496
15  240  97
15  243  949
15  245  417
15  254  485
15  256  563
15  259  474,644
15  261  519,949,974
15  263  474,644
15  300  429
15  304  113,865
15  315  97,733
15  318  113
15  320  207,955
15  329  785
15  331  474,562,644
15  340  120,594
15  341  130
15  343  153
15  345  327,671
15  346  689
15  347  113
15  357  485
15  379  429,460
15  390  488,811
15  391  485
15  394  496
15  402  997
15  408  66,623
15  415  251
15  417  319
15  422  113
15  428  623,846
15  429  22
15  443  22
15  449  646
15  456  496
15  460  371
15  467  621
15  468  171,538,978,982
15  473  474,644,929
15  478  62
15  483  949
16  6  369,422
16  20  429
16  25  243,371,635
16  26  206,562
16  35  146,527
16  36  460
16  47  974
16  65  524
16  72  97,664
16  91  929
16  93  664
16  105  116,429,609
16  113  753
16  122  198,820
16  125  251,485
16  145  393,538,870,978
16  150  28,877
16  163  195,393
16  183  522
16  195  146,216,527
16  203  485
16  204  417
16  212  779
16  215  251
16  238  113
16  249  22
16  252  113
16  271  429
16  274  623
16  276  66,363
16  277  417,763
16  281  22,488,811
16  282  22
16  294  623
16  297  621
16  302  216
16  305  959
16  306  97
16  314  650
16  320  652
16  331  563
16  333  22
16  339  63
16  346  289,563
16  354  251
16  359  460,623,846
16  365  261,851
16  369  22,187
16  383  877
16  385  929
16  396  929
16  402  525
16  405  808
16  411  22
16  416  474,644
16  424  525,727,811
16  426  460,488,663,811
16  432  113
16  437  485,664
16  441  488,811
16  444  216
16  451  865
16  453  66
16  454  251,865
16  458  171,982
16  463  97,623,846
16  468  487
16  474  243,635
16  485  153,417
16  486  127
16  489  180,556,623,809
16  493  865
16  497  22,216,711,717,949
17  9  204,251
17  18  153,180,556,809
17  28  460,609,650,692
17  39  563,652
17  62  636,831
17  65  843
17  67  187
17  73  171,367,865,982
17  74  251
17  78  216,470
17  79  623
17  85  66,187
17  101  371
17  105  371
17  108  429
17  110  62
17  116  319
17  117  522,650
17  129  28,877
17  131  261,851
17  138  198,820
17  142  190,358,725
17  147  156
17  149  663
17  151  843,959
17  152  692
17  157  779
17  167  488,811
17  170  734
17  171  187,219,785
17  191  198,820
17  195  485
17  196  417
17  199  763
17  201  113
17  202  190,358,371,725
17  203  663
17  205  763
17  215  522,563,623
17  221  251
17  224  763
17  230  460
17  235  417
17  237  753
17  248  929
17  258  369
17  261  393,649
17  267  195,393,623
17  270  28
17  274  180,556,809
17  282  113
17  284  190,358,725
17  296  931
17  309  525,820
17  317  422,820
17  320  84,187,649
17  322  22
17  324  439
17  344  519
17  346  684
17  354  201
17  360  460
17  364  525
17  365  460
17  378  66
17  380  243,635
17  387  251,609
17  403  522
17  408  877
17  410  10,207,955
17  411  522
17  412  899
17  423  207,650,955
17  426  66,460
17  427  650,782
17  431  460
17  434  22,974
17  440  524
17  444  66
17  447  949
17  454  623
17  458  485
17  460  289
17  463  355,747
17  464  180,556,809
17  467  187
17  470  28
17  472  763
17  489  216
17  493  97,216,711
17  496  417
18  7  187
18  21  319
18  24  763
18  25  763
18  27  216
18  32  579
18  35  198,764
18  36  22,502
18  39  621
18  53  609,974
18  54  865
18  58  66
18  59  663
18  71  22
18  76  843
18  92  251,371
18  93  319,398
18  97  10,207,955
18  101  865
18  104  519
18  115  22
18  116  156
18  117  474,644
18  128  579
18  129  859
18  136  763
18  138  251,522
18  140  319
18  151  895
18  155  22
18  158  474,644
18  161  261,865,895
18  162  97
18  165  28,877
18  167  190,358,725
18  168  153
18  170  66,429
18  174  367
18  180  417
18  181  22,127
18  182  243,635,770
18  184  684
18  194  460
18  201  62,207,417,955
18  205  22
18  209  727
18  210  219
18  222  877
18  231  219
18  233  371
18  235  522,563
18  237  146,417,527
18  250  460
18  251  146,527
18  253  113
18  255  195,393,538,978
18  257  187,524,623
18  259  319
18  267  371,785
18  270  375
18  278  113,623
18  285  120,594
18  286  496
18  287  974
18  298  198,460,820
18  317  485
18  326  519
18  330  621
18  336  273
18  340  797
18  343  219
18  345  62
18  346  959
18  352  63
18  354  422,485,652
18  361  130
18  363  460
18  370  251,974
18  372  273
18  390  609
18  399  538,978
18  403  398,474,488,644,811
18  418  563
18  421  563
18  433  22,763
18  438  355,460,747
18  439  820
18  443  207,955
18  447  623
18  455  204
18  459  460
18  462  519
18  467  417
18  472  623
18  473  525,929
18  481  562
18  488  22,717,949
19  10  877
19  12  865
19  20  371
19  21  460
19  32  187,488,811
19  33  206,562
19  38  36
19  53  650
19  58  460
19  62  563
19  71  243,635
19  72  563
19  93  727,811
19  94  763,929
19  108  519
19  114  261,460,851
19  122  538,978
19  123  811
19  126  621
19  128  460
19  130  198,820
19  157  375
19  161  663
19  164  135,621
19  172  563
19  180  371
19  183  251
19  187  524
19  188  417
19  192  319
19  193  398
19  197  779
19  202  97
19  203  623
19  205  22
19  213  153
19  217  488,811
19  221  865
19  227  66,329,936
19  229  522,763
19  231  251,808
19  233  289
19  246  146,527,763,843
19  257  84
19  258  820
19  259  460
19  266  207,684,955
19  268  363
19  269  460
19  278  609
19  279  303,728
19  282  251
19  303  785
19  307  398
19  308  579
19  309  422
19  310  251
19  321  579
19  328  251
19  330  524
19  336  563,652
19  350  522
19  363  563
19  365  63
19  386  865
19  388  116
19  389  232
19  404  207,955
19  410  519
19  413  563,865
19  415  28,877
19  427  859
19  435  62
19  436  66,579
19  437  97,251
19  448  261,895
19  449  367
19  462  579
19  463  198,820
19  469  974
19  473  206,562
19  474  243,635
19  477  251
19  487  195,251,393
19  489  522
19  498  843
20  7  865
20  13  113
20  23  355,496,747
20  33  251,369
20  37  525,820
20  38  753
20  40  496,865
20  49  206,562
20  58  579
20  59  865
20  72  319
20  79  180,556,809
20  83  94,243,635,820
20  98  734
20  106  363
20  108  522,820
20  111  621
20  112  877
20  114  327,865
20  116  646
20  120  525
20  131  496
20  132  689
20  139  22,206,562,779
20  153  753,763
20  156  201
20  158  563
20  159  485
20  162  355,747
20  164  398
20  166  525,563
20  174  623
20  175  243,635
20  176  763
20  183  652
20  188  502,522
20  200  84,113
20  218  398,579
20  222  753
20  227  251
20  234  190,216,358,646,725
20  237  652
20  238  865
20  247  303,728
20  258  261,851
20  259  130
20  260  261,851
20  263  563
20  266  130,289
20  278  146,488,527,811
20  280  779
20  283  488,525,811
20  296  974
20  303  487
20  308  460
20  314  369
20  318  488,811
20  321  843
20  328  190,358,398,725
20  338  579,684
20  344  187,206,562,779
20  353  156,877
20  366  28,877
20  367  22
20  370  623
20  378  398
20  386  251,522
20  393  198,820
20  394  22
20  395  621
20  402  63,579,786
20  406  820
20  411  375
20  423  243,417,635
20  424  22
20  425  485
20  429  201,779
20  441  251,261,851
20  444  516,596
20  445  371
20  447  519
20  449  127,289
20  454  663
20  466  198,820
20  477  251
20  483  763
20  487  261,851
20  499  429
21  4  646
21  12  460
21  14  221
21  21  66
21  26  195,393
21  36  66,153
21  37  646
21  40  156,355,734,747
21  41  929,946
21  54  63
21  61  130,417
21  66  319,417
21  75  524
21  76  22
21  85  261,895
21  93  219
21  94  84
21  97  375,877
21  109  251
21  113  488,811
21  116  243,398,635
21  119  417,843
21  122  113
21  148  363,733,779,785,797
21  151  496,982
21  155  251
21  157  488,811,877
21  158  684
21  166  187,417
21  172  206,562
21  173  195,393,519
21  176  429,949
21  178  865
21  187  417
21  192  22
21  197  195,393
21  200  488,811
21  203  474,644
21  204  621
21  207  522
21  213  251,522,733,797
21  223  22
21  231  398
21  233  689
21  244  187
21  245  623
21  246  524
21  251  97,206,562,623
21  258  216
21  264  113,146,527
21  271  319,820
21  282  156
21  283  251
21  285  485
21  301  251
21  307  22
21  311  187
21  322  522,785
21  339  950,983
21  357  22,646
21  366  22,877
21  370  563
21  371  375
21  379  22
21  384  135
21  391  779
21  393  62,692
21  395  146,527
21  401  785
21  407  367,579,763
21  408  522
21  412  865
21  418  684
21  432  843
21  434  66,422,538,978
21  447  649
21  449  733,763
21  465  417,460
21  466  146,371,527
21  468  524,877
21  499  524
22  7  207,955
22  11  525
22  24  779
22  27  417
22  29  113,779,974
22  31  664,727,811
22  32  355,747
22  41  417
22  47  538,978
22  53  623
22  57  97,198,820
22  59  84
22  61  243,635
22  73  982
22  74  623
22  79  664
22  80  623,734
22  81  97
22  88  251,417
22  97  130,251,522,579
22  103  273
22  109  156
22  111  417
22  115  734
22  117  563
22  122  488,811
22  136  562
22  137  843
22  141  251
22  150  865
22  153  367,488,811
22  158  877
22  162  733,797
22  163  422,684
22  170  251,974
22  174  261,851
22  176  22
22  182  113
22  183  820
22  202  563
22  207  663
22  208  843
22  214  319
22  215  502
22  224  727,811,865
22  240  519,859
22  245  865
22  250  646
22  253  623,846
22  256  320,417,655
22  259  66,563
22  260  929
22  261  538,978
22  263  865
22  268  303,728
22  280  63,422
22  287  664
22  289  859,865
22  294  180,417,556,809
22  300  319
22  307  663
22  310  187
22  321  522
22  322  865
22  325  417
22  326  251
22  329  232
22  362  485
22  365  113
22  368  113
22  375  753
22  382  734
22  384  251,488,811
22  390  417
22  391  997
22  397  621
22  400  327
22  417  727,811
22  428  393,870
22  431  522
22  433  143
22  436  307,664
22  452  460
22  455  974
22  463  273,496
22  471  221
22  487  66
22  491  417
22  495  198,422,820
23  4  974
23  8  130
23  19  646
23  21  488,811
23  24  460
23  37  113
23  52  487
23  60  369,978
23  62  371,929
23  76  895
23  84  207,955
23  86  113
23  88  519
23  96  319
23  97  22,417
23  99  646
23  101  289
23  125  143,929
23  128  496
23  129  931
23  134  156
23  152  243,635,727,811
23  156  439
23  166  303,728,877
23  168  621
23  173  251
23  174  579
23  175  62,525
23  177  487
23  180  28,261,851,877
23  182  363,398
23  192  929
23  193  190,358,725
23  207  623,865
23  209  371,417
23  212  130
23  214  398
23  228  251
23  230  485
23  231  692
23  234  538,978
23  251  180,556,809
23  252  488,865,877
23  258  22,717,949
23  259  859
23  262  251
23  263  198,764
23  265  28,877,929
23  266  187
23  273  623
23  279  439
23  287  251,522
23  289  243,635
23  290  261,851
23  296  303,538,728
23  302  563
23  309  689,865
23  319  843
23  324  519
23  329  63
23  337  180,243,485,556,635,809
23  341  820
23  342  785
23  354  671
23  360  22
23  362  623
23  370  460
23  379  327
23  388  485,538,978
23  390  198,820
23  392  143
23  403  563,865
23  409  422
23  412  22
23  418  187
23  425  198,522,820
23  430  488,811
23  434  327,671
23  443  429
23  457  877
23  459  865
23  465  859
23  486  97,251
23  487  63,763
23  488  146,180,527,809
23  492  219,770
23  494  496
23  496  22
23  498  319
24  1  190,358,725
24  7  579
24  8  865
24  10  180,556,809
24  25  460
24  28  84,97
24  35  22
24  37  460,488,811
24  48  664
24  58  113
24  62  684
24  69  488,811,843
24  75  689
24  83  692
24  88  623
24  98  563
24  101  974
24  103  474,644
24  108  319
24  114  66
24  115  22
24  121  929
24  132  201
24  138  289
24  148  785
24  154  609,646
24  161  460
24  172  393,870
24  174  251,522
24  176  171,649,982
24  194  319,417
24  207  519
24  210  398
24  211  627
24  217  991,997
24  234  22,717,949
24  239  727
24  242  22,820
24  248  216
24  264  187
24  286  62,130
24  293  207,955
24  299  66
24  304  820
24  309  171,982
24  316  195,393
24  317  646
24  321  367,895
24  326  63,206,562
24  327  187
24  342  460,664,865
24  344  22,171,717,949,982
24  345  689
24  350  22
24  352  198,820
24  354  460,689
24  357  97
24  365  488,811
24  376  84,664
24  383  22
24  393  692,808
24  399  563
24  403  684
24  407  307
24  413  130
24  415  652
24  423  187,474,522,644
24  425  66
24  427  84
24  439  664
24  442  244
24  446  753
24  455  997
24  458  522
24  464  355,747
24  476  190,358,725
24  477  679
24  494  650
24  495  84
24  498  865,895
25  6  623
25  11  375
25  16  877
25  23  28,417,877
25  25  734
25  28  355,747
25  30  422
25  31  417
25  42  329,936
25  44  22,717,785,949
25  50  727,811
25  51  195,393,820
25  52  251
25  55  22,198,820
25  56  417,579
25  67  393,870
25  71  251,563
25  73  843
25  75  22
25  90  66,652
25  92  991,997
25  94  460
25  96  763
25  98  519
25  100  207,955
25  107  201,398
25  118  22,717,949
25  119  895
25  123  113
25  125  623,779
25  128  195,393
25  131  22,663
25  137  204
25  155  865
25  161  763
25  165  646
25  169  363,375,623
25  170  371
25  173  623
25  174  243,635
25  175  877
25  178  865
25  186  62,251
25  192  579
25  194  820
25  206  649
25  214  201
25  215  180,556,809
25  225  417
25  248  156
25  256  974
25  260  97
25  261  393,870
25  270  623
25  274  650
25  275  524
25  277  763
25  282  153
25  288  113,831
25  292  251,502
25  300  371
25  301  143,865
25  311  251
25  314  649
25  321  187
25  338  398
25  342  652
25  344  393,870
25  347  156
25  353  22,251,488,621,811
25  355  251,646
25  365  251,261,522
25  367  417
25  373  371
25  376  319,664
25  378  369
25  384  289
25  394  684
25  397  538,978
25  398  113
25  411  652
25  413  22,367
25  455  398,417,488,811
25  457  417
25  471  355,747
25  475  261,689,851
25  481  146,527
25  484  251
25  492  363,865
25  495  146,527
26  1  519
26  6  689
26  11  113
26  15  371
26  20  221
26  29  243,635
26  32  273
26  37  97,877
26  42  474,644
26  54  66
26  58  811
26  59  207,946,955
26  72  66,684
26  73  485,895
26  76  84,974
26  83  684
26  86  488,811
26  101  303,538,728,859,978
26  102  417
26  106  727,811
26  110  251
26  111  206
26  125  66
26  129  303,728
26  134  329,936
26  143  97
26  144  974
26  147  522
26  154  97
26  164  485
26  171  201
26  175  524,949
26  186  779
26  189  113,417
26  191  84
26  193  982
26  211  529
26  212  195,393
26  214  22
26  217  251,609
26  222  899
26  223  195,393
26  226  251
26  229  319,974
26  230  522
26  238  261,895
26  240  320,655
26  242  623,820
26  244  460
26  245  563,649
26  247  243,439,635
26  255  417,487
26  256  538,978
26  269  733
26  276  261
26  280  579
26  281  190,358,725,734
26  282  488,811
26  293  770
26  296  843
26  299  538,978
26  303  929
26  307  153,485
26  308  219
26  314  84,865
26  339  929
26  340  460,929
26  342  22
26  347  865
26  362  204,779
26  363  153
26  366  371
26  368  22,62,97
26  371  727,811
26  373  261,851
26  382  375
26  390  146,527
26  399  684
26  402  422
26  406  460
26  409  97
26  412  600,666,884
26  413  363
26  421  485
26  425  146,522,527
26  432  502
26  436  28,563,877
26  437  355,747
26  439  319
26  445  22
26  447  460
26  456  187
26  457  63
26  460  843
26  475  485
26  477  623
26  481  204
26  486  623
26  487  579,865
26  488  198,764
26  492  621,865
27  7  66,307
27  11  171,982
27  17  207,955
27  19  204,865
27  26  417
27  27  375
27  36  171
27  37  171,355,747,982
27  40  22
27  42  460
27  43  779
27  50  62,261,851,877
27  61  261,524,851
27  64  663
27  69  417,895
27  83  417,470
27  90  485
27  91  22
27  98  206,562
27  99  97,652
27  112  63,97
27  116  974
27  123  207,955
27  126  609
27  133  563,974
27  152  563
27  154  146,417,527
27  172  369
27  178  153,201,679
27  180  66,289
27  185  684
27  189  488,811
27  190  689
27  202  289
27  205  113
27  212  206,562,600,666,884
27  214  692
27  215  684,997
27  227  865
27  234  487
27  237  198,525,764
27  243  204,649
27  253  22,355,747
27  257  62,417,929
27  260  97
27  264  727,811
27  265  429
27  271  369
27  275  251,522,579
27  296  22
27  297  485
27  300  289,727,811
27  310  865
27  312  113
27  323  516,596
27  325  563
27  333  371
27  359  66,243,635
27  360  66
27  364  171,802,865,982
27  365  66
27  366  899
27  378  485,522
27  382  204
27  390  636,831
27  391  621
27  392  190,219,358,725
27  396  519
27  402  689
27  407  562
27  408  371
27  410  623
27  416  763
27  421  623,846
27  441  216,652
27  450  251,623
27  452  66
27  456  180,243,556,635,733,797,809
27  459  600,666,884
27  467  522
27  470  251,843
27  485  488,811
27  491  375,488,811
27  495  62,327,671
28  13  488,811
28  29  623,846,946
28  33  393,870
28  45  393,870
28  59  22
28  61  251,525
28  69  802,929
28  70  487
28  75  623
28  79  319
28  81  623
28  98  877
28  105  289
28  111  813
28  123  232
28  128  113
28  131  398
28  134  375,496
28  144  201
28  150  66
28  155  153,201,623
28  159  516,596
28  160  97
28  170  289,865
28  172  417
28  177  763
28  179  66,319
28  182  221,488,811,820
28  195  198,764
28  206  22
28  233  171,329,982
28  234  153
28  237  10
28  239  496,664
28  244  485
28  245  684
28  252  563
28  260  261,355,747,851
28  261  579
28  264  190,198,358,725,764
28  265  563
28  267  779
28  279  865
28  286  195,393
28  293  216
28  316  207,955
28  320  62
28  328  538,978
28  348  274,443,673
28  350  460
28  359  307
28  367  153
28  368  609
28  371  524
28  378  496
28  391  187,579,865
28  406  422,929
28  416  563,664
28  422  204
28  428  28,865,877
28  429  187
28  434  487,689
28  452  22
28  456  22,865
28  461  865
28  466  198,764
28  469  646
28  470  623
28  472  116,180,216,417,556,809
28  473  66,563
28  480  865
28  484  187
28  487  84
29  6  525,959
29  19  153,843
29  20  130
29  21  190,358,725
29  22  195,393
29  25  22
29  28  429
29  31  496
29  34  190,251,358,522,725
29  37  273
29  53  180,487,556,809
29  63  135
29  72  216
29  80  153,371
29  114  216
29  133  195,393
29  137  97,929
29  143  204,355,747
29  144  929
29  147  187,650,949
29  148  130,621
29  149  609
29  153  895
29  155  623,846
29  164  946
29  185  307
29  190  62
29  191  319
29  195  522,652
29  203  563
29  209  877
29  213  865
29  224  843
29  231  180,207,556,809,955
29  237  652
29  239  319
29  246  22
29  248  22,66,417,717,949
29  251  355,747
29  265  156,525
29  267  180,556,809
29  271  371
29  274  371
29  277  219,562
29  298  146,527
29  304  22
29  308  22
29  317  97,327,671
29  321  802
29  322  251,363,522,865,974
29  323  623
29  333  207,955
29  342  398,496
29  351  171,982
29  354  522
29  361  22
29  374  946
29  389  153
29  393  261,851
29  396  727,811
29  400  206,562
29  408  609
29  417  865
29  419  579
29  426  97,865
29  438  522
29  444  579
29  454  156
29  461  97
29  476  219
29  483  355,649,747
29  486  355,747
29  490  779
29  494  460
30  1  206,562
30  7  66
30  12  261,843,895
30  15  289
30  18  201,959
30  22  460
30  26  779
30  28  10,371,375
30  33  563
30  39  865
30  59  244
30  61  417
30  83  417
30  92  190,358,725
30  97  187
30  100  221
30  102  243,538,635,978
30  104  982
30  108  371
30  111  663
30  113  609
30  120  663
30  126  198,820,946
30  128  375
30  133  538,978
30  138  190,358,725
30  140  689
30  141  689
30  143  785
30  147  221
30  153  664
30  162  63,273
30  166  439
30  172  261,851
30  177  636,831,865
30  178  895
30  179  84,251
30  197  206,562
30  200  865
30  209  251
30  224  895
30  225  488,811
30  226  474
30  233  140
30  235  206,562
30  240  244,355,747
30  243  219
30  247  329,936
30  255  785
30  256  244
30  259  496
30  263  684
30  264  375
30  267  529
30  270  130
30  271  289,727,811
30  278  198,820
30  284  62,770
30  298  198,764
30  299  623
30  300  820
30  301  843
30  322  538,621,978
30  339  243,635
30  355  22
30  366  84
30  371  929
30  375  877
30  377  684
30  379  417
30  386  417
30  402  684
30  406  689
30  413  621
30  419  187
30  423  84,946
30  432  187
30  433  251
30  452  153,206,562
30  455  190,358,725
30  461  355,747
30  462  684
30  465  417
30  476  684
31  2  207,929,955
31  5  355,375,747
31  7  232
31  20  289
31  25  153,156
31  27  216,711
31  31  865
31  33  865
31  38  367
31  39  22,717,949
31  41  485
31  57  525
31  58  522
31  59  877
31  60  460
31  73  363
31  77  44,221,469
31  83  221
31  84  734
31  89  63
31  95  127,187
31  104  66,207,955
31  116  610
31  126  734
31  132  371
31  135  485
31  143  190,358,725
31  145  153
31  162  187
31  163  600,666,884
31  169  621
31  172  684
31  175  929
31  185  187,417,663
31  187  727,811
31  188  22,198,820
31  192  187
31  193  206,562,865
31  195  950,983
31  201  519
31  202  636,831
31  203  522
31  214  727,811
31  219  820
31  223  66
31  230  820
31  237  692
31  246  895
31  247  779
31  250  28,97,877
31  257  371,417
31  264  187
31  265  679
31  273  727,811
31  284  363
31  286  865
31  304  460
31  306  525
31  307  522
31  310  877
31  316  519
31  326  180,393,556,809,870
31  328  130,652
31  334  63,367
31  341  66,251
31  343  770
31  349  556,623,809
31  353  153,261,820,895
31  357  865
31  376  319,519
31  379  689
31  380  538,978
31  384  398
31  390  417
31  393  158,247
31  396  516,596
31  397  487
31  406  66
31  416  22
31  421  195,393
31  423  519
31  427  243,635
31  432  865,895
31  433  22
31  439  187
31  459  66
31  461  519
31  465  562
31  470  251
31  472  22,562,717,949
32  1  393,870
32  3  417,652
32  7  417
32  18  153
32  20  579
32  26  66
32  27  363
32  47  171,190,358,725,982
32  50  496
32  58  66,190,358,725
32  59  62
32  61  496
32  65  417
32  66  251,417
32  73  785
32  97  519,820
32  101  487
32  102  770
32  106  63
32  113  367
32  119  802
32  120  733
32  124  496
32  125  485,820
32  131  97,221
32  134  779
32  139  393,649,870
32  146  779
32  147  649
32  156  66,899
32  157  770
32  161  865
32  171  487
32  196  779
32  198  519
32  199  22,733,797
32  200  62,623,846
32  201  522
32  203  684
32  205  485
32  211  689
32  216  417,474,644
32  226  563
32  227  66
32  233  779
32  244  488,522
32  245  460
32  246  802
32  257  289,779
32  263  153
32  270  289,843
32  278  251
32  282  369
32  288  22
32  304  22
32  308  187,289,692
32  310  393,870
32  314  369
32  324  195,393
32  329  62
32  334  950
32  339  198,785,820
32  345  797
32  349  488,684,811
32  361  763
32  363  692
32  366  289
32  368  190,355,358,664,725,747
32  370  487
32  375  66
32  381  417,684,692
32  385  563
32  386  779
32  393  785
32  403  66,487
32  408  198,820
32  418  865
32  420  22
32  422  609
32  432  488,811
32  433  153
32  438  66,221
32  439  393,727,811,870
32  440  130
32  441  663
32  449  22
32  455  684
32  469  97
32  474  623
32  479  198,820
32  482  485
32  483  22
32  488  865
32  498  524
33  2  519
33  4  621
33  7  417
33  9  689
33  10  221
33  12  243,635,895
33  13  207,955
33  14  146,527
33  16  779
33  19  929
33  22  206,562,974
33  27  22
33  28  66,621
33  30  417
33  32  734
33  47  487
33  56  779,929
33  62  63
33  63  579
33  66  187,522
33  67  652
33  76  153
33  81  946
33  84  319,519,522
33  88  84
33  95  485
33  97  153
33  102  219,221
33  106  496
33  113  371
33  115  146,527,851
33  122  487
33  125  877
33  136  146,243,527,635
33  138  519
33  148  187
33  149  198,664,820
33  151  327,671
33  152  496
33  155  180,556,809
33  157  363
33  165  367
33  169  219
33  175  649
33  176  153,460
33  177  22
33  187  22,243,251,522,635
33  196  243,251,460,635
33  199  22
33  205  190,358,725
33  213  652
33  223  216
33  230  190,358,474,644,725
33  234  355,747
33  236  62,865
33  239  485
33  250  22
33  265  289
33  274  84,289,652
33  278  146,527,623
33  283  623
33  287  929
33  304  66
33  310  198,764
33  315  684
33  322  487
33  332  820
33  335  329,936
33  337  646
33  342  417
33  353  650
33  355  97
33  357  62,865
33  361  22
33  362  63,522
33  369  733,797
33  372  146,527
33  374  487,635
33  384  289,779
33  395  243,635
33  404  97
33  407  733,779
33  408  289
33  409  355,689,747
33  426  355,747
33  429  307
33  430  130
33  432  190,358,725,802,865
33  434  959
33  449  244
33  451  485
33  482  393,522,870
33  490  417
33  493  355,747
33  496  273
33  499  244,371
33  500  779
34  4  779
34  13  190,358,460,725
34  22  865
34  27  621,877
34  28  785
34  29  127,190,358,725
34  33  865
34  48  130
34  54  649,859
34  64  623
34  67  22,802
34  68  156
34  75  843
34  80  727,811
34  94  187
34  103  563
34  107  785
34  126  579,779
34  131  63,524,865
34  133  153,369,485,519
34  147  63,187
34  161  22,66
34  165  367
34  196  946
34  198  195,393,877
34  209  623
34  210  692
34  212  393,870
34  221  66
34  225  190,358,725
34  226  417,579,684
34  230  204,221
34  236  522
34  240  273
34  254  487
34  255  187
34  262  171,982
34  265  171,684,982
34  278  820,865
34  283  180,556,809
34  285  522
34  287  319
34  298  66
34  300  398
34  302  496
34  303  770
34  307  398,522
34  311  623
34  317  689
34  323  375,579,727,811
34  324  206,524,562
34  333  289,519
34  347  488,524,811,877
34  353  84,243,635,652
34  361  320,655
34  364  273
34  368  198,820
34  369  187
34  376  417,485
34  379  487
34  380  865
34  387  519
34  392  116
34  396  153
34  398  375
34  401  460
34  402  417,959
34  406  959
34  410  865
34  417  519
34  427  201,553,579
34  431  187
34  433  153
34  436  779
34  440  243,635
34  456  243,635
34  457  232,929
34  461  22,717,949
34  465  66
34  470  180,556,809
34  473  198,820
34  479  232
34  485  190,358,725
34  497  66,198
34  498  820
35  1  289
35  4  289
35  8  623
35  17  779
35  22  393,870
35  26  563
35  28  62,289
35  30  156
35  62  797
35  64  243,635
35  68  251
35  72  273,727,811
35  75  522
35  81  273
35  89  130
35  96  562
35  97  130,779
35  100  244
35  108  652
35  112  243,635,652
35  126  307
35  132  289
35  133  22,621,684
35  137  895
35  153  190,358,725
35  160  187
35  161  66,153,865
35  163  206,261,398,562
35  171  692
35  177  153
35  180  649
35  189  579
35  196  66
35  198  22,206,562
35  201  929
35  209  130,877
35  211  307
35  213  959
35  216  563
35  217  623
35  224  663,802
35  231  232
35  235  623,846
35  241  877
35  244  66
35  250  153,204
35  251  198,273,764
35  257  195,393,417
35  262  692
35  269  66,417
35  272  865
35  273  974
35  277  153
35  280  307
35  281  820
35  284  621
35  296  439
35  306  488,519,811
35  313  153,563
35  314  460
35  317  273
35  319  251
35  328  763
35  330  563
35  331  684
35  351  187
35  353  865
35  358  319
35  362  519
35  368  273,319
35  377  232
35  380  579
35  382  843
35  385  319,684
35  388  524
35  395  946
35  396  243,635
35  401  563
35  405  251,375,522
35  407  820
35  409  959
35  423  187
35  426  190,273,358,663,725
35  430  785
35  434  929
35  439  487
35  440  652,779,865
35  441  66
35  446  522
35  473  684,785
35  483  153
35  486  273
35  487  22
35  489  22,519,717,949
35  494  216
35  497  66
35  499  289
36  2  623
36  17  865
36  19  895
36  26  684
36  39  684
36  42  66,563
36  46  146,527
36  51  779,865
36  57  146,527
36  58  797
36  70  63,289
36  75  153
36  85  84,524
36  90  843
36  94  66,273
36  108  727,811
36  110  623
36  112  929
36  115  261,895
36  119  66
36  128  417
36  132  959
36  137  273
36  139  22,460
36  143  66
36  147  522
36  169  153,180,556,809
36  173  485
36  179  22,62,623
36  186  621
36  187  779
36  190  684
36  203  187
36  204  946
36  206  623
36  234  273
36  238  488,811
36  253  135,273
36  255  524
36  256  190,358,487,725
36  257  206,562,929
36  269  22,375
36  276  621
36  282  190,358,417,725
36  287  727,747,811
36  291  273
36  293  363
36  297  187,946
36  301  895
36  304  190,358,725
36  321  733,797
36  327  187
36  332  127
36  341  207,652,955
36  345  959
36  361  563
36  370  180,556,809
36  380  307,398
36  383  417
36  430  153
36  442  63
36  444  307
36  451  522
36  454  206,562
36  460  895
36  462  22,187
36  469  180,487,556,809
36  493  273
37  2  519
37  4  610,946
37  8  485
37  11  488,811
37  14  187
37  29  190,358,725
37  33  684
37  37  66
37  52  146,527
37  54  460
37  59  153
37  63  785
37  66  779
37  68  327,671,785
37  82  895
37  89  460
37  97  198,946
37  102  219,363
37  106  579
37  108  289,663
37  113  289,950,983
37  114  865
37  137  865
37  148  522
37  151  689
37  164  153,522
37  167  621
37  175  171,460,982
37  177  877
37  188  991,997
37  192  727,811
37  202  273
37  206  146,460,527
37  207  63
37  224  153
37  229  538,978
37  230  66
37  235  684
37  236  171,982
37  241  519,797
37  243  460
37  246  201
37  254  522
37  260  171,982
37  265  232
37  266  232
37  268  439,621
37  269  187
37  270  63,180,556,809
37  286  652
37  295  623
37  304  153
37  306  273
37  312  355,375,747
37  315  865
37  317  522,929
37  324  393,870
37  330  375
37  341  865
37  343  727,811
37  349  809
37  352  146,527
37  353  22,251
37  370  66,130
37  371  206,562
37  382  895
37  390  221,797
37  391  22
37  392  865
37  393  130,946
37  394  22,522,652,684
37  398  190,358,725
37  401  684
37  420  460
37  423  496
37  429  375
37  434  153
37  438  28,877
37  443  153
37  446  367
37  478  84
37  480  289
37  484  623
37  487  153,307
37  493  274,443,673
37  494  22,717,949
38  9  22,319
38  17  232
38  19  130
38  24  22,417,524
38  35  36,785
38  37  522,820
38  41  522
38  42  865
38  48  609
38  57  198,764
38  68  623
38  70  153
38  73  621,813
38  103  522,684
38  109  201,417
38  111  84
38  119  232
38  121  609
38  128  190,358,393,725,870
38  129  439
38  131  251,522
38  141  221
38  159  522,579
38  164  522
38  167  66
38  171  779
38  180  22
38  181  153
38  182  187
38  185  22
38  187  496
38  189  865
38  194  66,727,811
38  195  22
38  196  219,865
38  199  153
38  200  865
38  202  66
38  208  180,556,809,895
38  217  201
38  218  371
38  219  859
38  223  865
38  228  623
38  229  727,811
38  249  153
38  250  66
38  258  187
38  261  307,460
38  270  802
38  273  198,820
38  276  66
38  278  398
38  281  522
38  287  22,522
38  291  216
38  295  375
38  302  22,684,717,949
38  303  363
38  311  180,556,809
38  317  959
38  334  273
38  336  187
38  340  865
38  347  997
38  351  522,684
38  353  524
38  357  398
38  358  375
38  363  684
38  368  664
38  371  496
38  373  273
38  378  63,143
38  380  204
38  383  355,522,747
38  387  623,753
38  411  877
38  413  417,487
38  416  319
38  419  820
38  426  66
38  431  143
38  432  130
38  436  319,684,929
38  440  417
38  443  371
38  447  22,524,785
38  450  180,496,519,556,809
38  462  522
38  465  221
38  473  130,146,243,527,635,865
38  475  522,959
38  478  393,870
38  483  417
38  498  417
39  11  171,190,358,725,785,982
39  14  273
39  16  22
39  25  289,865
39  30  929
39  38  63,187,950,983
39  48  319
39  61  22,820
39  66  130,158,247
39  77  487
39  81  808
39  94  22
39  95  684
39  99  156,355,747
39  103  369
39  113  198,820
39  116  496
39  121  820
39  125  522
39  131  153,946
39  134  779
39  137  802
39  147  460,600
39  149  198,764
39  150  684,843
39  151  813,959
39  153  950,983
39  175  865
39  177  865
39  180  460
39  182  865
39  188  621
39  191  146,527
39  197  251
39  202  273
39  205  153
39  218  307
39  223  684
39  242  153
39  252  219,562
39  256  684,843
39  264  66
39  267  289
39  273  146,496,527,538,978
39  275  522
39  280  44,469,865
39  282  524
39  287  153
39  288  22,717,949
39  291  22,717,949
39  297  522
39  310  779
39  319  895
39  320  22
39  332  488,811
39  337  97
39  340  190,358,725
39  341  201
39  343  363,496,692
39  346  251,522
39  357  273
39  368  319
39  370  22,187
39  373  865,929
39  379  66
39  387  206,562
39  389  153
39  401  66
39  412  417
39  421  206,522,562
39  422  130,190,358,725
39  433  153
39  457  319
39  463  146,527
39  471  273
39  483  460
39  490  779
39  491  190,358,725
39  496  153
40  8  623
40  10  865
40  12  116
40  16  663
40  20  307
40  25  417
40  26  393,870
40  33  201
40  34  959
40  40  460
40  48  198,398,820
40  55  865
40  56  180,556,809
40  57  734
40  63  187
40  71  652
40  90  877
40  91  779,865
40  92  785
40  93  692
40  98  684
40  106  929
40  111  946
40  133  116,417
40  134  522
40  135  319,519
40  140  153,959
40  141  959
40  153  802
40  157  44,469
40  158  525
40  165  727,733,811
40  166  393,870
40  168  684
40  170  623
40  174  950,983
40  177  797
40  189  251,375
40  191  865
40  197  398
40  202  684
40  203  563
40  206  198,439,764
40  207  398
40  216  417,684
40  218  417,692
40  222  367,600,666,884
40  224  865
40  228  130
40  229  487
40  237  28,367,877
40  241  579,786
40  248  652,779
40  253  820
40  267  820
40  292  519
40  296  66,153
40  302  180,556,809
40  306  684
40  315  273
40  327  393,870
40  330  524
40  332  439
40  335  779
40  350  66,243,635
40  352  820
40  355  355,652,747
40  357  460
40  361  153
40  367  244
40  373  190,358,725
40  380  251,417
40  381  130
40  385  727,811
40  387  367
40  399  684
40  403  232
40  416  153,519
40  420  66
40  424  243,635
40  427  669
40  470  201
40  484  187,949
40  491  779
40  494  66,84
40  495  375
40  499  243,635
