1  4  429
1  7  460
1  8  460
1  19  763
1  26  460
1  38  865
1  43  621
1  44  216
1  45  519
1  48  609
1  56  251
1  60  949
1  66  733,797
1  67  251
1  70  429
1  71  763
1  75  417
1  76  28
1  77  84,251,417
1  78  261,663,851
1  91  417,865
1  95  63,369,563
2  1  525
2  14  261,609,646,733,797,895
2  16  63,579
2  35  609
2  36  820
2  39  646
2  45  195,393
2  60  649
2  62  113,474,644
2  63  251
2  67  28
2  75  422
2  79  251
2  93  519
3  2  929
3  5  646
3  8  251,522
3  13  113
3  19  243,635
3  21  949
3  26  519
3  27  261,851
3  51  417,519
3  54  949
3  65  143,609
3  68  460
3  81  621,865
3  84  664
3  86  525
3  94  646,929
4  1  113
4  3  251
4  4  100,239
4  9  664
4  20  135
4  29  417
4  30  949
4  34  221
4  35  198,820
4  38  22
4  39  97
4  43  417
4  58  485
4  67  733,797
4  69  28,877
4  91  320,655
4  93  195
4  97  22,417,733,797
4  100  974
5  7  28,609,877
5  9  422,621
5  13  488,811
5  15  460
5  16  519
5  19  22
5  29  251
5  46  609
5  59  763
5  64  609
5  66  664
5  69  28,207,955
5  77  62
5  78  94,820
5  83  219
5  97  763,865
5  98  474,644
6  3  623
6  11  525
6  14  97
6  18  609
6  36  763
6  41  621,623,846
6  49  485,763
6  59  621
6  62  219
6  70  251,371,763,974
6  72  474,644,646
6  74  609
6  75  28,485
6  87  859
6  94  785
6  96  664,763
7  3  180,556,809
7  8  522,525
7  16  206,251,562
7  18  422,623
7  21  649
7  26  195,393,417
7  29  113
7  42  417
7  52  609
7  62  429
7  63  859
7  68  485
7  69  113
7  70  538,978
7  77  652
7  80  664
7  82  753
7  86  929
7  90  251,460,519
7  91  417
7  94  579
7  98  474,644
7  100  320
8  1  859
8  3  28,251,877
8  7  130,198,820
8  12  485
8  15  66,261,329,851,936
8  17  329,936
8  21  329,664,936
8  23  63,646
8  30  474,644
8  34  261,422,851
8  42  417
8  43  946
8  47  113,727,811
8  63  623
8  73  753
8  82  367
9  2  221,460
9  11  502
9  12  28,820
9  16  763
9  18  763
9  25  156
9  26  519
9  33  519
9  39  251,355,747
9  40  949
9  45  206,562
9  49  22,519
9  55  113
9  61  84,261
9  65  28
9  69  865
9  76  763,865
9  78  22
9  82  28
9  93  206,562
9  98  130
10  1  820
10  5  97
10  13  460
10  23  97
10  33  28,519
10  35  763
10  43  929
10  47  525
10  52  113
10  58  460
10  66  485,865
10  68  66,488
10  75  763
10  77  198,820
10  78  153,221
10  80  429
10  82  865
10  88  763
10  97  243,635
10  98  524
10  100  460
11  1  429,488,811
11  8  251,398
11  16  130
11  19  28
11  64  198,820
11  65  865
11  67  733,763,797,843
11  68  116,579
11  70  22
11  71  785
11  75  251
11  83  474
11  84  485
11  87  417
12  2  28,66,251,877
12  6  130
12  7  417,865
12  8  66
12  13  66
12  18  22
12  20  488,865
12  29  621
12  30  219
12  32  646
12  34  113
12  40  649
12  52  974
12  53  251
12  62  488,811
12  73  417
12  84  243,635
12  87  216,865
12  88  22,650
12  91  22,779
12  94  97
12  100  679
13  8  243,635
13  12  525
13  16  779
13  22  243,635
13  25  429
13  28  646
13  34  488,811
13  39  273
13  58  636,831
13  74  198,820
13  78  417
13  85  650
13  88  153
13  91  244
13  95  733,797
13  98  563
14  6  251
14  10  10,865
14  15  779
14  21  779
14  52  488,811
14  57  460,609,646
14  63  524
14  69  232
14  77  974
14  82  243,635,843
14  87  538,978
14  88  417
14  92  113
15  1  371
15  4  371,417
15  7  460
15  16  522
15  18  689
15  22  519
15  24  524
15  28  219
15  29  623
15  33  130
15  46  198,820
15  48  733,797
15  49  153,195,393
15  67  820
15  72  460
15  73  770
15  80  251,319
15  90  195,393
15  96  949
15  97  733,797
16  6  369,422
16  20  429
16  25  243,371,635
16  26  206,562
16  35  146,527
16  36  460
16  47  974
16  65  524
16  72  97,664
16  91  929
16  93  664
17  9  204,251
17  18  153,180,556,809
17  28  460,609,650,692
17  39  563,652
17  62  636,831
17  65  843
17  67  187
17  73  171,367,865,982
17  74  251
17  78  216,470
17  79  623
17  85  66,187
18  7  187
18  21  319
18  24  763
18  25  763
18  27  216
18  32  579
18  35  198,764
18  36  22,502
18  39  621
18  53  609,974
18  54  865
18  58  66
18  59  663
18  71  22
18  76  843
18  92  251,371
18  93  319,398
18  97  10,207,955
19  10  877
19  12  865
19  20  371
19  21  460
19  32  187,488,811
19  33  206,562
19  38  36
19  53  650
19  58  460
19  62  563
19  71  243,635
19  72  563
19  93  727,811
19  94  763,929
20  7  865
20  13  113
20  23  355,496,747
20  33  251,369
20  37  525,820
20  38  753
20  40  496,865
20  49  206,562
20  58  579
20  59  865
20  72  319
20  79  180,556,809
20  83  94,243,635,820
20  98  734
21  4  646
21  12  460
21  14  221
21  21  66
21  26  195,393
21  36  66,153
21  37  646
21  40  156,355,734,747
21  41  929,946
21  54  63
21  61  130,417
21  66  319,417
21  75  524
21  76  22
21  85  261,895
21  93  219
21  94  84
21  97  375,877
22  7  207,955
22  11  525
22  24  779
22  27  417
22  29  113,779,974
22  31  664,727,811
22  32  355,747
22  41  417
22  47  538,978
22  53  623
22  57  97,198,820
22  59  84
22  61  243,635
22  73  982
22  74  623
22  79  664
22  80  623,734
22  81  97
22  88  251,417
22  97  130,251,522,579
23  4  974
23  8  130
23  19  646
23  21  488,811
23  24  460
23  37  113
23  52  487
23  60  369,978
23  62  371,929
23  76  895
23  84  207,955
23  86  113
23  88  519
23  96  319
23  97  22,417
23  99  646
24  1  190,358,725
24  7  579
24  8  865
24  10  180,556,809
24  25  460
24  28  84,97
24  35  22
24  37  460,488,811
24  48  664
24  58  113
24  62  684
24  69  488,811,843
24  75  689
24  83  692
24  88  623
24  98  563
25  6  623
25  11  375
25  16  877
25  23  28,417,877
25  25  734
25  28  355,747
25  30  422
25  31  417
25  42  329,936
25  44  22,717,785,949
25  50  727,811
25  51  195,393,820
25  52  251
25  55  22,198,820
25  56  417,579
25  67  393,870
25  71  251,563
25  73  843
25  75  22
25  90  66,652
25  92  991,997
25  94  460
25  96  763
25  98  519
25  100  207,955
26  1  519
26  6  689
26  11  113
26  15  371
26  20  221
26  29  243,635
26  32  273
26  37  97,877
26  42  474,644
26  54  66
26  58  811
26  59  207,946,955
26  72  66,684
26  73  485,895
26  76  84,974
26  83  684
26  86  488,811
27  7  66,307
27  11  171,982
27  17  207,955
27  19  204,865
27  26  417
27  27  375
27  36  171
27  37  171,355,747,982
27  40  22
27  42  460
27  43  779
27  50  62,261,851,877
27  61  261,524,851
27  64  663
27  69  417,895
27  83  417,470
27  90  485
27  91  22
27  98  206,562
27  99  97,652
28  13  488,811
28  29  623,846,946
28  33  393,870
28  45  393,870
28  59  22
28  61  251,525
28  69  802,929
28  70  487
28  75  623
28  79  319
28  81  623
28  98  877
29  6  525,959
29  19  153,843
29  20  130
29  21  190,358,725
29  22  195,393
29  25  22
29  28  429
29  31  496
29  34  190,251,358,522,725
29  37  273
29  53  180,487,556,809
29  63  135
29  72  216
29  80  153,371
30  1  206,562
30  7  66
30  12  261,843,895
30  15  289
30  18  201,959
30  22  460
30  26  779
30  28  10,371,375
30  33  563
30  39  865
30  59  244
30  61  417
30  83  417
30  92  190,358,725
30  97  187
30  100  221
31  2  207,929,955
31  5  355,375,747
31  7  232
31  20  289
31  25  153,156
31  27  216,711
31  31  865
31  33  865
31  38  367
31  39  22,717,949
31  41  485
31  57  525
31  58  522
31  59  877
31  60  460
31  73  363
31  77  44,221,469
31  83  221
31  84  734
31  89  63
31  95  127,187
32  1  393,870
32  3  417,652
32  7  417
32  18  153
32  20  579
32  26  66
32  27  363
32  47  171,190,358,725,982
32  50  496
32  58  66,190,358,725
32  59  62
32  61  496
32  65  417
32  66  251,417
32  73  785
32  97  519,820
33  2  519
33  4  621
33  7  417
33  9  689
33  10  221
33  12  243,635,895
33  13  207,955
33  14  146,527
33  16  779
33  19  929
33  22  206,562,974
33  27  22
33  28  66,621
33  30  417
33  32  734
33  47  487
33  56  779,929
33  62  63
33  63  579
33  66  187,522
33  67  652
33  76  153
33  81  946
33  84  319,519,522
33  88  84
33  95  485
33  97  153
34  4  779
34  13  190,358,460,725
34  22  865
34  27  621,877
34  28  785
34  29  127,190,358,725
34  33  865
34  48  130
34  54  649,859
34  64  623
34  67  22,802
34  68  156
34  75  843
34  80  727,811
34  94  187
35  1  289
35  4  289
35  8  623
35  17  779
35  22  393,870
35  26  563
35  28  62,289
35  30  156
35  62  797
35  64  243,635
35  68  251
35  72  273,727,811
35  75  522
35  81  273
35  89  130
35  96  562
35  97  130,779
35  100  244
36  2  623
36  17  865
36  19  895
36  26  684
36  39  684
36  42  66,563
36  46  146,527
36  51  779,865
36  57  146,527
36  58  797
36  70  63,289
36  75  153
36  85  84,524
36  90  843
36  94  66,273
37  2  519
37  4  610,946
37  8  485
37  11  488,811
37  14  187
37  29  190,358,725
37  33  684
37  37  66
37  52  146,527
37  54  460
37  59  153
37  63  785
37  66  779
37  68  327,671,785
37  82  895
37  89  460
37  97  198,946
38  9  22,319
38  17  232
38  19  130
38  24  22,417,524
38  35  36,785
38  37  522,820
38  41  522
38  42  865
38  48  609
38  57  198,764
38  68  623
38  70  153
38  73  621,813
39  11  171,190,358,725,785,982
39  14  273
39  16  22
39  25  289,865
39  30  929
39  38  63,187,950,983
39  48  319
39  61  22,820
39  66  130,158,247
39  77  487
39  81  808
39  94  22
39  95  684
39  99  156,355,747
40  8  623
40  10  865
40  12  116
40  16  663
40  20  307
40  25  417
40  26  393,870
40  33  201
40  34  959
40  40  460
40  48  198,398,820
40  55  865
40  56  180,556,809
40  57  734
40  63  187
40  71  652
40  90  877
40  91  779,865
40  92  785
40  93  692
40  98  684
