1  4  429
1  7  460
1  8  460
1  19  763
1  26  460
1  38  865
1  43  621
1  44  216
1  45  519
1  48  609
1  56  251
1  60  949
1  66  733,797
1  67  251
1  70  429
1  71  763
1  75  417
1  76  28
1  77  84,251,417
1  78  261,663,851
1  91  417,865
1  95  63,369,563
1  101  429
1  103  646
1  108  135,375
1  122  120,417,594
1  123  28,877
1  124  219,865
1  131  243,635,727,811
1  138  609
1  145  519
1  146  251
1  148  417
1  155  251
1  156  579
1  170  485
1  172  734
1  173  519
1  175  525
1  177  974
1  180  949
1  184  474,644,929
1  199  460
1  202  429
1  225  820
1  229  664
1  230  221,485
1  231  10,113
1  234  113
1  236  485
1  247  485
2  1  525
2  14  261,609,646,733,797,895
2  16  63,579
2  35  609
2  36  820
2  39  646
2  45  195,393
2  60  649
2  62  113,474,644
2  63  251
2  67  28
2  75  422
2  79  251
2  93  519
2  108  485
2  119  28,63
2  120  485,929
2  124  877,974
2  128  219
2  164  207,955
2  186  770
2  193  516,519,596
2  195  609,753,877
2  209  429
2  212  727,811
2  213  422,664
2  227  22,733
2  233  422,429
2  235  130,519
2  238  251
2  248  251,261,851
2  249  251,320,655
2  250  22
3  2  929
3  5  646
3  8  251,522
3  13  113
3  19  243,635
3  21  949
3  26  519
3  27  261,851
3  51  417,519
3  54  949
3  65  143,609
3  68  460
3  81  621,865
3  84  664
3  86  525
3  94  646,929
3  122  974
3  127  808
3  131  733,797
3  137  28,646
3  139  417,519
3  142  113
3  144  251
3  156  261,851
3  157  63
3  163  207,519,955
3  169  621
3  170  460
3  171  820
3  178  929
3  190  243,488,635,865
3  191  609
3  194  243,635
3  195  664
3  202  398
3  207  113
3  212  733,797
3  216  785
3  221  251
4  1  113
4  3  251
4  4  100,239
4  9  664
4  20  135
4  29  417
4  30  949
4  34  221
4  35  198,820
4  38  22
4  39  97
4  43  417
4  58  485
4  67  733,797
4  69  28,877
4  91  320,655
4  93  195
4  97  22,417,733,797
4  100  974
4  105  485
4  114  422
4  118  84,261,851
4  122  62
4  131  187,646
4  149  519,524
4  153  899
4  157  422
4  160  84
4  175  84,579
4  182  974
4  186  363
4  187  609
4  188  609
4  191  251
4  213  763
4  214  251
4  218  429
4  219  525
4  220  460,727,763,811
4  229  216,711
4  231  28,877
4  234  974
4  240  664
4  241  207,877,955
4  242  865
4  244  579
5  7  28,609,877
5  9  422,621
5  13  488,811
5  15  460
5  16  519
5  19  22
5  29  251
5  46  609
5  59  763
5  64  609
5  66  664
5  69  28,207,955
5  77  62
5  78  94,820
5  83  219
5  97  763,865
5  98  474,644
5  102  22
5  103  97
5  117  485
5  119  460
5  129  820
5  130  63
5  135  877
5  137  865
5  139  261,663,851
5  145  974
5  149  206
5  150  22
5  152  865
5  158  243,635
5  160  649
5  166  931
5  173  158,247
5  183  525
5  187  198
5  196  417,663
5  203  621
5  210  417
5  211  516,596,911
5  212  417,519
5  227  734
5  229  274,443,673
5  235  485
5  239  398
5  240  63,865
5  245  949
5  249  652
6  3  623
6  11  525
6  14  97
6  18  609
6  36  763
6  41  621,623,846
6  49  485,763
6  59  621
6  62  219
6  70  251,371,763,974
6  72  474,644,646
6  74  609
6  75  28,485
6  87  859
6  94  785
6  96  664,763
6  109  485,609
6  111  650,982
6  112  251,621,646
6  113  417,525
6  116  929
6  120  865
6  130  609
6  132  422
6  136  156
6  141  422
6  148  770
6  149  156
6  151  28
6  153  28,113
6  167  460
6  168  474,644,763
6  181  519
6  186  113,417
6  196  524
6  199  66
6  208  251
6  210  974
6  212  496
6  213  22,251
6  224  251
6  233  327,671
6  234  22
6  240  646
6  246  251
6  250  763
7  3  180,556,809
7  8  522,525
7  16  206,251,562
7  18  422,623
7  21  649
7  26  195,393,417
7  29  113
7  42  417
7  52  609
7  62  429
7  63  859
7  68  485
7  69  113
7  70  538,978
7  77  652
7  80  664
7  82  753
7  86  929
7  90  251,460,519
7  91  417
7  94  579
7  98  474,644
7  100  320
7  105  22
7  106  770
7  107  251,770
7  120  522
7  125  417
7  134  727,811
7  136  609
7  144  579,663
7  146  329,623,936
7  151  422
7  168  22
7  183  485
7  184  563
7  186  488,811
7  190  859
7  198  770
7  202  204,646
7  203  946
7  206  251
7  208  28
7  209  763
7  221  460
7  223  417,519
7  224  623
7  235  251,929
7  237  204,251
7  247  524,770
8  1  859
8  3  28,251,877
8  7  130,198,820
8  12  485
8  15  66,261,329,851,936
8  17  329,936
8  21  329,664,936
8  23  63,646
8  30  474,644
8  34  261,422,851
8  42  417
8  43  946
8  47  113,727,811
8  63  623
8  73  753
8  82  367
8  116  485,865
8  121  663
8  127  261,684,851
8  132  327,671
8  138  429
8  139  779
8  150  460
8  151  865
8  153  865
8  157  221
8  160  646
8  165  664
8  169  251,770
8  186  36
8  187  485
8  208  623
8  211  579
8  217  865
8  231  485
8  235  195,261,393,398,474,644,895
8  240  204
8  246  28,609
8  249  417,763
9  2  221,460
9  11  502
9  12  28,820
9  16  763
9  18  763
9  25  156
9  26  519
9  33  519
9  39  251,355,747
9  40  949
9  45  206,562
9  49  22,519
9  55  113
9  61  84,261
9  65  28
9  69  865
9  76  763,865
9  78  22
9  82  28
9  93  206,562
9  98  130
9  102  417
9  111  221,519
9  114  243,635
9  118  143
9  128  727,811
9  133  207,474,644,650,763,955
9  136  198,488,820,865
9  145  974
9  148  417
9  150  28,623,846
9  151  113
9  164  398
9  169  763
9  174  753
9  177  261,538,851,978
9  181  393
9  185  474,644
9  191  650,664
9  194  417,664
9  197  417
9  202  113
9  206  371,609
9  218  525,820
9  219  171,982
9  236  877
10  1  820
10  5  97
10  13  460
10  23  97
10  33  28,519
10  35  763
10  43  929
10  47  525
10  52  113
10  58  460
10  66  485,865
10  68  66,488
10  75  763
10  77  198,820
10  78  153,221
10  80  429
10  82  865
10  88  763
10  97  243,635
10  98  524
10  100  460
10  105  10
10  114  820
10  119  28,877
10  128  519,522
10  139  763
10  145  66,538,978
10  147  609
10  151  865
10  155  763
10  162  646
10  172  519
10  173  519,609,727
10  177  120,594
10  178  28
10  180  251
10  188  485
10  194  663
10  195  261,319,851
10  202  474,644
10  207  22,485
10  209  22
10  213  689
10  224  28,609
10  225  195,204,393
10  237  219
10  238  623
10  241  636
10  250  623,846
11  1  429,488,811
11  8  251,398
11  16  130
11  19  28
11  64  198,820
11  65  865
11  67  733,763,797,843
11  68  116,579
11  70  22
11  71  785
11  75  251
11  83  474
11  84  485
11  87  417
11  112  66
11  115  865
11  116  929
11  139  195,251,393,522
11  145  22,487
11  156  63,251,460
11  168  460
11  171  974
11  179  243,635,664,785
11  181  63
11  182  485
11  186  84
11  190  422
11  201  84
11  210  733,797
11  231  623
11  232  422
11  239  219
11  243  929,949
11  247  363
11  248  460
12  2  28,66,251,877
12  6  130
12  7  417,865
12  8  66
12  13  66
12  18  22
12  20  488,865
12  29  621
12  30  219
12  32  646
12  34  113
12  40  649
12  52  974
12  53  251
12  62  488,811
12  73  417
12  84  243,635
12  87  216,865
12  88  22,650
12  91  22,779
12  94  97
12  100  679
12  103  485
12  113  113,429
12  140  22,664
12  148  485
12  150  563
12  157  113
12  163  474,644
12  164  485,519
12  165  84
12  171  664
12  181  763
12  188  609
12  202  460
12  206  949
12  219  422
12  220  66
12  223  877
12  227  251,460
12  241  130,997
12  246  198,820,865
13  8  243,635
13  12  525
13  16  779
13  22  243,635
13  25  429
13  28  646
13  34  488,811
13  39  273
13  58  636,831
13  74  198,820
13  78  417
13  85  650
13  88  153
13  91  244
13  95  733,797
13  98  563
13  101  931
13  102  974
13  108  207,955
13  111  22
13  119  865
13  122  609
13  133  120,594
13  135  623,846,865,929
13  140  327,671
13  152  646
13  153  488,843,865
13  180  663
13  182  417
13  189  22,156,516,596
13  190  474,644
13  192  243,635,664
13  214  219,243,635,664
13  215  485
13  227  243,635
13  236  84
13  239  692
13  243  899
13  247  319
13  250  251
14  6  251
14  10  10,865
14  15  779
14  21  779
14  52  488,811
14  57  460,609,646
14  63  524
14  69  232
14  77  974
14  82  243,635,843
14  87  538,978
14  88  417
14  92  113
14  108  664
14  109  522
14  110  84
14  116  398,485
14  133  519,636,831
14  138  113
14  144  877
14  147  733,797,899
14  157  329,936
14  164  22
14  165  204,319
14  167  113
14  168  261,851
14  169  946
14  180  429
14  185  563
14  190  327,563,671
14  193  113
14  195  251
14  201  485
14  210  417,538,978
14  217  113,251,502
14  220  219,982
14  221  28,652,877
14  225  113
14  232  44,469
14  234  156
14  239  846
14  242  763
14  245  251
14  246  734
15  1  371
15  4  371,417
15  7  460
15  16  522
15  18  689
15  22  519
15  24  524
15  28  219
15  29  623
15  33  130
15  46  198,820
15  48  733,797
15  49  153,195,393
15  67  820
15  72  460
15  73  770
15  80  251,319
15  90  195,393
15  96  949
15  97  733,797
15  102  779
15  104  460
15  111  63,195,393
15  127  417
15  135  490
15  138  207,371,955
15  143  113,243,429,635
15  151  689
15  152  97
15  168  563
15  173  198,820
15  176  525
15  178  485
15  193  877
15  195  198,727,811,820
15  198  621
15  207  375
15  208  563
15  213  319
15  214  663
15  220  496
15  240  97
15  243  949
15  245  417
16  6  369,422
16  20  429
16  25  243,371,635
16  26  206,562
16  35  146,527
16  36  460
16  47  974
16  65  524
16  72  97,664
16  91  929
16  93  664
16  105  116,429,609
16  113  753
16  122  198,820
16  125  251,485
16  145  393,538,870,978
16  150  28,877
16  163  195,393
16  183  522
16  195  146,216,527
16  203  485
16  204  417
16  212  779
16  215  251
16  238  113
16  249  22
17  9  204,251
17  18  153,180,556,809
17  28  460,609,650,692
17  39  563,652
17  62  636,831
17  65  843
17  67  187
17  73  171,367,865,982
17  74  251
17  78  216,470
17  79  623
17  85  66,187
17  101  371
17  105  371
17  108  429
17  110  62
17  116  319
17  117  522,650
17  129  28,877
17  131  261,851
17  138  198,820
17  142  190,358,725
17  147  156
17  149  663
17  151  843,959
17  152  692
17  157  779
17  167  488,811
17  170  734
17  171  187,219,785
17  191  198,820
17  195  485
17  196  417
17  199  763
17  201  113
17  202  190,358,371,725
17  203  663
17  205  763
17  215  522,563,623
17  221  251
17  224  763
17  230  460
17  235  417
17  237  753
17  248  929
18  7  187
18  21  319
18  24  763
18  25  763
18  27  216
18  32  579
18  35  198,764
18  36  22,502
18  39  621
18  53  609,974
18  54  865
18  58  66
18  59  663
18  71  22
18  76  843
18  92  251,371
18  93  319,398
18  97  10,207,955
18  101  865
18  104  519
18  115  22
18  116  156
18  117  474,644
18  128  579
18  129  859
18  136  763
18  138  251,522
18  140  319
18  151  895
18  155  22
18  158  474,644
18  161  261,865,895
18  162  97
18  165  28,877
18  167  190,358,725
18  168  153
18  170  66,429
18  174  367
18  180  417
18  181  22,127
18  182  243,635,770
18  184  684
18  194  460
18  201  62,207,417,955
18  205  22
18  209  727
18  210  219
18  222  877
18  231  219
18  233  371
18  235  522,563
18  237  146,417,527
18  250  460
19  10  877
19  12  865
19  20  371
19  21  460
19  32  187,488,811
19  33  206,562
19  38  36
19  53  650
19  58  460
19  62  563
19  71  243,635
19  72  563
19  93  727,811
19  94  763,929
19  108  519
19  114  261,460,851
19  122  538,978
19  123  811
19  126  621
19  128  460
19  130  198,820
19  157  375
19  161  663
19  164  135,621
19  172  563
19  180  371
19  183  251
19  187  524
19  188  417
19  192  319
19  193  398
19  197  779
19  202  97
19  203  623
19  205  22
19  213  153
19  217  488,811
19  221  865
19  227  66,329,936
19  229  522,763
19  231  251,808
19  233  289
19  246  146,527,763,843
20  7  865
20  13  113
20  23  355,496,747
20  33  251,369
20  37  525,820
20  38  753
20  40  496,865
20  49  206,562
20  58  579
20  59  865
20  72  319
20  79  180,556,809
20  83  94,243,635,820
20  98  734
20  106  363
20  108  522,820
20  111  621
20  112  877
20  114  327,865
20  116  646
20  120  525
20  131  496
20  132  689
20  139  22,206,562,779
20  153  753,763
20  156  201
20  158  563
20  159  485
20  162  355,747
20  164  398
20  166  525,563
20  174  623
20  175  243,635
20  176  763
20  183  652
20  188  502,522
20  200  84,113
20  218  398,579
20  222  753
20  227  251
20  234  190,216,358,646,725
20  237  652
20  238  865
20  247  303,728
21  4  646
21  12  460
21  14  221
21  21  66
21  26  195,393
21  36  66,153
21  37  646
21  40  156,355,734,747
21  41  929,946
21  54  63
21  61  130,417
21  66  319,417
21  75  524
21  76  22
21  85  261,895
21  93  219
21  94  84
21  97  375,877
21  109  251
21  113  488,811
21  116  243,398,635
21  119  417,843
21  122  113
21  148  363,733,779,785,797
21  151  496,982
21  155  251
21  157  488,811,877
21  158  684
21  166  187,417
21  172  206,562
21  173  195,393,519
21  176  429,949
21  178  865
21  187  417
21  192  22
21  197  195,393
21  200  488,811
21  203  474,644
21  204  621
21  207  522
21  213  251,522,733,797
21  223  22
21  231  398
21  233  689
21  244  187
21  245  623
21  246  524
22  7  207,955
22  11  525
22  24  779
22  27  417
22  29  113,779,974
22  31  664,727,811
22  32  355,747
22  41  417
22  47  538,978
22  53  623
22  57  97,198,820
22  59  84
22  61  243,635
22  73  982
22  74  623
22  79  664
22  80  623,734
22  81  97
22  88  251,417
22  97  130,251,522,579
22  103  273
22  109  156
22  111  417
22  115  734
22  117  563
22  122  488,811
22  136  562
22  137  843
22  141  251
22  150  865
22  153  367,488,811
22  158  877
22  162  733,797
22  163  422,684
22  170  251,974
22  174  261,851
22  176  22
22  182  113
22  183  820
22  202  563
22  207  663
22  208  843
22  214  319
22  215  502
22  224  727,811,865
22  240  519,859
22  245  865
22  250  646
23  4  974
23  8  130
23  19  646
23  21  488,811
23  24  460
23  37  113
23  52  487
23  60  369,978
23  62  371,929
23  76  895
23  84  207,955
23  86  113
23  88  519
23  96  319
23  97  22,417
23  99  646
23  101  289
23  125  143,929
23  128  496
23  129  931
23  134  156
23  152  243,635,727,811
23  156  439
23  166  303,728,877
23  168  621
23  173  251
23  174  579
23  175  62,525
23  177  487
23  180  28,261,851,877
23  182  363,398
23  192  929
23  193  190,358,725
23  207  623,865
23  209  371,417
23  212  130
23  214  398
23  228  251
23  230  485
23  231  692
23  234  538,978
24  1  190,358,725
24  7  579
24  8  865
24  10  180,556,809
24  25  460
24  28  84,97
24  35  22
24  37  460,488,811
24  48  664
24  58  113
24  62  684
24  69  488,811,843
24  75  689
24  83  692
24  88  623
24  98  563
24  101  974
24  103  474,644
24  108  319
24  114  66
24  115  22
24  121  929
24  132  201
24  138  289
24  148  785
24  154  609,646
24  161  460
24  172  393,870
24  174  251,522
24  176  171,649,982
24  194  319,417
24  207  519
24  210  398
24  211  627
24  217  991,997
24  234  22,717,949
24  239  727
24  242  22,820
24  248  216
25  6  623
25  11  375
25  16  877
25  23  28,417,877
25  25  734
25  28  355,747
25  30  422
25  31  417
25  42  329,936
25  44  22,717,785,949
25  50  727,811
25  51  195,393,820
25  52  251
25  55  22,198,820
25  56  417,579
25  67  393,870
25  71  251,563
25  73  843
25  75  22
25  90  66,652
25  92  991,997
25  94  460
25  96  763
25  98  519
25  100  207,955
25  107  201,398
25  118  22,717,949
25  119  895
25  123  113
25  125  623,779
25  128  195,393
25  131  22,663
25  137  204
25  155  865
25  161  763
25  165  646
25  169  363,375,623
25  170  371
25  173  623
25  174  243,635
25  175  877
25  178  865
25  186  62,251
25  192  579
25  194  820
25  206  649
25  214  201
25  215  180,556,809
25  225  417
25  248  156
26  1  519
26  6  689
26  11  113
26  15  371
26  20  221
26  29  243,635
26  32  273
26  37  97,877
26  42  474,644
26  54  66
26  58  811
26  59  207,946,955
26  72  66,684
26  73  485,895
26  76  84,974
26  83  684
26  86  488,811
26  101  303,538,728,859,978
26  102  417
26  106  727,811
26  110  251
26  111  206
26  125  66
26  129  303,728
26  134  329,936
26  143  97
26  144  974
26  147  522
26  154  97
26  164  485
26  171  201
26  175  524,949
26  186  779
26  189  113,417
26  191  84
26  193  982
26  211  529
26  212  195,393
26  214  22
26  217  251,609
26  222  899
26  223  195,393
26  226  251
26  229  319,974
26  230  522
26  238  261,895
26  240  320,655
26  242  623,820
26  244  460
26  245  563,649
26  247  243,439,635
27  7  66,307
27  11  171,982
27  17  207,955
27  19  204,865
27  26  417
27  27  375
27  36  171
27  37  171,355,747,982
27  40  22
27  42  460
27  43  779
27  50  62,261,851,877
27  61  261,524,851
27  64  663
27  69  417,895
27  83  417,470
27  90  485
27  91  22
27  98  206,562
27  99  97,652
27  112  63,97
27  116  974
27  123  207,955
27  126  609
27  133  563,974
27  152  563
27  154  146,417,527
27  172  369
27  178  153,201,679
27  180  66,289
27  185  684
27  189  488,811
27  190  689
27  202  289
27  205  113
27  212  206,562,600,666,884
27  214  692
27  215  684,997
27  227  865
27  234  487
27  237  198,525,764
27  243  204,649
28  13  488,811
28  29  623,846,946
28  33  393,870
28  45  393,870
28  59  22
28  61  251,525
28  69  802,929
28  70  487
28  75  623
28  79  319
28  81  623
28  98  877
28  105  289
28  111  813
28  123  232
28  128  113
28  131  398
28  134  375,496
28  144  201
28  150  66
28  155  153,201,623
28  159  516,596
28  160  97
28  170  289,865
28  172  417
28  177  763
28  179  66,319
28  182  221,488,811,820
28  195  198,764
28  206  22
28  233  171,329,982
28  234  153
28  237  10
28  239  496,664
28  244  485
28  245  684
29  6  525,959
29  19  153,843
29  20  130
29  21  190,358,725
29  22  195,393
29  25  22
29  28  429
29  31  496
29  34  190,251,358,522,725
29  37  273
29  53  180,487,556,809
29  63  135
29  72  216
29  80  153,371
29  114  216
29  133  195,393
29  137  97,929
29  143  204,355,747
29  144  929
29  147  187,650,949
29  148  130,621
29  149  609
29  153  895
29  155  623,846
29  164  946
29  185  307
29  190  62
29  191  319
29  195  522,652
29  203  563
29  209  877
29  213  865
29  224  843
29  231  180,207,556,809,955
29  237  652
29  239  319
29  246  22
29  248  22,66,417,717,949
30  1  206,562
30  7  66
30  12  261,843,895
30  15  289
30  18  201,959
30  22  460
30  26  779
30  28  10,371,375
30  33  563
30  39  865
30  59  244
30  61  417
30  83  417
30  92  190,358,725
30  97  187
30  100  221
30  102  243,538,635,978
30  104  982
30  108  371
30  111  663
30  113  609
30  120  663
30  126  198,820,946
30  128  375
30  133  538,978
30  138  190,358,725
30  140  689
30  141  689
30  143  785
30  147  221
30  153  664
30  162  63,273
30  166  439
30  172  261,851
30  177  636,831,865
30  178  895
30  179  84,251
30  197  206,562
30  200  865
30  209  251
30  224  895
30  225  488,811
30  226  474
30  233  140
30  235  206,562
30  240  244,355,747
30  243  219
30  247  329,936
31  2  207,929,955
31  5  355,375,747
31  7  232
31  20  289
31  25  153,156
31  27  216,711
31  31  865
31  33  865
31  38  367
31  39  22,717,949
31  41  485
31  57  525
31  58  522
31  59  877
31  60  460
31  73  363
31  77  44,221,469
31  83  221
31  84  734
31  89  63
31  95  127,187
31  104  66,207,955
31  116  610
31  126  734
31  132  371
31  135  485
31  143  190,358,725
31  145  153
31  162  187
31  163  600,666,884
31  169  621
31  172  684
31  175  929
31  185  187,417,663
31  187  727,811
31  188  22,198,820
31  192  187
31  193  206,562,865
31  195  950,983
31  201  519
31  202  636,831
31  203  522
31  214  727,811
31  219  820
31  223  66
31  230  820
31  237  692
31  246  895
31  247  779
31  250  28,97,877
32  1  393,870
32  3  417,652
32  7  417
32  18  153
32  20  579
32  26  66
32  27  363
32  47  171,190,358,725,982
32  50  496
32  58  66,190,358,725
32  59  62
32  61  496
32  65  417
32  66  251,417
32  73  785
32  97  519,820
32  101  487
32  102  770
32  106  63
32  113  367
32  119  802
32  120  733
32  124  496
32  125  485,820
32  131  97,221
32  134  779
32  139  393,649,870
32  146  779
32  147  649
32  156  66,899
32  157  770
32  161  865
32  171  487
32  196  779
32  198  519
32  199  22,733,797
32  200  62,623,846
32  201  522
32  203  684
32  205  485
32  211  689
32  216  417,474,644
32  226  563
32  227  66
32  233  779
32  244  488,522
32  245  460
32  246  802
33  2  519
33  4  621
33  7  417
33  9  689
33  10  221
33  12  243,635,895
33  13  207,955
33  14  146,527
33  16  779
33  19  929
33  22  206,562,974
33  27  22
33  28  66,621
33  30  417
33  32  734
33  47  487
33  56  779,929
33  62  63
33  63  579
33  66  187,522
33  67  652
33  76  153
33  81  946
33  84  319,519,522
33  88  84
33  95  485
33  97  153
33  102  219,221
33  106  496
33  113  371
33  115  146,527,851
33  122  487
33  125  877
33  136  146,243,527,635
33  138  519
33  148  187
33  149  198,664,820
33  151  327,671
33  152  496
33  155  180,556,809
33  157  363
33  165  367
33  169  219
33  175  649
33  176  153,460
33  177  22
33  187  22,243,251,522,635
33  196  243,251,460,635
33  199  22
33  205  190,358,725
33  213  652
33  223  216
33  230  190,358,474,644,725
33  234  355,747
33  236  62,865
33  239  485
33  250  22
34  4  779
34  13  190,358,460,725
34  22  865
34  27  621,877
34  28  785
34  29  127,190,358,725
34  33  865
34  48  130
34  54  649,859
34  64  623
34  67  22,802
34  68  156
34  75  843
34  80  727,811
34  94  187
34  103  563
34  107  785
34  126  579,779
34  131  63,524,865
34  133  153,369,485,519
34  147  63,187
34  161  22,66
34  165  367
34  196  946
34  198  195,393,877
34  209  623
34  210  692
34  212  393,870
34  221  66
34  225  190,358,725
34  226  417,579,684
34  230  204,221
34  236  522
34  240  273
35  1  289
35  4  289
35  8  623
35  17  779
35  22  393,870
35  26  563
35  28  62,289
35  30  156
35  62  797
35  64  243,635
35  68  251
35  72  273,727,811
35  75  522
35  81  273
35  89  130
35  96  562
35  97  130,779
35  100  244
35  108  652
35  112  243,635,652
35  126  307
35  132  289
35  133  22,621,684
35  137  895
35  153  190,358,725
35  160  187
35  161  66,153,865
35  163  206,261,398,562
35  171  692
35  177  153
35  180  649
35  189  579
35  196  66
35  198  22,206,562
35  201  929
35  209  130,877
35  211  307
35  213  959
35  216  563
35  217  623
35  224  663,802
35  231  232
35  235  623,846
35  241  877
35  244  66
35  250  153,204
36  2  623
36  17  865
36  19  895
36  26  684
36  39  684
36  42  66,563
36  46  146,527
36  51  779,865
36  57  146,527
36  58  797
36  70  63,289
36  75  153
36  85  84,524
36  90  843
36  94  66,273
36  108  727,811
36  110  623
36  112  929
36  115  261,895
36  119  66
36  128  417
36  132  959
36  137  273
36  139  22,460
36  143  66
36  147  522
36  169  153,180,556,809
36  173  485
36  179  22,62,623
36  186  621
36  187  779
36  190  684
36  203  187
36  204  946
36  206  623
36  234  273
36  238  488,811
37  2  519
37  4  610,946
37  8  485
37  11  488,811
37  14  187
37  29  190,358,725
37  33  684
37  37  66
37  52  146,527
37  54  460
37  59  153
37  63  785
37  66  779
37  68  327,671,785
37  82  895
37  89  460
37  97  198,946
37  102  219,363
37  106  579
37  108  289,663
37  113  289,950,983
37  114  865
37  137  865
37  148  522
37  151  689
37  164  153,522
37  167  621
37  175  171,460,982
37  177  877
37  188  991,997
37  192  727,811
37  202  273
37  206  146,460,527
37  207  63
37  224  153
37  229  538,978
37  230  66
37  235  684
37  236  171,982
37  241  519,797
37  243  460
37  246  201
38  9  22,319
38  17  232
38  19  130
38  24  22,417,524
38  35  36,785
38  37  522,820
38  41  522
38  42  865
38  48  609
38  57  198,764
38  68  623
38  70  153
38  73  621,813
38  103  522,684
38  109  201,417
38  111  84
38  119  232
38  121  609
38  128  190,358,393,725,870
38  129  439
38  131  251,522
38  141  221
38  159  522,579
38  164  522
38  167  66
38  171  779
38  180  22
38  181  153
38  182  187
38  185  22
38  187  496
38  189  865
38  194  66,727,811
38  195  22
38  196  219,865
38  199  153
38  200  865
38  202  66
38  208  180,556,809,895
38  217  201
38  218  371
38  219  859
38  223  865
38  228  623
38  229  727,811
38  249  153
38  250  66
39  11  171,190,358,725,785,982
39  14  273
39  16  22
39  25  289,865
39  30  929
39  38  63,187,950,983
39  48  319
39  61  22,820
39  66  130,158,247
39  77  487
39  81  808
39  94  22
39  95  684
39  99  156,355,747
39  103  369
39  113  198,820
39  116  496
39  121  820
39  125  522
39  131  153,946
39  134  779
39  137  802
39  147  460,600
39  149  198,764
39  150  684,843
39  151  813,959
39  153  950,983
39  175  865
39  177  865
39  180  460
39  182  865
39  188  621
39  191  146,527
39  197  251
39  202  273
39  205  153
39  218  307
39  223  684
39  242  153
40  8  623
40  10  865
40  12  116
40  16  663
40  20  307
40  25  417
40  26  393,870
40  33  201
40  34  959
40  40  460
40  48  198,398,820
40  55  865
40  56  180,556,809
40  57  734
40  63  187
40  71  652
40  90  877
40  91  779,865
40  92  785
40  93  692
40  98  684
40  106  929
40  111  946
40  133  116,417
40  134  522
40  135  319,519
40  140  153,959
40  141  959
40  153  802
40  157  44,469
40  158  525
40  165  727,733,811
40  166  393,870
40  168  684
40  170  623
40  174  950,983
40  177  797
40  189  251,375
40  191  865
40  197  398
40  202  684
40  203  563
40  206  198,439,764
40  207  398
40  216  417,684
40  218  417,692
40  222  367,600,666,884
40  224  865
40  228  130
40  229  487
40  237  28,367,877
40  241  579,786
40  248  652,779
