1  10  865
1  15  652
1  16  417
1  19  808
1  28  140,326,808
1  37  130
1  38  865
1  55  127
1  56  130,820
1  58  734
1  72  198,820,859
1  73  646
1  79  899
1  80  808
1  97  232,734
1  98  734
2  2  232
2  4  375
2  6  113
2  8  460
2  11  367
2  17  460
2  34  398
2  42  36
2  46  367,808
2  47  116,865
2  56  974
2  62  135
2  64  727,811
2  75  808
2  87  646
2  99  367,535
3  5  636
3  6  488,811
3  11  130,820
3  15  808
3  16  232
3  23  261,895
3  30  116,367
3  34  153,417
3  35  734
3  36  460,859
3  37  865,974
3  46  371
3  63  808
3  66  727,811,865
3  68  130
3  73  28,877
3  75  865
3  79  502,859
3  88  899
3  93  207,955
3  98  808
4  18  808
4  20  135
4  22  411,454,865
4  29  839
4  30  375,950,983
4  36  529
4  39  375
4  50  865
4  56  553
4  61  367
4  66  44,469,627
4  68  974
4  69  116,251,460
4  73  375
4  75  899
4  79  813
5  3  261,895
5  4  135
5  14  36
5  18  371
5  19  535
5  22  997
5  25  251,865
5  26  367,519
5  27  734
5  33  808,859,865
5  45  877
5  47  997
5  50  130,997
5  52  375
5  58  232
5  59  398,727,811
5  61  734,997
5  62  865
5  73  734
5  74  130
5  78  198,820
6  2  232
6  10  997
6  16  472
6  18  289,553
6  25  113,865
6  33  997
6  42  22
6  53  877
6  72  519
6  73  865
6  92  261,650
7  1  929
7  2  371
7  6  84
7  19  371
7  20  859
7  26  808
7  27  10,63
7  32  636
7  34  982
7  41  911
7  42  782
7  49  417
7  58  865
7  64  232
7  70  113
7  72  127,243,279,824
7  79  261,895,982
7  83  808
7  84  417
7  88  156
7  91  911
7  96  553
7  97  763
8  5  251,743
8  6  646
8  13  877
8  14  261,895
8  16  158,247
8  20  135
8  21  232,839
8  24  859
8  35  198,820
8  37  417,460
8  38  130,997
8  46  669,820
8  54  28,63,127,877
8  57  877
8  70  579,808
8  73  502
8  93  135
8  94  820
8  95  808
8  97  261,895
8  98  371
9  1  232,251
9  2  519
9  10  411,454,859
9  21  877
9  22  127
9  25  997
9  29  375,808
9  47  649
9  53  649
9  59  417
9  62  621,911
9  67  375,417,911
9  68  367,734
9  70  371
9  92  146,527
9  97  120,198,594,820
10  7  808
10  13  865
10  15  66,113,371
10  20  734,997
10  23  198,820
10  32  877
10  38  636
10  40  982
10  41  127
10  56  734
10  61  460,950,983
10  63  579
10  69  535
10  71  519
10  73  997
10  75  553
10  95  371
11  3  198,820
11  15  982
11  22  808
11  26  417
11  36  460,663
11  37  273
11  42  261,851
11  50  684
11  57  931
11  79  371
11  97  116,195,393,865
11  98  289
11  99  877
12  13  865
12  21  63,997
12  25  997
12  26  460
12  33  221
12  37  997
12  43  808
12  48  877
12  49  865
12  63  187
12  71  835,929
12  80  116
13  8  865
13  11  808
13  16  371
13  21  931
13  28  207,955
13  30  84
13  35  146,527
13  41  28,877
13  42  859
13  44  877
13  46  289
13  48  865,899
13  53  982
13  55  130
13  60  808
13  64  808
13  68  519,734
13  72  127
13  81  204,650
13  89  375
14  1  62
14  20  579
14  28  140,326,997
14  29  371,808
14  33  684
14  36  62,66
14  53  116,813
14  54  734
14  58  763
14  62  135
14  65  84
14  68  734
14  72  785
14  76  808
14  83  652
15  2  472
15  3  146,232,527
15  4  877
15  7  865,877
15  20  187
15  22  429
15  24  636
15  29  289
15  39  460
15  49  779,997
15  55  130,974
15  62  997
15  64  371
15  69  66,859
15  78  734
15  83  371
15  93  472
15  99  931
16  1  679
16  3  195,393
16  12  600,666,884
16  16  244,474
16  17  66
16  20  689
16  26  371
16  27  865
16  28  232,375,519
16  36  367,899
16  44  460
16  46  753
16  48  600,666,884
16  51  367
16  63  371
16  64  289,496
16  68  859
16  73  63,84
16  75  371
16  80  371,636
16  85  502,734
16  86  820
16  91  22,261,636,895
16  100  135
17  2  36,289
17  7  216,375
17  9  116
17  11  859
17  13  931
17  14  782
17  17  460
17  19  627
17  21  28,303,728,877
17  26  216
17  45  931
17  50  974
17  52  865
17  53  36,84,931
17  75  289
17  76  371
17  85  502
17  87  733
17  93  156
17  96  865
17  97  375
18  2  393,870
18  3  198,764
18  9  375,470
18  11  273
18  18  636
18  21  579,786
18  25  28
18  27  371
18  28  636,974
18  31  652
18  34  522
18  37  859
18  39  553
18  52  130,839
18  57  63
18  59  232
18  66  496,649
18  70  187,289,865
18  80  289
18  82  820
18  94  232,261,895
19  1  664
19  8  66
19  20  557
19  25  535,865
19  26  734
19  38  974
19  44  636
19  49  808
19  50  367,663
19  61  579
19  67  911
19  69  221
19  76  529
19  79  289,563
19  80  140
19  86  84,734,911
19  87  97
19  89  327,671
19  91  502
20  1  63
20  7  997
20  10  146,527,684
20  13  997
20  19  28,289,877
20  24  859
20  28  538,743,978
20  29  529
20  33  371
20  49  485
20  50  899
20  64  140
20  66  636,997
20  68  487,950,983
20  75  140
20  77  808
20  81  36,130,649
20  83  289
20  85  460
20  86  472
20  87  355,747
20  97  502,997
20  98  600,666,884,982
21  11  929
21  19  140,251
21  23  146,527
21  29  375,997
21  32  931
21  33  289
21  38  997
21  39  649
21  41  201,553,579,808
21  66  684
21  75  997
21  89  116,689
21  93  232
21  98  859
22  7  28,877
22  11  371
22  13  535
22  14  198,820
22  17  553
22  18  140
22  21  621
22  33  207,955
22  38  684
22  60  371
22  62  116,198,820
22  69  472,649
22  76  289
22  78  579
22  80  743
22  89  959
23  8  997
23  13  684,997
23  15  289
23  16  206,562,779
23  19  201
23  29  289
23  31  375
23  34  877
23  52  371
23  53  460
23  55  127,929
23  57  116,303,728
23  63  289
23  78  146,251,527
23  80  649
23  81  460
23  84  198,820
23  94  198
23  98  261,997
24  4  899
24  19  519
24  26  140,839
24  28  140,835
24  29  140,251,859
24  44  931
24  51  36,320,655
24  59  496,734,997
24  67  734
24  76  460
24  82  375
24  90  130,375,982
25  5  251,734
25  6  62
25  7  232
25  25  201
25  26  779
25  33  232,623,846
25  34  251
25  35  10
25  48  261,895,997
25  50  950,983
25  52  289
25  58  206,562
25  61  836
25  62  146,527
25  70  843
25  86  763
25  95  519
25  96  997
26  3  36,206,562
26  4  232
26  8  808
26  14  859
26  22  684
26  25  684,843
26  29  502
26  34  201,813
26  38  684
26  41  669
26  43  371
26  44  743
26  46  579,786
26  47  460,636,650
26  52  684
26  56  63
26  59  485,763
26  61  127
26  63  140,636
26  70  140,895
26  82  28
26  83  623,982
26  88  600,666,884
26  92  84
26  93  375,649
26  100  135
27  9  28,146,527,877
27  24  84,502,519
27  25  684
27  29  899
27  30  63
27  32  664
27  33  140
27  35  524
27  37  684
27  44  303,728
27  45  911
27  52  140
27  54  460
27  58  997
27  61  997
27  63  820
27  66  623,846
27  76  663
27  83  140
27  84  127,146,527
27  91  198,820
27  94  195,393
27  97  375
28  1  460
28  4  600,666,884
28  8  375
28  23  198,764
28  29  22
28  52  375
28  58  460,684
28  59  689,929
28  61  684
28  71  679
28  74  974
28  77  371
28  78  232
28  79  813
28  90  646
28  94  22,146,527
29  6  198,820
29  7  232,371
29  8  371,646,684
29  9  187
29  10  734
29  12  411,454
29  19  472
29  29  135,201
29  33  488,519,811
29  34  496
29  38  743
29  50  487
29  58  62
29  67  367
29  75  261,684,895
29  76  140,146,527
29  77  84,273
29  86  727,811
29  90  813
29  95  289
29  99  303,728
30  1  232
30  6  527
30  14  962
30  16  393,485,870
30  26  130
30  29  100,239
30  36  877
30  40  116
30  48  684
30  51  820
30  61  763
30  66  689
30  68  911
30  74  538,978
30  81  929
30  85  820
30  94  130
30  95  140,835
30  97  460,684
30  99  371,472
31  7  931
31  26  263
31  28  243,279,375,519,824
31  29  100,239,623,846
31  30  63
31  38  623,846
31  39  273
31  46  140
31  49  371
31  52  84,100,239
31  53  877
31  59  519,562
31  69  201,579
31  73  553
31  79  140
31  86  474,644
31  93  859
31  98  140
32  4  146,527
32  5  663,763
32  12  261,895
32  15  140
32  22  623,846
32  24  62
32  31  113
32  33  100,239
32  34  127
32  39  66
32  40  519
32  43  289
32  49  289
32  60  289
32  62  22,470
32  64  195,393
32  65  877
32  67  950,983,991,997
32  76  579
32  84  140,326,808
32  96  684
33  1  519,982
33  5  727,811
33  7  289,684
33  20  320,655
33  24  991,997
33  25  474,644,895
33  27  859
33  28  100,239,835
33  38  63
33  54  763
33  58  911
33  60  140
33  63  140
33  66  743
33  70  146
33  77  62,289
33  78  562
33  85  66,763
33  86  62
33  88  261,895
33  90  684
33  100  84
34  1  519
34  5  562
34  6  734
34  12  609,877
34  20  502
34  42  502
34  58  562
34  63  743
34  74  487
34  77  375
34  82  320,655
34  94  198,764
35  1  319
35  4  519
35  8  289
35  13  472
35  16  859
35  39  535
35  54  562
35  59  679
35  61  562,621
35  62  684
35  64  502
35  68  835
35  71  785
35  81  859
35  86  36,496
35  88  609
35  97  146,527
35  100  627
36  7  195,393,734
36  9  770
36  11  289,836
36  13  684
36  15  813
36  19  263
36  25  802
36  27  28,140,877,997
36  31  488,811
36  34  929
36  40  813
36  42  216
36  51  320,655,743
36  53  62
36  73  52
36  78  201,460
36  80  460
36  88  474,644
36  90  232
36  92  198,764
36  97  66,94,470,820
37  8  610
37  11  140,221
37  16  519
37  32  303,319,728,743
37  35  135
37  37  36,623,846
37  43  140
37  47  84
37  49  684
37  58  135
37  59  959
37  63  100,239,692
37  66  460
37  67  763
37  70  100,239
37  76  66,100,239
37  83  140,326,813
37  93  375
37  94  393,870
37  98  398,621
37  99  289
38  1  813
38  5  644
38  7  519,623,846
38  8  127,140
38  13  153
38  19  931
38  22  733
38  26  204
38  36  836
38  37  135
38  39  460
38  47  684,859
38  51  234
38  56  367
38  58  623,846
38  70  802
38  75  244
38  77  140
38  84  519
38  91  877
38  93  460
39  1  66
39  18  808,911
39  27  100,239,684
39  35  488,865
39  38  487
39  39  646
39  40  243,279,824
39  59  209
39  62  429
39  67  135,485
39  90  519
40  2  66,474,644
40  11  950,983
40  14  198,201,553,579,764
40  21  263
40  43  100,239
40  48  609
40  49  140
40  54  66
40  57  470
40  65  931
40  67  562
40  68  836
40  69  474,644
40  72  375
40  73  135
40  90  251,610
40  93  859
40  94  563
40  97  198,764
