1  10  865
1  15  652
1  16  417
1  19  808
1  28  140,326,808
1  37  130
1  38  865
1  55  127
1  56  130,820
1  58  734
1  72  198,820,859
1  73  646
1  79  899
1  80  808
1  97  232,734
1  98  734
1  109  232,877
1  110  36,367
1  111  734
1  119  820
1  122  261,851
1  125  877
1  128  621
1  131  899
1  139  127,130,734
1  143  116
1  146  232
1  153  865
1  155  865,991,997
1  157  367,579
1  161  808
1  168  865
1  174  127
1  180  820
1  185  113
1  186  232
1  191  130,201,553,579,734
1  192  375
1  194  261,895
1  196  417
1  212  36
1  214  367
1  217  460
1  221  127
1  224  808
1  237  251
1  245  216
1  248  411,454
2  2  232
2  4  375
2  6  113
2  8  460
2  11  367
2  17  460
2  34  398
2  42  36
2  46  367,808
2  47  116,865
2  56  974
2  62  135
2  64  727,811
2  75  808
2  87  646
2  99  367,535
2  105  982
2  107  820
2  108  130
2  114  529
2  122  216
2  126  44
2  128  44,469
2  131  895
2  133  127,367,865
2  137  808
2  139  375
2  143  130,216,820
2  153  859
2  160  460
2  166  535,859
2  167  529
2  172  130
2  173  808
2  193  130
2  197  116
2  201  808
2  205  820
2  211  135
2  215  865,997
2  217  929
2  223  130
2  225  899
2  229  929
2  230  63
2  243  877
2  247  207,865,955
3  5  636
3  6  488,811
3  11  130,820
3  15  808
3  16  232
3  23  261,895
3  30  116,367
3  34  153,417
3  35  734
3  36  460,859
3  37  865,974
3  46  371
3  63  808
3  66  727,811,865
3  68  130
3  73  28,877
3  75  865
3  79  502,859
3  88  899
3  93  207,955
3  98  808
3  101  652,865
3  102  460,859
3  104  375,808
3  137  371
3  148  130,865
3  150  232,734
3  153  130,982
3  168  44,469
3  171  116
3  182  44,469,865
3  188  808,877
3  189  652
3  196  865
3  198  116,865
3  202  859
3  203  535,997
3  207  44,469,563,649
3  211  367
3  223  116
3  230  982
3  232  820
3  250  367
4  18  808
4  20  135
4  22  411,454,865
4  29  839
4  30  375,950,983
4  36  529
4  39  375
4  50  865
4  56  553
4  61  367
4  66  44,469,627
4  68  974
4  69  116,251,460
4  73  375
4  75  899
4  79  813
4  102  36
4  111  375,579
4  125  652
4  131  563,600,666,884
4  137  289
4  142  375,808
4  147  535
4  153  84,187
4  157  130
4  158  808
4  160  636
4  174  636
4  177  839
4  179  877
4  189  563
4  190  808
4  204  865,911
4  206  28
4  214  204
4  217  859
4  218  652
4  228  519
4  231  727,811,865
4  234  636
4  237  201
5  3  261,895
5  4  135
5  14  36
5  18  371
5  19  535
5  22  997
5  25  251,865
5  26  367,519
5  27  734
5  33  808,859,865
5  45  877
5  47  997
5  50  130,997
5  52  375
5  58  232
5  59  398,727,811
5  61  734,997
5  62  865
5  73  734
5  74  130
5  78  198,820
5  105  207,955
5  108  734
5  111  127,820
5  112  899
5  128  63,652
5  133  251,367,997
5  148  553
5  150  195,393
5  158  116
5  159  865
5  160  743,991,997
5  167  127
5  169  140,326,808
5  171  974
5  173  865
5  177  579,786
5  178  519
5  180  859
5  194  579,650
5  196  28,367,563,877
5  209  116
5  215  929
5  217  982
5  220  116
5  222  877,899
5  228  243,279,824
5  232  820
5  241  649
5  244  130
6  2  232
6  10  997
6  16  472
6  18  289,553
6  25  113,865
6  33  997
6  42  22
6  53  877
6  72  519
6  73  865
6  92  261,650
6  101  113
6  106  563,646
6  108  153
6  116  808
6  120  652
6  122  140,326,579
6  130  911
6  132  650,865
6  133  997
6  148  974
6  152  839
6  163  579,734
6  164  734
6  168  327,671
6  169  371
6  171  563
6  172  636
6  175  865
6  182  529
6  183  502,997
6  184  929
6  187  207,955
6  199  877
6  205  820
6  207  460
6  208  140,326,375,899
6  210  130
6  212  367
6  219  216
6  231  865
6  236  460
6  246  63,130
6  247  232
7  1  929
7  2  371
7  6  84
7  19  371
7  20  859
7  26  808
7  27  10,63
7  32  636
7  34  982
7  41  911
7  42  782
7  49  417
7  58  865
7  64  232
7  70  113
7  72  127,243,279,824
7  79  261,895,982
7  83  808
7  84  417
7  88  156
7  91  911
7  96  553
7  97  763
7  110  135
7  111  808
7  113  535
7  116  371
7  127  646
7  128  877
7  131  261,895,997
7  137  519
7  139  974
7  141  646
7  143  877
7  145  130
7  147  439
7  151  130
7  153  859
7  155  232
7  157  535
7  171  733,797
7  174  808,820
7  175  502
7  185  28
7  186  502
7  192  116,195,393,911
7  195  130
7  196  997
7  205  320,655
7  206  62
7  208  261,460,895
7  234  371
7  237  140,326
7  240  327,671,929
7  247  417,899
8  5  251,743
8  6  646
8  13  877
8  14  261,895
8  16  158,247
8  20  135
8  21  232,839
8  24  859
8  35  198,820
8  37  417,460
8  38  130,997
8  46  669,820
8  54  28,63,127,877
8  57  877
8  70  579,808
8  73  502
8  93  135
8  94  820
8  95  808
8  97  261,895
8  98  371
8  118  743
8  121  929
8  126  734
8  128  367,398
8  140  785
8  141  733,931
8  149  251
8  153  820,877
8  154  127,204
8  155  116
8  157  836
8  158  535
8  182  84
8  188  460,877
8  223  650
8  233  563
8  237  417
8  248  808
8  249  207,955
8  250  44,469
9  1  232,251
9  2  519
9  10  411,454,859
9  21  877
9  22  127
9  25  997
9  29  375,808
9  47  649
9  53  649
9  59  417
9  62  621,911
9  67  375,417,911
9  68  367,734
9  70  371
9  92  146,527
9  97  120,198,594,820
9  108  652,865
9  124  113
9  131  261,895
9  133  116,997
9  138  44,127,469,865
9  140  261,895
9  143  997
9  151  398
9  155  636
9  156  535
9  163  22,130
9  165  997
9  175  84
9  178  689
9  180  36,216
9  185  865
9  187  865
9  188  116,371,579
9  191  763
9  202  579
9  213  140,326,734
9  224  375
9  230  371
9  235  261,865,895
9  237  519
9  239  261,895
9  249  519
10  7  808
10  13  865
10  15  66,113,371
10  20  734,997
10  23  198,820
10  32  877
10  38  636
10  40  982
10  41  127
10  56  734
10  61  460,950,983
10  63  579
10  69  535
10  71  519
10  73  997
10  75  553
10  95  371
10  127  127,146,367,527
10  132  808,911
10  136  727,811
10  138  734
10  145  652
10  153  62,997
10  155  460
10  163  734,865,974
10  165  490,997
10  169  289
10  171  487
10  173  646,997
10  175  808
10  179  931
10  181  417
10  183  808
10  187  636
10  195  417,579,877
10  202  808
10  208  66,609
10  210  519
10  215  496,679
10  223  865
10  237  460
10  240  113
10  243  261,895
11  3  198,820
11  15  982
11  22  808
11  26  417
11  36  460,663
11  37  273
11  42  261,851
11  50  684
11  57  931
11  79  371
11  97  116,195,393,865
11  98  289
11  99  877
11  104  187,371
11  105  232
11  109  931
11  112  553
11  117  375,535
11  123  411,454,982
11  124  28
11  129  877
11  133  684,734
11  134  865
11  138  763,997
11  149  273,813
11  150  649
11  153  684
11  156  327,671
11  165  820
11  166  375,820
11  168  997
11  172  859
11  173  684
11  174  204,460
11  186  820
11  192  206,562
11  193  63
11  195  140,326
11  199  130
11  207  649
11  209  911
11  214  216,460
11  216  579
11  222  652
11  231  232
11  238  460
11  239  579,786
12  13  865
12  21  63,997
12  25  997
12  26  460
12  33  221
12  37  997
12  43  808
12  48  877
12  49  865
12  63  187
12  71  835,929
12  80  116
12  108  997
12  114  232
12  116  232
12  124  232
12  126  911
12  131  36,609,820
12  140  198,820
12  148  538,636,978
12  158  646
12  161  371
12  164  261,763,895
12  179  303,728
12  192  393,870
12  195  116,931
12  200  261,895
12  202  116
12  207  327,671
12  214  273
12  221  808
12  231  460
12  246  369
12  247  502
13  8  865
13  11  808
13  16  371
13  21  931
13  28  207,955
13  30  84
13  35  146,527
13  41  28,877
13  42  859
13  44  877
13  46  289
13  48  865,899
13  53  982
13  55  130
13  60  808
13  64  808
13  68  519,734
13  72  127
13  81  204,650
13  89  375
13  103  130
13  106  621
13  113  649
13  116  997
13  121  950,983
13  128  524,623
13  133  950,983
13  135  130,820,865
13  138  562
13  143  684,931
13  145  859
13  154  529
13  156  417,472,502
13  157  997
13  160  251
13  167  663
13  175  62
13  182  371
13  184  490
13  185  646
13  188  289,931
13  192  859
13  212  22
13  222  113
13  227  140,326
13  240  84
13  242  261
13  244  974
13  245  734
13  247  997
13  248  371
14  1  62
14  20  579
14  28  140,326,997
14  29  371,808
14  33  684
14  36  62,66
14  53  116,813
14  54  734
14  58  763
14  62  135
14  65  84
14  68  734
14  72  785
14  76  808
14  83  652
14  102  22
14  105  371
14  108  113
14  113  859
14  116  289
14  117  859
14  125  113
14  128  474
14  134  529
14  138  636
14  166  734
14  172  652
14  175  997
14  183  371,636,865
14  191  135,763
14  193  538,877
14  195  303,519,728
14  199  502,931
14  203  472
14  205  320,655
14  213  663
14  222  201,553,579
14  223  997
15  2  472
15  3  146,232,527
15  4  877
15  7  865,877
15  20  187
15  22  429
15  24  636
15  29  289
15  39  460
15  49  779,997
15  55  130,974
15  62  997
15  64  371
15  69  66,859
15  78  734
15  83  371
15  93  472
15  99  931
15  104  557,636
15  120  127
15  131  146,527,579,786
15  137  689
15  139  727,811
15  143  127,623,846
15  148  859
15  155  997
15  156  251
15  170  535
15  183  289
15  189  251
15  194  982
15  197  646
15  201  371
15  218  865
15  229  877
15  235  198,820
15  246  553
15  247  130
16  1  679
16  3  195,393
16  12  600,666,884
16  16  244,474
16  17  66
16  20  689
16  26  371
16  27  865
16  28  232,375,519
16  36  367,899
16  44  460
16  46  753
16  48  600,666,884
16  51  367
16  63  371
16  64  289,496
16  68  859
16  73  63,84
16  75  371
16  80  371,636
16  85  502,734
16  86  820
16  91  22,261,636,895
16  100  135
16  108  417
16  114  734
16  116  519,929
16  118  646,734
16  119  649
16  120  808
16  121  689
16  122  974
16  126  10
16  131  460
16  133  470,865
16  138  36
16  139  692,974,997
16  140  146,527
16  141  820
16  149  84
16  153  931
16  154  929
16  156  689
16  157  187
16  158  472
16  162  44,469
16  166  320,655,779
16  169  140
16  171  158,247,529
16  175  371,684
16  187  232,684
16  203  621
16  223  684
16  228  859
16  240  232
16  244  877
16  248  289
17  2  36,289
17  7  216,375
17  9  116
17  11  859
17  13  931
17  14  782
17  17  460
17  19  627
17  21  28,303,728,877
17  26  216
17  45  931
17  50  974
17  52  865
17  53  36,84,931
17  75  289
17  76  371
17  85  502
17  87  733
17  93  156
17  96  865
17  97  375
17  101  367
17  102  782
17  106  524
17  108  502
17  114  600,666,884
17  122  36,538,978
17  127  727,811
17  131  66
17  135  820
17  136  398
17  140  135
17  146  195,393
17  151  877
17  157  472
17  161  982
17  163  763,785,997
17  165  529
17  168  684
17  169  232
17  170  865
17  190  820,865
17  195  243,279,824
17  200  820
17  202  808
17  213  652
17  216  187
17  226  877
17  230  553
17  244  931
17  247  261,895
17  248  140
17  250  261,895
18  2  393,870
18  3  198,764
18  9  375,470
18  11  273
18  18  636
18  21  579,786
18  25  28
18  27  371
18  28  636,974
18  31  652
18  34  522
18  37  859
18  39  553
18  52  130,839
18  57  63
18  59  232
18  66  496,649
18  70  187,289,865
18  80  289
18  82  820
18  94  232,261,895
18  103  859
18  113  22,877
18  114  663
18  116  679
18  122  153
18  126  251,488,865
18  129  563,808
18  133  116,663
18  135  974,997
18  139  66,808
18  140  911
18  148  743
18  163  10,579
18  172  623
18  177  460,652
18  184  232,649
18  185  843
18  188  649
18  195  470,835,974
18  199  820,974
18  201  289
18  202  289
18  206  535,899
18  211  859
18  215  649
18  218  859
18  224  371
18  225  600,666,884
18  226  931
18  239  621
18  250  327,671
19  1  664
19  8  66
19  20  557
19  25  535,865
19  26  734
19  38  974
19  44  636
19  49  808
19  50  367,663
19  61  579
19  67  911
19  69  221
19  76  529
19  79  289,563
19  80  140
19  86  84,734,911
19  87  97
19  89  327,671
19  91  502
19  102  66,859
19  120  251,371
19  128  997
19  135  684
19  138  684
19  139  232,538,684,978
19  151  538,978
19  152  839
19  161  813
19  162  327,671
19  172  538
19  188  187
19  200  496
19  202  187
19  203  62,734
19  212  652
19  213  519
19  220  470
19  227  519
19  231  460,982,997
20  1  63
20  7  997
20  10  146,527,684
20  13  997
20  19  28,289,877
20  24  859
20  28  538,743,978
20  29  529
20  33  371
20  49  485
20  50  899
20  64  140
20  66  636,997
20  68  487,950,983
20  75  140
20  77  808
20  81  36,130,649
20  83  289
20  85  460
20  86  472
20  87  355,747
20  97  502,997
20  98  600,666,884,982
20  113  734
20  139  10,195
20  153  623,846
20  157  474,644
20  158  273
20  159  997
20  164  839
20  183  140,743
20  186  877
20  188  460
20  195  538,929,978
20  198  997
20  204  997
20  214  66,734
20  215  859,877
20  222  669
20  240  488,811
20  250  859
21  11  929
21  19  140,251
21  23  146,527
21  29  375,997
21  32  931
21  33  289
21  38  997
21  39  649
21  41  201,553,579,808
21  66  684
21  75  997
21  89  116,689
21  93  232
21  98  859
21  107  997
21  114  636
21  122  553,579,786
21  131  621
21  135  320,649,655
21  137  140,243,279,824
21  138  684
21  144  535
21  148  519,553,684
21  153  770
21  157  553
21  159  684
21  162  931
21  176  439
21  180  911
21  182  289,997
21  185  733
21  193  487
21  202  63,146,527
21  203  135,621
21  212  859
21  214  950,983
21  228  835,859
21  229  140,326,367
21  233  460,636,649
21  237  779
22  7  28,877
22  11  371
22  13  535
22  14  198,820
22  17  553
22  18  140
22  21  621
22  33  207,955
22  38  684
22  60  371
22  62  116,198,820
22  69  472,649
22  76  289
22  78  579
22  80  743
22  89  959
22  104  289
22  105  289
22  108  488,811
22  112  519,649
22  119  232
22  120  623
22  122  187
22  127  820
22  128  689,877
22  132  684
22  134  820,950,983
22  135  487
22  137  835,959
22  145  820
22  157  684
22  165  663
22  182  663
22  184  195,393
22  193  63,684
22  194  375
22  215  877
22  231  66
22  235  207,955
22  245  929
23  8  997
23  13  684,997
23  15  289
23  16  206,562,779
23  19  201
23  29  289
23  31  375
23  34  877
23  52  371
23  53  460
23  55  127,929
23  57  116,303,728
23  63  289
23  78  146,251,527
23  80  649
23  81  460
23  84  198,820
23  94  198
23  98  261,997
23  106  553
23  133  836
23  136  232,496
23  141  535
23  145  320,655
23  148  959
23  150  763
23  151  244,487
23  155  470,743
23  168  689
23  170  472
23  175  470,859
23  177  646
23  191  562
23  195  487
23  199  997
23  212  782,997
23  217  66,198,820,877
23  218  623
23  221  367
23  229  52,950,983
23  241  865
23  244  728
24  4  899
24  19  519
24  26  140,839
24  28  140,835
24  29  140,251,859
24  44  931
24  51  36,320,655
24  59  496,734,997
24  67  734
24  76  460
24  82  375
24  90  130,375,982
24  106  329,936
24  107  320,649,655
24  111  429
24  115  535,627
24  116  140
24  121  153,959
24  122  244
24  131  198,764
24  149  371
24  164  502
24  168  623,846
24  176  579
24  180  22
24  182  62,646
24  186  289
24  190  261,320,655,895
24  201  130
24  210  974
24  211  320,655
24  212  859
24  224  289,646
24  227  243,279,824
24  233  743,929
25  5  251,734
25  6  62
25  7  232
25  25  201
25  26  779
25  33  232,623,846
25  34  251
25  35  10
25  48  261,895,997
25  50  950,983
25  52  289
25  58  206,562
25  61  836
25  62  146,527
25  70  843
25  86  763
25  95  519
25  96  997
25  102  251,734
25  103  327,671
25  110  627
25  120  911
25  129  371
25  138  36
25  152  28,877
25  155  66
25  156  474,644,959
25  157  820
25  177  535
25  180  207,782,955
25  181  636
25  183  684
25  187  519
25  193  198,820
25  198  997
25  201  201
25  202  140
25  207  460
25  212  820
25  213  243,279,824
25  221  950,983
25  225  44,469
25  229  519
25  235  232,649
25  241  997
25  245  367
25  246  422
25  249  243,279,824
25  250  689
26  3  36,206,562
26  4  232
26  8  808
26  14  859
26  22  684
26  25  684,843
26  29  502
26  34  201,813
26  38  684
26  41  669
26  43  371
26  44  743
26  46  579,786
26  47  460,636,650
26  52  684
26  56  63
26  59  485,763
26  61  127
26  63  140,636
26  70  140,895
26  82  28
26  83  623,982
26  88  600,666,884
26  92  84
26  93  375,649
26  100  135
26  101  950,983,997
26  104  140
26  115  472,579
26  120  140
26  131  28,877
26  134  663,734,836
26  138  621,623,846
26  144  63
26  147  929,997
26  152  535
26  167  327,671,808
26  174  743
26  176  84
26  177  113,733,877
26  178  460,649
26  181  496
26  191  519,562
26  197  610
26  202  100,232,239,327,671
26  203  664
26  206  63,600,666,884
26  209  201,553,579
26  210  135
26  211  950,983
26  215  621
26  224  367
26  226  303,728
26  227  835
26  231  206,562,997
26  234  289,689
26  235  146,527,579
26  238  232
26  240  393,870
26  250  836
27  9  28,146,527,877
27  24  84,502,519
27  25  684
27  29  899
27  30  63
27  32  664
27  33  140
27  35  524
27  37  684
27  44  303,728
27  45  911
27  52  140
27  54  460
27  58  997
27  61  997
27  63  820
27  66  623,846
27  76  663
27  83  140
27  84  127,146,527
27  91  198,820
27  94  195,393
27  97  375
27  103  10
27  112  261,895
27  113  931
27  116  209,439
27  121  836
27  125  488,811,895
27  134  997
27  141  303,728
27  161  289
27  162  763
27  165  899
27  170  997
27  176  62,490
27  177  488,621,811
27  180  859
27  185  63
27  189  22,198,502
27  192  553
27  193  375,808
27  212  113,127,320,655,684
27  219  865
27  220  375
27  235  187,859
27  237  66,485
27  238  519
27  244  502
27  245  733,797
27  246  135,974
27  247  684
28  1  460
28  4  600,666,884
28  8  375
28  23  198,764
28  29  22
28  52  375
28  58  460,684
28  59  689,929
28  61  684
28  71  679
28  74  974
28  77  371
28  78  232
28  79  813
28  90  646
28  94  22,146,527
28  119  563
28  144  808,899
28  145  974
28  151  367
28  155  393,870
28  160  66
28  184  375,460
28  185  97
28  203  319
28  204  684
28  209  669
28  213  835
28  217  187,502
28  221  429
28  225  261,327,671,895
28  229  836
28  231  62,684
28  233  734
28  235  116
28  243  198,820
28  246  621
28  249  859
29  6  198,820
29  7  232,371
29  8  371,646,684
29  9  187
29  10  734
29  12  411,454
29  19  472
29  29  135,201
29  33  488,519,811
29  34  496
29  38  743
29  50  487
29  58  62
29  67  367
29  75  261,684,895
29  76  140,146,527
29  77  84,273
29  86  727,811
29  90  813
29  95  289
29  99  303,728
29  111  187
29  125  609
29  134  684
29  139  375,429
29  141  563
29  144  472
29  152  28,877
29  155  36
29  162  303,728
29  163  488,865
29  164  198,820
29  165  398,623,846
29  168  959
29  173  997
29  182  997
29  186  327,375,671
29  187  375
29  190  997
29  193  623,764,846
29  197  865
29  202  557
29  212  836
29  213  113
29  218  997
29  225  609
29  229  63,931
29  234  140
29  240  62
29  249  835
29  250  959
30  1  232
30  6  527
30  14  962
30  16  393,485,870
30  26  130
30  29  100,239
30  36  877
30  40  116
30  48  684
30  51  820
30  61  763
30  66  689
30  68  911
30  74  538,978
30  81  929
30  85  820
30  94  130
30  95  140,835
30  97  460,684
30  99  371,472
30  103  488,865
30  112  460
30  119  232
30  124  865
30  126  201
30  129  303,728,820
30  132  371
30  133  22
30  136  785
30  141  472
30  152  899
30  164  371
30  170  84
30  173  130
30  176  187
30  189  113
30  190  371
30  192  63
30  193  429
30  200  527
30  201  140,646
30  210  538,978
30  212  201,375,553,579
30  223  94,820
30  224  135
30  236  66
30  237  198,429,764
30  241  684
30  246  44,469,487
31  7  931
31  26  263
31  28  243,279,375,519,824
31  29  100,239,623,846
31  30  63
31  38  623,846
31  39  273
31  46  140
31  49  371
31  52  84,100,239
31  53  877
31  59  519,562
31  69  201,579
31  73  553
31  79  140
31  86  474,644
31  93  859
31  98  140
31  105  140
31  111  557
31  113  63
31  126  899
31  144  460,600,666,884
31  147  579,786,929
31  149  130
31  150  460
31  151  113
31  154  663,877
31  156  779
31  163  623,846
31  166  644
31  169  519
31  172  743
31  175  289
31  177  472,931
31  180  232
31  188  66
31  194  375,646
31  196  251,684
31  197  997
31  199  684
31  207  664
31  216  198,820
31  218  684
31  223  472
31  230  289
31  243  931
31  250  146,527
32  4  146,527
32  5  663,763
32  12  261,895
32  15  140
32  22  623,846
32  24  62
32  31  113
32  33  100,239
32  34  127
32  39  66
32  40  519
32  43  289
32  49  289
32  60  289
32  62  22,470
32  64  195,393
32  65  877
32  67  950,983,991,997
32  76  579
32  84  140,326,808
32  96  684
32  101  684
32  104  36
32  123  813,929
32  128  180,556,809,836
32  129  743
32  136  116
32  137  320,655
32  138  689
32  152  263,474,644,820
32  164  289,562
32  172  460
32  173  610
32  180  251,519,522
32  182  899
32  207  689
32  209  135,496
32  210  487
32  216  130
32  219  375,997
32  220  371
32  240  190,358,725
32  242  146,527
33  1  519,982
33  5  727,811
33  7  289,684
33  20  320,655
33  24  991,997
33  25  474,644,895
33  27  859
33  28  100,239,835
33  38  63
33  54  763
33  58  911
33  60  140
33  63  140
33  66  743
33  70  146
33  77  62,289
33  78  562
33  85  66,763
33  86  62
33  88  261,895
33  90  684
33  100  84
33  101  836
33  102  201,553,579
33  111  877
33  127  496
33  129  289
33  139  487,623,846
33  142  371
33  144  261,895
33  146  692
33  149  62,538,978
33  161  140
33  169  649
33  170  62,474,644
33  172  180,273,556,809
33  182  689
33  186  130
33  190  146,527
33  198  502
33  201  367
33  214  836
33  217  931
33  219  684
33  220  289,689
33  224  140
33  231  623,846
33  234  100,239
34  1  519
34  5  562
34  6  734
34  12  609,877
34  20  502
34  42  502
34  58  562
34  63  743
34  74  487
34  77  375
34  82  320,655
34  94  198,764
34  101  623,846
34  103  130
34  109  553
34  124  195,393,843
34  129  140
34  132  84,289
34  142  289
34  147  679
34  149  201
34  158  94,733,797,820
34  162  562,959
34  174  490
34  180  962
34  181  859
34  185  859,929
34  187  859
34  195  187
34  196  859
34  202  519
34  206  472
34  212  623,846
34  215  623,846
34  221  836
34  222  261,728,895
34  230  140
34  241  460,502
34  244  836
35  1  319
35  4  519
35  8  289
35  13  472
35  16  859
35  39  535
35  54  562
35  59  679
35  61  562,621
35  62  684
35  64  502
35  68  835
35  71  785
35  81  859
35  86  36,496
35  88  609
35  97  146,527
35  100  627
35  103  221,689
35  114  195,393,899
35  117  472
35  118  763
35  124  895
35  132  116,733,797
35  136  94,820
35  141  97,474,644
35  142  140
35  145  22
35  150  502
35  167  130,689
35  175  623,846
35  180  320,655
35  186  393,621,870
35  192  22,221
35  197  684,763
35  202  689
35  205  460
35  206  911
35  213  135
35  216  557
35  217  557
35  221  982
35  224  100,239
35  225  959
35  229  243,279,824
35  231  66,496
35  246  859
35  247  519
36  7  195,393,734
36  9  770
36  11  289,836
36  13  684
36  15  813
36  19  263
36  25  802
36  27  28,140,877,997
36  31  488,811
36  34  929
36  40  813
36  42  216
36  51  320,655,743
36  53  62
36  73  52
36  78  201,460
36  80  460
36  88  474,644
36  90  232
36  92  198,764
36  97  66,94,470,820
36  107  460
36  108  779
36  109  195,393
36  113  303,474,644,728
36  114  609
36  119  859
36  122  557
36  127  808
36  133  684,843,943
36  138  623,846,959
36  142  931
36  143  303,728
36  150  562,950,983
36  154  931
36  158  146,527
36  159  460
36  164  140
36  171  663
36  176  997
36  183  519
36  190  684
36  197  562
36  202  646
36  209  470,753
36  212  127
36  219  623,846,859
36  234  519,743
36  245  763
36  246  329,936
37  8  610
37  11  140,221
37  16  519
37  32  303,319,728,743
37  35  135
37  37  36,623,846
37  43  140
37  47  84
37  49  684
37  58  135
37  59  959
37  63  100,239,692
37  66  460
37  67  763
37  70  100,239
37  76  66,100,239
37  83  140,326,813
37  93  375
37  94  393,870
37  98  398,621
37  99  289
37  102  62
37  105  502
37  112  609
37  116  684
37  117  135,950,983
37  119  206
37  132  140
37  136  158,247
37  143  779
37  144  375,460
37  147  209
37  169  519
37  173  623,846
37  180  28,877
37  190  198,764
37  194  84
37  201  859
37  202  375
37  209  429
37  214  52
37  218  63
37  221  813
37  236  836
37  237  835
38  1  813
38  5  644
38  7  519,623,846
38  8  127,140
38  13  153
38  19  931
38  22  733
38  26  204
38  36  836
38  37  135
38  39  460
38  47  684,859
38  51  234
38  56  367
38  58  623,846
38  70  802
38  75  244
38  77  140
38  84  519
38  91  877
38  93  460
38  104  743
38  112  243,279,824
38  116  251
38  125  303,728
38  133  623,846,895
38  134  10
38  145  113,785
38  148  835
38  150  519
38  151  190,358,725
38  152  320,655
38  153  363
38  156  63,470,485
38  169  460,835
38  172  221
38  174  689
38  177  644
38  178  66,835
38  182  959
38  188  557,859
38  194  557
38  202  198,764
38  207  251,522
38  233  251
38  235  623,846,877
38  245  251,522,836
38  247  470,522
39  1  66
39  18  808,911
39  27  100,239,684
39  35  488,865
39  38  487
39  39  646
39  40  243,279,824
39  59  209
39  62  429
39  67  135,485
39  90  519
39  101  836
39  109  206,562
39  119  870
39  123  130
39  124  206,562
39  128  959
39  134  899,929
39  145  811
39  149  487,733,797
39  154  899
39  164  28,100,239,877
39  171  66,470
39  175  140
39  176  557,579,786
39  186  959
39  187  623,846
39  189  190,358,725
39  196  836
39  203  524
39  220  140
39  230  813
39  235  198,557,764
39  248  100
40  2  66,474,644
40  11  950,983
40  14  198,201,553,579,764
40  21  263
40  43  100,239
40  48  609
40  49  140
40  54  66
40  57  470
40  65  931
40  67  562
40  68  836
40  69  474,644
40  72  375
40  73  135
40  90  251,610
40  93  859
40  94  563
40  97  198,764
40  101  820
40  108  859
40  116  100,239
40  128  621
40  147  127
40  149  100,239
40  150  375,836
40  151  692
40  158  610
40  165  579,786
40  166  485
40  167  429,899
40  173  684
40  177  66,263
40  203  329,553,936
40  210  835
40  218  153,623,846
40  230  950,983
40  233  66
40  234  460
40  235  519,627
40  237  950,983
40  238  859
40  241  623,846
40  247  609
