1  10  865
1  15  652
1  16  417
1  19  808
1  28  140,326,808
1  37  130
1  38  865
1  55  127
1  56  130,820
1  58  734
1  72  198,820,859
1  73  646
1  79  899
1  80  808
1  97  232,734
1  98  734
1  109  232,877
1  110  36,367
1  111  734
1  119  820
1  122  261,851
1  125  877
1  128  621
1  131  899
1  139  127,130,734
1  143  116
1  146  232
1  153  865
1  155  865,991,997
1  157  367,579
1  161  808
1  168  865
1  174  127
1  180  820
1  185  113
1  186  232
1  191  130,201,553,579,734
1  192  375
1  194  261,895
1  196  417
1  212  36
1  214  367
1  217  460
1  221  127
1  224  808
1  237  251
1  245  216
1  248  411,454
1  251  261,375,895
1  258  375,877
1  259  865,877
1  260  808
1  261  44,375,469
1  268  859
1  277  127
1  278  84,367,859
1  279  232
1  281  36,865,946
1  282  417
1  284  813,865
1  286  839
1  289  649
1  298  140,326
1  311  865,899
1  313  130,232
1  322  859
1  332  865
1  333  911
1  336  997
1  341  207,955
1  343  130,899
1  346  116,929
1  354  734
1  371  127
1  377  899
1  382  62
1  389  649,652
1  390  140,326
1  393  367
1  394  251,553
1  399  982
1  409  929
1  411  273,982
1  413  460
1  415  911
1  416  808
1  429  652
1  431  84
1  437  232,877
1  443  579
1  452  251,460
1  453  579,865
1  454  929
1  455  785
1  456  808,877
1  467  563,649
1  469  261,734,895
1  486  877
1  490  563
1  498  877
2  2  232
2  4  375
2  6  113
2  8  460
2  11  367
2  17  460
2  34  398
2  42  36
2  46  367,808
2  47  116,865
2  56  974
2  62  135
2  64  727,811
2  75  808
2  87  646
2  99  367,535
2  105  982
2  107  820
2  108  130
2  114  529
2  122  216
2  126  44
2  128  44,469
2  131  895
2  133  127,367,865
2  137  808
2  139  375
2  143  130,216,820
2  153  859
2  160  460
2  166  535,859
2  167  529
2  172  130
2  173  808
2  193  130
2  197  116
2  201  808
2  205  820
2  211  135
2  215  865,997
2  217  929
2  223  130
2  225  899
2  229  929
2  230  63
2  243  877
2  247  207,865,955
2  251  649
2  256  84,808
2  281  734
2  287  529
2  311  808
2  321  895
2  323  36,911
2  340  997
2  351  808
2  353  261,553,808,895
2  359  535,865
2  366  808
2  367  28,646,877
2  370  140,198,326,820
2  384  652
2  389  877
2  390  116,140,326
2  393  367
2  395  649
2  399  563
2  400  535
2  402  899
2  418  865
2  430  375,808
2  433  820
2  437  865
2  439  808,997
2  443  727,811
2  458  997
2  459  130
2  462  820
2  465  820
2  472  646
2  475  808
2  487  621,649
2  489  232
2  493  198,820
2  495  808
2  496  375
2  498  820
3  5  636
3  6  488,811
3  11  130,820
3  15  808
3  16  232
3  23  261,895
3  30  116,367
3  34  153,417
3  35  734
3  36  460,859
3  37  865,974
3  46  371
3  63  808
3  66  727,811,865
3  68  130
3  73  28,877
3  75  865
3  79  502,859
3  88  899
3  93  207,955
3  98  808
3  101  652,865
3  102  460,859
3  104  375,808
3  137  371
3  148  130,865
3  150  232,734
3  153  130,982
3  168  44,469
3  171  116
3  182  44,469,865
3  188  808,877
3  189  652
3  196  865
3  198  116,865
3  202  859
3  203  535,997
3  207  44,469,563,649
3  211  367
3  223  116
3  230  982
3  232  820
3  250  367
3  256  652
3  260  127
3  261  327,671,865,997
3  263  839
3  265  820
3  277  865
3  282  417
3  298  519
3  306  563,652
3  307  652
3  310  649
3  313  974
3  324  130
3  327  398
3  335  130,865
3  336  997
3  351  371,652
3  353  808
3  361  808
3  371  116
3  409  496
3  419  644
3  423  877
3  424  808
3  426  261,865,895
3  431  808
3  461  865
3  470  140,326
3  473  982
3  486  535
3  487  865
3  489  116
3  494  251
4  18  808
4  20  135
4  22  411,454,865
4  29  839
4  30  375,950,983
4  36  529
4  39  375
4  50  865
4  56  553
4  61  367
4  66  44,469,627
4  68  974
4  69  116,251,460
4  73  375
4  75  899
4  79  813
4  102  36
4  111  375,579
4  125  652
4  131  563,600,666,884
4  137  289
4  142  375,808
4  147  535
4  153  84,187
4  157  130
4  158  808
4  160  636
4  174  636
4  177  839
4  179  877
4  189  563
4  190  808
4  204  865,911
4  206  28
4  214  204
4  217  859
4  218  652
4  228  519
4  231  727,811,865
4  234  636
4  237  201
4  252  649
4  262  899
4  267  535
4  271  636,734
4  275  899
4  279  206,562,991,997
4  280  627,865,997
4  304  911
4  306  375
4  320  158
4  323  865
4  328  982
4  331  652
4  333  460,911
4  335  84,997
4  339  140,326,529
4  343  974
4  353  820
4  357  652
4  361  982
4  362  273,649,727,811
4  385  982
4  387  899
4  392  649
4  393  261,895
4  401  36
4  403  367,813
4  421  808
4  422  460
4  423  519
4  429  113
4  434  135
4  437  195,393
4  439  371
4  455  982
4  458  785
4  467  232,649
4  472  127
4  490  652
5  3  261,895
5  4  135
5  14  36
5  18  371
5  19  535
5  22  997
5  25  251,865
5  26  367,519
5  27  734
5  33  808,859,865
5  45  877
5  47  997
5  50  130,997
5  52  375
5  58  232
5  59  398,727,811
5  61  734,997
5  62  865
5  73  734
5  74  130
5  78  198,820
5  105  207,955
5  108  734
5  111  127,820
5  112  899
5  128  63,652
5  133  251,367,997
5  148  553
5  150  195,393
5  158  116
5  159  865
5  160  743,991,997
5  167  127
5  169  140,326,808
5  171  974
5  173  865
5  177  579,786
5  178  519
5  180  859
5  194  579,650
5  196  28,367,563,877
5  209  116
5  215  929
5  217  982
5  220  116
5  222  877,899
5  228  243,279,824
5  232  820
5  241  649
5  244  130
5  268  198,820
5  280  393
5  281  931,997
5  282  820,911,991,997
5  285  261,895
5  289  460
5  297  130,865
5  298  243,279,824
5  301  36
5  302  261,579,895
5  304  621,734
5  305  130,371
5  315  251,734
5  317  369
5  320  652,808
5  321  460
5  327  899
5  330  865
5  333  646,734
5  340  579,786
5  344  820
5  354  371
5  355  158,247,911
5  362  232
5  363  649
5  366  371
5  379  84
5  380  375,734
5  385  460
5  388  734
5  390  519
5  393  519,997
5  407  140,326
5  412  865
5  414  261,895
5  434  502,997
5  435  808,911
5  441  367
5  449  130,652
5  460  808
5  462  232
5  467  679
5  477  649
5  488  808
5  490  127,470
6  2  232
6  10  997
6  16  472
6  18  289,553
6  25  113,865
6  33  997
6  42  22
6  53  877
6  72  519
6  73  865
6  92  261,650
6  101  113
6  106  563,646
6  108  153
6  116  808
6  120  652
6  122  140,326,579
6  130  911
6  132  650,865
6  133  997
6  148  974
6  152  839
6  163  579,734
6  164  734
6  168  327,671
6  169  371
6  171  563
6  172  636
6  175  865
6  182  529
6  183  502,997
6  184  929
6  187  207,955
6  199  877
6  205  820
6  207  460
6  208  140,326,375,899
6  210  130
6  212  367
6  219  216
6  231  865
6  236  460
6  246  63,130
6  247  232
6  253  261,460,895
6  262  865
6  263  22
6  273  135
6  275  232
6  281  877
6  282  808
6  295  460
6  296  734
6  305  974
6  307  116
6  314  649,877
6  319  859
6  323  911
6  329  502
6  336  733
6  341  140,326
6  347  636
6  350  490
6  353  127,502
6  358  261,895
6  361  460,649
6  383  130
6  385  66
6  401  36
6  431  371
6  442  636,997
6  452  931
6  457  367
6  464  375
6  465  636,929
6  468  899
6  469  763
6  470  263,519
6  471  127,460
6  472  808
6  476  652
6  478  982
6  488  649,865
7  1  929
7  2  371
7  6  84
7  19  371
7  20  859
7  26  808
7  27  10,63
7  32  636
7  34  982
7  41  911
7  42  782
7  49  417
7  58  865
7  64  232
7  70  113
7  72  127,243,279,824
7  79  261,895,982
7  83  808
7  84  417
7  88  156
7  91  911
7  96  553
7  97  763
7  110  135
7  111  808
7  113  535
7  116  371
7  127  646
7  128  877
7  131  261,895,997
7  137  519
7  139  974
7  141  646
7  143  877
7  145  130
7  147  439
7  151  130
7  153  859
7  155  232
7  157  535
7  171  733,797
7  174  808,820
7  175  502
7  185  28
7  186  502
7  192  116,195,393,911
7  195  130
7  196  997
7  205  320,655
7  206  62
7  208  261,460,895
7  234  371
7  237  140,326
7  240  327,671,929
7  247  417,899
7  251  36
7  260  375
7  266  820
7  267  649
7  268  460
7  275  261,895
7  276  899
7  280  997
7  286  502
7  300  36
7  315  232
7  320  113
7  322  251
7  330  997
7  336  97
7  340  66
7  341  734
7  345  140,326,367,460,692,929
7  347  116
7  354  289
7  355  529
7  371  652,877
7  374  636,865
7  375  63
7  380  813
7  386  865
7  391  204,621,649,911
7  396  244
7  402  808
7  417  652
7  429  130
7  433  232
7  435  371,553,649
7  449  646
7  454  327,671
7  455  650
7  456  130
7  457  28,371,877
7  462  929,997
7  463  496
7  464  367
7  468  127,600,666,884
7  472  375
7  478  950,983
7  487  997
8  5  251,743
8  6  646
8  13  877
8  14  261,895
8  16  158,247
8  20  135
8  21  232,839
8  24  859
8  35  198,820
8  37  417,460
8  38  130,997
8  46  669,820
8  54  28,63,127,877
8  57  877
8  70  579,808
8  73  502
8  93  135
8  94  820
8  95  808
8  97  261,895
8  98  371
8  118  743
8  121  929
8  126  734
8  128  367,398
8  140  785
8  141  733,931
8  149  251
8  153  820,877
8  154  127,204
8  155  116
8  157  836
8  158  535
8  182  84
8  188  460,877
8  223  650
8  233  563
8  237  417
8  248  808
8  249  207,955
8  250  44,469
8  258  207
8  261  63
8  267  232,261
8  277  808
8  278  62,865
8  282  198
8  286  820
8  287  135
8  296  820
8  313  127
8  314  931
8  318  44,469
8  325  535,734
8  327  251
8  328  367
8  334  460
8  344  734
8  359  472
8  362  195,393
8  369  865
8  386  997
8  387  116
8  394  839
8  408  734
8  410  649
8  413  529
8  423  931
8  428  367
8  432  261,851
8  434  198,820
8  436  859
8  443  865
8  444  734
8  455  652
8  457  375
8  459  649
8  462  684
8  463  22
8  472  367
8  473  140,326,375,529
8  475  877
8  478  563
8  485  63,808
8  488  997
8  493  636
8  497  652
9  1  232,251
9  2  519
9  10  411,454,859
9  21  877
9  22  127
9  25  997
9  29  375,808
9  47  649
9  53  649
9  59  417
9  62  621,911
9  67  375,417,911
9  68  367,734
9  70  371
9  92  146,527
9  97  120,198,594,820
9  108  652,865
9  124  113
9  131  261,895
9  133  116,997
9  138  44,127,469,865
9  140  261,895
9  143  997
9  151  398
9  155  636
9  156  535
9  163  22,130
9  165  997
9  175  84
9  178  689
9  180  36,216
9  185  865
9  187  865
9  188  116,371,579
9  191  763
9  202  579
9  213  140,326,734
9  224  375
9  230  371
9  235  261,865,895
9  237  519
9  239  261,895
9  249  519
9  256  62
9  257  207,899
9  273  563,820,877
9  278  130
9  279  393,870
9  287  116
9  299  734
9  303  535,727,811
9  314  929
9  317  63,563
9  318  689
9  340  198,820
9  348  808
9  357  649
9  372  398
9  387  997
9  388  261,895
9  391  198,460
9  397  44,216,469,649
9  399  127
9  404  820
9  411  251,865
9  414  535
9  415  198,859
9  419  320,655,997
9  420  127
9  421  130
9  422  502
9  437  997
9  441  84
9  463  652
9  465  982
9  473  646,946
9  482  502
9  483  734
9  489  195,393,460
10  7  808
10  13  865
10  15  66,113,371
10  20  734,997
10  23  198,820
10  32  877
10  38  636
10  40  982
10  41  127
10  56  734
10  61  460,950,983
10  63  579
10  69  535
10  71  519
10  73  997
10  75  553
10  95  371
10  127  127,146,367,527
10  132  808,911
10  136  727,811
10  138  734
10  145  652
10  153  62,997
10  155  460
10  163  734,865,974
10  165  490,997
10  169  289
10  171  487
10  173  646,997
10  175  808
10  179  931
10  181  417
10  183  808
10  187  636
10  195  417,579,877
10  202  808
10  208  66,609
10  210  519
10  215  496,679
10  223  865
10  237  460
10  240  113
10  243  261,895
10  255  929
10  256  289
10  265  320,655,865
10  271  116,763
10  286  28,877
10  296  911
10  297  997
10  302  375,519,579
10  308  734
10  313  553
10  320  289
10  322  251,652
10  329  808
10  330  982
10  345  66
10  349  36
10  355  663
10  360  207
10  370  135
10  371  460
10  373  865
10  374  636
10  392  195,251,393
10  402  371
10  403  84
10  406  84
10  413  664
10  423  899
10  434  201,553,579
10  436  44,469
10  443  553
10  447  734,808
10  460  367
10  463  113
10  484  84
10  485  371
10  487  207,955
10  496  636
10  497  865
11  3  198,820
11  15  982
11  22  808
11  26  417
11  36  460,663
11  37  273
11  42  261,851
11  50  684
11  57  931
11  79  371
11  97  116,195,393,865
11  98  289
11  99  877
11  104  187,371
11  105  232
11  109  931
11  112  553
11  117  375,535
11  123  411,454,982
11  124  28
11  129  877
11  133  684,734
11  134  865
11  138  763,997
11  149  273,813
11  150  649
11  153  684
11  156  327,671
11  165  820
11  166  375,820
11  168  997
11  172  859
11  173  684
11  174  204,460
11  186  820
11  192  206,562
11  193  63
11  195  140,326
11  199  130
11  207  649
11  209  911
11  214  216,460
11  216  579
11  222  652
11  231  232
11  238  460
11  239  579,786
11  252  522
11  256  140
11  259  931
11  261  579,786
11  265  763
11  266  820
11  276  522
11  280  206,579,786
11  282  859
11  288  808
11  299  375,820
11  314  529
11  315  28,877
11  316  261,895
11  319  865
11  332  198,820
11  333  367
11  342  375
11  344  116
11  346  865
11  367  865
11  376  911
11  380  529
11  383  865
11  386  553
11  390  734
11  401  808
11  402  865
11  403  865,899
11  411  201
11  414  146,527
11  419  684
11  434  669,734
11  441  375
11  451  116
11  472  429
11  474  535
11  477  460,785
11  479  417
11  485  273
11  491  207,808,955
11  494  877
11  496  982
11  499  367,490
12  13  865
12  21  63,997
12  25  997
12  26  460
12  33  221
12  37  997
12  43  808
12  48  877
12  49  865
12  63  187
12  71  835,929
12  80  116
12  108  997
12  114  232
12  116  232
12  124  232
12  126  911
12  131  36,609,820
12  140  198,820
12  148  538,636,978
12  158  646
12  161  371
12  164  261,763,895
12  179  303,728
12  192  393,870
12  195  116,931
12  200  261,895
12  202  116
12  207  327,671
12  214  273
12  221  808
12  231  460
12  246  369
12  247  502
12  255  36
12  263  808
12  264  652
12  266  808
12  268  66,198,764
12  273  135,320,655
12  277  198,429,820
12  278  974
12  280  393,623,846,870
12  284  375,808,865
12  287  899
12  291  808
12  295  28
12  297  974
12  302  198,820
12  305  538,978
12  306  535,623
12  307  113
12  315  263
12  317  982
12  323  398,646,997
12  326  261,895
12  332  198,684,764
12  342  692
12  343  600,666,884
12  344  130
12  349  22
12  351  375
12  364  820,929
12  373  779
12  380  579
12  392  899
12  397  929
12  400  734
12  421  899
12  424  820
12  425  652
12  426  997
12  427  367
12  440  113
12  448  232
12  464  877
12  465  251
12  477  859
12  478  950
12  481  261,851
12  485  865
12  488  974
12  490  779
13  8  865
13  11  808
13  16  371
13  21  931
13  28  207,955
13  30  84
13  35  146,527
13  41  28,877
13  42  859
13  44  877
13  46  289
13  48  865,899
13  53  982
13  55  130
13  60  808
13  64  808
13  68  519,734
13  72  127
13  81  204,650
13  89  375
13  103  130
13  106  621
13  113  649
13  116  997
13  121  950,983
13  128  524,623
13  133  950,983
13  135  130,820,865
13  138  562
13  143  684,931
13  145  859
13  154  529
13  156  417,472,502
13  157  997
13  160  251
13  167  663
13  175  62
13  182  371
13  184  490
13  185  646
13  188  289,931
13  192  859
13  212  22
13  222  113
13  227  140,326
13  240  84
13  242  261
13  244  974
13  245  734
13  247  997
13  248  371
13  253  865
13  266  371,460
13  270  646
13  287  600,666,884
13  290  367
13  296  763
13  306  649
13  309  859
13  310  127
13  325  997
13  330  204,684
13  331  113
13  334  865
13  337  22,367,911
13  339  519
13  343  727,811
13  354  140
13  364  367
13  368  261,839,865,877,895
13  370  460
13  376  232,460,563,743
13  383  974
13  387  579,786
13  388  198,232,820
13  392  600,650,666,884
13  396  865
13  397  251,522,689
13  411  216,470
13  423  198,820
13  439  460
13  443  187
13  447  371,649
13  455  113,553
13  461  997
13  464  931
13  465  785
13  478  836
13  485  289
13  492  734
13  495  44,469
14  1  62
14  20  579
14  28  140,326,997
14  29  371,808
14  33  684
14  36  62,66
14  53  116,813
14  54  734
14  58  763
14  62  135
14  65  84
14  68  734
14  72  785
14  76  808
14  83  652
14  102  22
14  105  371
14  108  113
14  113  859
14  116  289
14  117  859
14  125  113
14  128  474
14  134  529
14  138  636
14  166  734
14  172  652
14  175  997
14  183  371,636,865
14  191  135,763
14  193  538,877
14  195  303,519,728
14  199  502,931
14  203  472
14  205  320,655
14  213  663
14  222  201,553,579
14  223  997
14  261  411,454,734,974
14  272  140,326,899
14  277  684
14  282  522
14  292  261
14  293  63,865
14  297  684
14  303  496
14  304  579
14  311  600,666,884,997
14  312  911
14  313  487
14  314  649
14  334  997
14  337  820,950,983
14  339  899
14  341  187
14  346  997
14  350  116,232
14  358  198,375,820
14  360  232,621
14  362  206,562
14  370  519
14  381  865
14  386  859
14  396  865,997
14  407  997
14  421  371
14  428  820
14  429  216,974
14  431  289
14  433  997
14  447  579
14  456  371
14  465  460
14  471  820
14  474  472,997
14  477  929
14  485  997
14  488  487,734
14  493  865
14  495  327,671
15  2  472
15  3  146,232,527
15  4  877
15  7  865,877
15  20  187
15  22  429
15  24  636
15  29  289
15  39  460
15  49  779,997
15  55  130,974
15  62  997
15  64  371
15  69  66,859
15  78  734
15  83  371
15  93  472
15  99  931
15  104  557,636
15  120  127
15  131  146,527,579,786
15  137  689
15  139  727,811
15  143  127,623,846
15  148  859
15  155  997
15  156  251
15  170  535
15  183  289
15  189  251
15  194  982
15  197  646
15  201  371
15  218  865
15  229  877
15  235  198,820
15  246  553
15  247  130
15  255  929
15  257  808
15  259  997
15  274  820,865
15  278  62
15  279  209
15  281  734
15  284  649
15  285  579
15  289  367,684
15  291  371,502
15  294  865
15  303  251
15  310  261,895
15  317  813
15  321  997
15  328  820
15  338  460
15  345  116
15  351  113,261,895
15  361  371,734
15  370  66,553
15  377  600,666,884
15  378  28,877
15  386  63
15  387  460,502,621
15  392  130,206,562
15  393  198,820
15  398  367
15  399  997
15  402  289,997
15  403  232
15  405  130
15  406  367
15  407  130,553
15  422  66
15  424  997
15  453  997
15  454  689,734
15  456  127,375,859
15  460  371
15  468  116,650
15  474  579,786,859
15  482  375
15  483  113,460
15  488  371
15  499  865
16  1  679
16  3  195,393
16  12  600,666,884
16  16  244,474
16  17  66
16  20  689
16  26  371
16  27  865
16  28  232,375,519
16  36  367,899
16  44  460
16  46  753
16  48  600,666,884
16  51  367
16  63  371
16  64  289,496
16  68  859
16  73  63,84
16  75  371
16  80  371,636
16  85  502,734
16  86  820
16  91  22,261,636,895
16  100  135
16  108  417
16  114  734
16  116  519,929
16  118  646,734
16  119  649
16  120  808
16  121  689
16  122  974
16  126  10
16  131  460
16  133  470,865
16  138  36
16  139  692,974,997
16  140  146,527
16  141  820
16  149  84
16  153  931
16  154  929
16  156  689
16  157  187
16  158  472
16  162  44,469
16  166  320,655,779
16  169  140
16  171  158,247,529
16  175  371,684
16  187  232,684
16  203  621
16  223  684
16  228  859
16  240  232
16  244  877
16  248  289
16  253  66
16  258  232
16  260  808
16  273  982
16  274  320,655,865
16  277  146,527
16  278  636
16  282  646
16  284  610
16  287  663
16  291  743
16  295  204
16  300  460
16  302  527,557
16  307  116
16  308  519
16  319  997
16  327  519
16  338  460
16  339  460
16  344  865
16  348  371
16  359  997
16  361  66
16  382  646
16  391  524
16  392  974
16  395  460,636
16  396  859,997
16  442  460
16  449  519,610
16  452  130
16  457  232
16  467  209
16  475  116,734
16  483  763
16  484  62
16  486  273
16  490  808
16  500  375
17  2  36,289
17  7  216,375
17  9  116
17  11  859
17  13  931
17  14  782
17  17  460
17  19  627
17  21  28,303,728,877
17  26  216
17  45  931
17  50  974
17  52  865
17  53  36,84,931
17  75  289
17  76  371
17  85  502
17  87  733
17  93  156
17  96  865
17  97  375
17  101  367
17  102  782
17  106  524
17  108  502
17  114  600,666,884
17  122  36,538,978
17  127  727,811
17  131  66
17  135  820
17  136  398
17  140  135
17  146  195,393
17  151  877
17  157  472
17  161  982
17  163  763,785,997
17  165  529
17  168  684
17  169  232
17  170  865
17  190  820,865
17  195  243,279,824
17  200  820
17  202  808
17  213  652
17  216  187
17  226  877
17  230  553
17  244  931
17  247  261,895
17  248  140
17  250  261,895
17  255  22
17  258  439,490
17  259  859
17  264  929
17  273  813
17  274  997
17  275  650
17  283  579
17  301  865
17  304  116,663
17  314  460
17  315  627
17  316  198,820
17  322  113
17  324  261,895,974
17  343  496
17  352  734
17  353  371,997
17  357  130
17  367  36
17  373  646
17  374  997
17  378  417
17  384  113
17  385  519,649
17  388  52
17  393  579,786
17  396  684
17  405  140,326
17  418  997
17  429  488,811
17  438  519,636,808
17  475  779
17  476  734
17  481  216
17  482  130
17  493  997
18  2  393,870
18  3  198,764
18  9  375,470
18  11  273
18  18  636
18  21  579,786
18  25  28
18  27  371
18  28  636,974
18  31  652
18  34  522
18  37  859
18  39  553
18  52  130,839
18  57  63
18  59  232
18  66  496,649
18  70  187,289,865
18  80  289
18  82  820
18  94  232,261,895
18  103  859
18  113  22,877
18  114  663
18  116  679
18  122  153
18  126  251,488,865
18  129  563,808
18  133  116,663
18  135  974,997
18  139  66,808
18  140  911
18  148  743
18  163  10,579
18  172  623
18  177  460,652
18  184  232,649
18  185  843
18  188  649
18  195  470,835,974
18  199  820,974
18  201  289
18  202  289
18  206  535,899
18  211  859
18  215  649
18  218  859
18  224  371
18  225  600,666,884
18  226  931
18  239  621
18  250  327,671
18  255  782
18  259  116
18  261  621,684
18  262  261,808,895
18  263  859
18  270  261,820,895
18  272  519
18  274  997
18  276  327,671
18  280  621
18  292  535,820
18  302  187,198,764
18  305  487
18  310  198,820
18  333  66,116
18  340  460
18  344  320,655,997
18  348  289
18  349  782
18  362  460
18  369  997
18  373  997
18  389  535
18  394  28,877
18  396  684
18  406  950,983
18  423  865
18  426  623,846
18  432  216,367
18  436  158,247
18  438  371,865
18  440  251,367
18  441  627,877
18  443  684
18  447  289
18  451  865
18  452  636
18  455  859
18  462  997
18  477  600,666,884
18  488  763
18  494  201
18  496  813
19  1  664
19  8  66
19  20  557
19  25  535,865
19  26  734
19  38  974
19  44  636
19  49  808
19  50  367,663
19  61  579
19  67  911
19  69  221
19  76  529
19  79  289,563
19  80  140
19  86  84,734,911
19  87  97
19  89  327,671
19  91  502
19  102  66,859
19  120  251,371
19  128  997
19  135  684
19  138  684
19  139  232,538,684,978
19  151  538,978
19  152  839
19  161  813
19  162  327,671
19  172  538
19  188  187
19  200  496
19  202  187
19  203  62,734
19  212  652
19  213  519
19  220  470
19  227  519
19  231  460,982,997
19  255  375,859,911
19  257  371
19  260  367
19  263  116
19  284  417
19  293  367
19  294  877
19  298  460
19  321  579,786
19  324  146,527
19  331  488,652,811
19  334  127
19  339  490,663
19  342  116
19  361  289
19  366  289
19  373  485
19  375  232,649,877
19  376  460
19  380  187
19  383  997
19  387  609,734
19  388  146,195,393,527
19  390  470
19  410  460
19  427  950,983
19  432  627,649
19  433  206,562
19  436  327,671
19  441  62
19  442  743
19  443  502,623,846
19  447  140,187,460
19  449  563
19  462  28,684,877
19  463  488,811
19  466  28,877
19  468  44,469
19  473  519,684,865
19  482  974
19  484  763
19  488  232,460
19  494  734,931
19  497  113
20  1  63
20  7  997
20  10  146,527,684
20  13  997
20  19  28,289,877
20  24  859
20  28  538,743,978
20  29  529
20  33  371
20  49  485
20  50  899
20  64  140
20  66  636,997
20  68  487,950,983
20  75  140
20  77  808
20  81  36,130,649
20  83  289
20  85  460
20  86  472
20  87  355,747
20  97  502,997
20  98  600,666,884,982
20  113  734
20  139  10,195
20  153  623,846
20  157  474,644
20  158  273
20  159  997
20  164  839
20  183  140,743
20  186  877
20  188  460
20  195  538,929,978
20  198  997
20  204  997
20  214  66,734
20  215  859,877
20  222  669
20  240  488,811
20  250  859
20  252  997
20  260  371
20  262  371
20  293  636
20  303  646
20  310  460,808
20  311  371,684
20  323  865
20  330  859
20  334  684
20  341  770
20  343  563
20  349  232
20  350  535
20  353  289,808
20  363  44,469
20  374  460
20  379  579
20  387  734
20  395  743
20  399  813
20  405  997
20  412  519,820
20  414  198,764
20  416  371
20  417  261,820,895
20  426  367
20  428  727,811,950,983
20  439  116
20  440  232
20  454  232
20  466  28
20  473  950,983,997
20  479  130,367
20  491  371
20  495  689
20  497  153,232
20  499  865
21  11  929
21  19  140,251
21  23  146,527
21  29  375,997
21  32  931
21  33  289
21  38  997
21  39  649
21  41  201,553,579,808
21  66  684
21  75  997
21  89  116,689
21  93  232
21  98  859
21  107  997
21  114  636
21  122  553,579,786
21  131  621
21  135  320,649,655
21  137  140,243,279,824
21  138  684
21  144  535
21  148  519,553,684
21  153  770
21  157  553
21  159  684
21  162  931
21  176  439
21  180  911
21  182  289,997
21  185  733
21  193  487
21  202  63,146,527
21  203  135,621
21  212  859
21  214  950,983
21  228  835,859
21  229  140,326,367
21  233  460,636,649
21  237  779
21  251  22,198,820
21  260  289
21  261  623,846
21  265  130
21  282  779
21  283  820
21  288  371,899
21  291  991,997
21  293  743
21  294  808,997
21  300  63
21  303  472,991,997
21  306  460
21  326  198,820
21  334  529,623,846
21  346  899
21  347  859
21  348  140
21  350  646
21  353  320,655
21  368  127
21  376  66
21  383  320,655
21  400  63,375
21  408  10
21  412  243,279,824,877
21  415  28,877
21  426  950,983
21  429  636
21  431  63,130
21  435  289
21  441  146,527
21  453  187
21  454  195,393
21  457  734
21  459  320,655
21  460  289
21  471  808
21  472  692
21  488  195,393,562
21  492  10
21  493  204
22  7  28,877
22  11  371
22  13  535
22  14  198,820
22  17  553
22  18  140
22  21  621
22  33  207,955
22  38  684
22  60  371
22  62  116,198,820
22  69  472,649
22  76  289
22  78  579
22  80  743
22  89  959
22  104  289
22  105  289
22  108  488,811
22  112  519,649
22  119  232
22  120  623
22  122  187
22  127  820
22  128  689,877
22  132  684
22  134  820,950,983
22  135  487
22  137  835,959
22  145  820
22  157  684
22  165  663
22  182  663
22  184  195,393
22  193  63,684
22  194  375
22  215  877
22  231  66
22  235  207,955
22  245  929
22  253  997
22  257  600,666,865,884,899
22  263  371
22  264  113
22  270  733
22  273  303,728,929
22  277  460
22  283  371
22  296  763
22  301  113
22  306  636
22  308  243,279,519,824
22  312  84
22  327  865
22  330  623,846
22  334  663
22  335  62,684
22  338  66
22  342  820
22  359  684
22  368  28,877
22  373  865
22  378  899
22  379  28,232,877
22  391  859
22  392  393,538,870,978
22  394  130,198,820
22  397  959
22  404  974
22  407  579,786
22  408  116,727,811,859
22  417  502
22  420  997
22  424  371
22  439  470
22  440  865
22  449  974
22  453  684
22  457  289
22  466  135,251
22  472  135
22  494  198,553,820
22  495  140
22  497  195,393
23  8  997
23  13  684,997
23  15  289
23  16  206,562,779
23  19  201
23  29  289
23  31  375
23  34  877
23  52  371
23  53  460
23  55  127,929
23  57  116,303,728
23  63  289
23  78  146,251,527
23  80  649
23  81  460
23  84  198,820
23  94  198
23  98  261,997
23  106  553
23  133  836
23  136  232,496
23  141  535
23  145  320,655
23  148  959
23  150  763
23  151  244,487
23  155  470,743
23  168  689
23  170  472
23  175  470,859
23  177  646
23  191  562
23  195  487
23  199  997
23  212  782,997
23  217  66,198,820,877
23  218  623
23  221  367
23  229  52,950,983
23  241  865
23  244  728
23  251  146,527,782
23  259  135,649
23  267  460
23  286  519
23  288  600,666,884
23  307  63
23  310  502
23  321  146,527,621
23  323  130
23  325  579,786
23  326  146,527
23  328  808
23  332  84
23  334  66
23  344  684
23  346  600,666,884
23  359  859
23  361  813
23  369  899
23  370  243,279,824
23  377  261,367,895
23  383  116
23  393  836,859
23  395  261,895
23  398  950,983
23  413  66,375,575,952
23  421  974
23  424  289
23  426  198,684,820
23  430  371,997
23  434  146,527
23  435  460
23  439  289,579,786
23  447  100,239
23  451  997
23  454  763,877
23  456  130,289
23  457  646,997
23  458  579,786
23  460  733,797
23  465  813
23  471  375
23  473  663,950,983
23  475  519
23  486  946
23  488  820
23  489  206,562
23  491  289
23  497  997
24  4  899
24  19  519
24  26  140,839
24  28  140,835
24  29  140,251,859
24  44  931
24  51  36,320,655
24  59  496,734,997
24  67  734
24  76  460
24  82  375
24  90  130,375,982
24  106  329,936
24  107  320,649,655
24  111  429
24  115  535,627
24  116  140
24  121  153,959
24  122  244
24  131  198,764
24  149  371
24  164  502
24  168  623,846
24  176  579
24  180  22
24  182  62,646
24  186  289
24  190  261,320,655,895
24  201  130
24  210  974
24  211  320,655
24  212  859
24  224  289,646
24  227  243,279,824
24  233  743,929
24  258  911
24  262  289,609,997
24  263  470
24  266  289,911
24  269  865
24  278  221
24  282  610
24  288  289
24  290  502
24  304  524
24  312  130
24  316  146,527
24  328  116,950,983
24  332  62
24  336  355,747
24  342  899
24  346  679
24  349  116,195,393
24  351  198,820
24  357  488,811
24  361  997
24  362  393,870
24  364  929
24  366  251
24  386  146,375,527,997
24  388  198,764
24  395  609,734
24  396  623,846
24  400  911
24  402  140,684
24  403  375,563,997
24  407  621
24  416  289
24  417  649
24  418  97,553,684
24  423  198,764,997
24  426  146,527,636,911
24  428  289
24  432  734
24  451  519,684
24  452  201
24  455  84
24  457  140
24  460  140
24  474  474,644
24  479  522
24  485  375,684
24  499  997
25  5  251,734
25  6  62
25  7  232
25  25  201
25  26  779
25  33  232,623,846
25  34  251
25  35  10
25  48  261,895,997
25  50  950,983
25  52  289
25  58  206,562
25  61  836
25  62  146,527
25  70  843
25  86  763
25  95  519
25  96  997
25  102  251,734
25  103  327,671
25  110  627
25  120  911
25  129  371
25  138  36
25  152  28,877
25  155  66
25  156  474,644,959
25  157  820
25  177  535
25  180  207,782,955
25  181  636
25  183  684
25  187  519
25  193  198,820
25  198  997
25  201  201
25  202  140
25  207  460
25  212  820
25  213  243,279,824
25  221  950,983
25  225  44,469
25  229  519
25  235  232,649
25  241  997
25  245  367
25  246  422
25  249  243,279,824
25  250  689
25  252  982
25  257  997
25  264  261,895
25  265  997
25  267  472
25  274  28,684,877
25  275  609
25  278  519,684
25  280  130
25  285  187
25  293  859,997
25  295  865,929
25  300  66
25  301  488,811,997
25  304  94,785,820
25  306  743
25  307  94,820
25  312  974
25  317  734
25  326  877
25  329  371
25  339  243,279,824
25  341  232,363
25  349  393,870,962
25  353  140
25  363  460,734
25  368  859,865
25  369  684
25  372  367
25  373  997
25  383  251,522,684
25  384  198,820
25  386  553
25  387  66
25  389  931,982
25  391  929
25  393  621
25  396  375
25  408  859
25  411  274,443,673
25  415  982
25  417  113
25  430  579,786
25  437  931
25  440  496,519
25  443  470,496
25  460  100,239
25  461  684,734
25  466  52,843
25  472  557
25  484  562,649
26  3  36,206,562
26  4  232
26  8  808
26  14  859
26  22  684
26  25  684,843
26  29  502
26  34  201,813
26  38  684
26  41  669
26  43  371
26  44  743
26  46  579,786
26  47  460,636,650
26  52  684
26  56  63
26  59  485,763
26  61  127
26  63  140,636
26  70  140,895
26  82  28
26  83  623,982
26  88  600,666,884
26  92  84
26  93  375,649
26  100  135
26  101  950,983,997
26  104  140
26  115  472,579
26  120  140
26  131  28,877
26  134  663,734,836
26  138  621,623,846
26  144  63
26  147  929,997
26  152  535
26  167  327,671,808
26  174  743
26  176  84
26  177  113,733,877
26  178  460,649
26  181  496
26  191  519,562
26  197  610
26  202  100,232,239,327,671
26  203  664
26  206  63,600,666,884
26  209  201,553,579
26  210  135
26  211  950,983
26  215  621
26  224  367
26  226  303,728
26  227  835
26  231  206,562,997
26  234  289,689
26  235  146,527,579
26  238  232
26  240  393,870
26  250  836
26  283  289,991,997
26  296  636
26  298  835
26  308  216
26  310  429
26  313  808
26  329  140,289,326
26  350  472
26  353  140,146,490,527,579,786
26  357  974
26  365  820,859
26  367  563,997
26  378  367
26  379  472
26  381  997
26  383  470
26  389  113
26  392  201
26  397  460
26  399  820
26  400  472
26  407  63
26  421  538,911,978
26  424  140,600,666,884
26  425  261,367,851
26  426  198,743,764
26  451  460
26  456  820
26  464  303,728
26  465  859,950,983
26  470  243,244,279,824
26  472  553
26  483  562
27  9  28,146,527,877
27  24  84,502,519
27  25  684
27  29  899
27  30  63
27  32  664
27  33  140
27  35  524
27  37  684
27  44  303,728
27  45  911
27  52  140
27  54  460
27  58  997
27  61  997
27  63  820
27  66  623,846
27  76  663
27  83  140
27  84  127,146,527
27  91  198,820
27  94  195,393
27  97  375
27  103  10
27  112  261,895
27  113  931
27  116  209,439
27  121  836
27  125  488,811,895
27  134  997
27  141  303,728
27  161  289
27  162  763
27  165  899
27  170  997
27  176  62,490
27  177  488,621,811
27  180  859
27  185  63
27  189  22,198,502
27  192  553
27  193  375,808
27  212  113,127,320,655,684
27  219  865
27  220  375
27  235  187,859
27  237  66,485
27  238  519
27  244  502
27  245  733,797
27  246  135,974
27  247  684
27  253  198,684,820
27  264  679
27  265  319
27  266  140
27  273  538
27  278  820
27  292  127,146,527
27  296  562
27  299  865
27  302  557,835
27  304  187,646,899
27  310  198,764
27  325  472
27  330  929
27  337  320,655
27  340  650
27  343  734
27  360  519,763
27  363  66
27  366  201
27  368  198,764,997
27  375  931
27  412  997
27  423  684
27  428  496
27  432  22,717,949
27  444  763
27  452  982
27  454  959
27  457  100,239
27  461  734
27  467  135
27  468  689
27  469  146,527
27  479  974
27  480  127,216
27  486  472
27  493  929,931
27  498  579,786
28  1  460
28  4  600,666,884
28  8  375
28  23  198,764
28  29  22
28  52  375
28  58  460,684
28  59  689,929
28  61  684
28  71  679
28  74  974
28  77  371
28  78  232
28  79  813
28  90  646
28  94  22,146,527
28  119  563
28  144  808,899
28  145  974
28  151  367
28  155  393,870
28  160  66
28  184  375,460
28  185  97
28  203  319
28  204  684
28  209  669
28  213  835
28  217  187,502
28  221  429
28  225  261,327,671,895
28  229  836
28  231  62,684
28  233  734
28  235  116
28  243  198,820
28  246  621
28  249  859
28  260  140
28  265  684
28  267  198,820
28  269  997
28  270  251
28  282  66
28  284  684
28  292  472
28  293  684
28  299  649
28  304  859
28  308  562
28  309  982
28  325  474,644
28  327  116,859
28  328  289,836
28  335  623,846
28  339  66
28  351  198,764
28  361  502
28  364  367
28  366  929
28  372  950,983
28  380  663,950,983
28  396  636
28  403  411,454,859
28  407  502,519
28  408  496
28  416  140
28  421  289,487
28  429  487
28  431  974
28  432  734,950,983
28  436  367,553
28  441  198,519,764
28  452  813
28  462  859
28  465  201,743
28  471  502
28  475  646,982
28  477  261,895
28  481  232
28  483  66
28  484  649
28  490  859
28  493  621
28  497  684
29  6  198,820
29  7  232,371
29  8  371,646,684
29  9  187
29  10  734
29  12  411,454
29  19  472
29  29  135,201
29  33  488,519,811
29  34  496
29  38  743
29  50  487
29  58  62
29  67  367
29  75  261,684,895
29  76  140,146,527
29  77  84,273
29  86  727,811
29  90  813
29  95  289
29  99  303,728
29  111  187
29  125  609
29  134  684
29  139  375,429
29  141  563
29  144  472
29  152  28,877
29  155  36
29  162  303,728
29  163  488,865
29  164  198,820
29  165  398,623,846
29  168  959
29  173  997
29  182  997
29  186  327,375,671
29  187  375
29  190  997
29  193  623,764,846
29  197  865
29  202  557
29  212  836
29  213  113
29  218  997
29  225  609
29  229  63,931
29  234  140
29  240  62
29  249  835
29  250  959
29  251  198,764
29  255  962
29  259  94,820
29  266  66,100,239
29  274  684
29  276  579,689,786
29  286  496
29  291  289
29  295  66,649
29  300  158,247
29  303  201
29  308  835,859
29  323  997
29  330  320,655,813
29  332  198,764
29  336  251,522
29  340  66
29  345  519
29  346  232
29  367  367,684
29  371  470,488,811
29  380  557
29  398  84,836
29  413  663
29  423  600,666,884
29  431  140
29  433  116
29  440  895
29  441  835
29  476  727,763,811,859
29  483  411,454
29  493  527,529,684
29  494  303,728
29  499  429,911
30  1  232
30  6  527
30  14  962
30  16  393,485,870
30  26  130
30  29  100,239
30  36  877
30  40  116
30  48  684
30  51  820
30  61  763
30  66  689
30  68  911
30  74  538,978
30  81  929
30  85  820
30  94  130
30  95  140,835
30  97  460,684
30  99  371,472
30  103  488,865
30  112  460
30  119  232
30  124  865
30  126  201
30  129  303,728,820
30  132  371
30  133  22
30  136  785
30  141  472
30  152  899
30  164  371
30  170  84
30  173  130
30  176  187
30  189  113
30  190  371
30  192  63
30  193  429
30  200  527
30  201  140,646
30  210  538,978
30  212  201,375,553,579
30  223  94,820
30  224  135
30  236  66
30  237  198,429,764
30  241  684
30  246  44,469,487
30  256  623
30  257  232,289,684
30  258  650
30  262  140
30  267  146,527
30  270  529
30  272  63,261,895
30  292  474,644
30  294  931
30  296  417
30  297  22
30  299  997
30  311  261,289,895,997
30  317  422
30  320  488,811
30  326  198,764
30  327  63,835
30  333  470
30  344  502
30  345  679
30  346  209
30  349  201,553,579
30  350  367
30  353  198,621,764
30  354  562
30  362  496
30  363  327,671
30  364  320,655
30  369  496,813
30  370  835
30  371  190,358,725
30  376  820
30  387  470,763
30  394  146,527
30  400  763
30  403  195,393,734
30  406  62
30  408  63
30  412  931
30  415  198,764
30  424  100,239,320,655
30  429  931
30  434  579,786
30  438  997
30  443  502,557
30  449  113,538,978
30  452  743
30  465  836
30  467  206,562,997
30  473  684,899
30  475  610,813
30  479  538,978
30  484  734
30  487  820
30  489  470,636
30  493  663
31  7  931
31  26  263
31  28  243,279,375,519,824
31  29  100,239,623,846
31  30  63
31  38  623,846
31  39  273
31  46  140
31  49  371
31  52  84,100,239
31  53  877
31  59  519,562
31  69  201,579
31  73  553
31  79  140
31  86  474,644
31  93  859
31  98  140
31  105  140
31  111  557
31  113  63
31  126  899
31  144  460,600,666,884
31  147  579,786,929
31  149  130
31  150  460
31  151  113
31  154  663,877
31  156  779
31  163  623,846
31  166  644
31  169  519
31  172  743
31  175  289
31  177  472,931
31  180  232
31  188  66
31  194  375,646
31  196  251,684
31  197  997
31  199  684
31  207  664
31  216  198,820
31  218  684
31  223  472
31  230  289
31  243  931
31  250  146,527
31  271  562
31  275  84,375
31  282  146,232,527
31  284  460,623
31  322  201,221,488,811
31  339  502
31  341  519
31  354  100,130,239
31  355  371
31  361  684
31  364  66,234
31  365  320,655
31  366  140
31  367  273
31  368  684
31  379  496
31  404  808
31  406  836
31  420  808
31  422  529
31  425  950,983
31  437  684
31  438  289,684
31  459  974
31  461  763
31  462  206,562
31  463  997
31  468  375,609
31  473  623,846
31  494  820
31  499  997
32  4  146,527
32  5  663,763
32  12  261,895
32  15  140
32  22  623,846
32  24  62
32  31  113
32  33  100,239
32  34  127
32  39  66
32  40  519
32  43  289
32  49  289
32  60  289
32  62  22,470
32  64  195,393
32  65  877
32  67  950,983,991,997
32  76  579
32  84  140,326,808
32  96  684
32  101  684
32  104  36
32  123  813,929
32  128  180,556,809,836
32  129  743
32  136  116
32  137  320,655
32  138  689
32  152  263,474,644,820
32  164  289,562
32  172  460
32  173  610
32  180  251,519,522
32  182  899
32  207  689
32  209  135,496
32  210  487
32  216  130
32  219  375,997
32  220  371
32  240  190,358,725
32  242  146,527
32  251  859
32  252  579,786
32  258  931
32  260  950,983
32  264  488,811
32  266  472
32  277  66
32  283  140
32  285  198,519,820
32  294  610
32  295  460,895
32  298  813
32  306  28,877
32  319  375
32  320  140
32  324  538,978
32  331  113
32  344  470
32  346  261,895
32  347  743
32  348  100,239
32  350  206,474,562,644
32  354  579,786
32  361  140,502
32  368  263,623,846,931
32  371  303,728
32  375  206,562,663
32  385  116,950,983
32  389  460
32  405  689
32  407  135
32  408  28,877
32  409  692
32  420  579,786
32  431  835
32  433  94,820
32  450  636
32  461  216,763
32  462  460
32  480  22,717,785,949
32  482  538,978
32  484  62
32  486  865,982,997
32  487  524
32  490  429,911
32  497  190,358,725
33  1  519,982
33  5  727,811
33  7  289,684
33  20  320,655
33  24  991,997
33  25  474,644,895
33  27  859
33  28  100,239,835
33  38  63
33  54  763
33  58  911
33  60  140
33  63  140
33  66  743
33  70  146
33  77  62,289
33  78  562
33  85  66,763
33  86  62
33  88  261,895
33  90  684
33  100  84
33  101  836
33  102  201,553,579
33  111  877
33  127  496
33  129  289
33  139  487,623,846
33  142  371
33  144  261,895
33  146  692
33  149  62,538,978
33  161  140
33  169  649
33  170  62,474,644
33  172  180,273,556,809
33  182  689
33  186  130
33  190  146,527
33  198  502
33  201  367
33  214  836
33  217  931
33  219  684
33  220  289,689
33  224  140
33  231  623,846
33  234  100,239
33  261  487
33  263  289
33  285  146,243,279,527,824
33  289  375
33  299  684
33  305  140
33  311  684
33  312  62
33  327  130
33  328  140,375
33  344  10,636
33  345  836
33  352  439
33  360  524
33  373  684
33  374  66,684
33  375  460
33  389  244,472
33  390  835
33  401  371
33  406  221
33  417  734
33  421  859
33  425  836
33  428  836
33  436  689,911
33  439  66
33  440  490
33  442  621
33  448  367
33  450  127
33  455  488,811
33  457  684
33  458  621
33  461  201,562
33  462  575,859,952,991,997
33  470  835
33  471  472
33  477  609
33  486  997
33  492  535
34  1  519
34  5  562
34  6  734
34  12  609,877
34  20  502
34  42  502
34  58  562
34  63  743
34  74  487
34  77  375
34  82  320,655
34  94  198,764
34  101  623,846
34  103  130
34  109  553
34  124  195,393,843
34  129  140
34  132  84,289
34  142  289
34  147  679
34  149  201
34  158  94,733,797,820
34  162  562,959
34  174  490
34  180  962
34  181  859
34  185  859,929
34  187  859
34  195  187
34  196  859
34  202  519
34  206  472
34  212  623,846
34  215  623,846
34  221  836
34  222  261,728,895
34  230  140
34  241  460,502
34  244  836
34  263  28,375,877
34  264  209
34  267  195,393
34  270  198,263,764
34  278  743
34  281  931
34  284  485
34  286  263,859
34  287  261,895
34  289  234
34  296  84,562
34  297  553
34  301  684
34  314  303,663,728
34  327  303,684,728
34  343  609
34  351  190,358,725
34  368  429,684,820
34  374  621,743
34  376  273
34  378  52
34  379  557
34  382  140,326
34  402  261,460,895
34  412  835
34  417  488,811
34  418  623,846
34  427  84
34  435  140,734
34  436  950,983
34  473  367,835
34  478  813
34  479  813
34  482  487
34  484  553
34  485  62
34  492  216,375,472
34  493  303,728
34  496  522,743
34  499  684
35  1  319
35  4  519
35  8  289
35  13  472
35  16  859
35  39  535
35  54  562
35  59  679
35  61  562,621
35  62  684
35  64  502
35  68  835
35  71  785
35  81  859
35  86  36,496
35  88  609
35  97  146,527
35  100  627
35  103  221,689
35  114  195,393,899
35  117  472
35  118  763
35  124  895
35  132  116,733,797
35  136  94,820
35  141  97,474,644
35  142  140
35  145  22
35  150  502
35  167  130,689
35  175  623,846
35  180  320,655
35  186  393,621,870
35  192  22,221
35  197  684,763
35  202  689
35  205  460
35  206  911
35  213  135
35  216  557
35  217  557
35  221  982
35  224  100,239
35  225  959
35  229  243,279,824
35  231  66,496
35  246  859
35  247  519
35  251  962
35  252  621
35  253  146,527
35  256  734
35  258  519
35  262  684
35  265  623,846
35  275  991,997
35  283  100,239
35  286  36
35  291  100,239,786
35  296  320,655,929
35  301  190,358,725
35  305  100,239
35  312  488,811
35  319  684
35  329  140
35  338  375
35  340  84,496
35  343  375
35  344  488,865
35  356  734
35  357  460
35  369  609
35  376  66
35  378  779
35  380  553,650
35  382  367
35  389  488,811,820
35  393  836
35  399  621
35  404  538,978
35  413  460,911
35  422  232,663
35  423  733,797
35  424  820
35  432  460
35  437  303,375,728
35  441  836,931
35  444  207,562,955
35  449  835
35  450  743
35  456  320,655,770
35  457  836
35  458  820
35  467  393,460,684,870
35  486  474,644
35  489  66
35  492  251,522
35  498  931
36  7  195,393,734
36  9  770
36  11  289,836
36  13  684
36  15  813
36  19  263
36  25  802
36  27  28,140,877,997
36  31  488,811
36  34  929
36  40  813
36  42  216
36  51  320,655,743
36  53  62
36  73  52
36  78  201,460
36  80  460
36  88  474,644
36  90  232
36  92  198,764
36  97  66,94,470,820
36  107  460
36  108  779
36  109  195,393
36  113  303,474,644,728
36  114  609
36  119  859
36  122  557
36  127  808
36  133  684,843,943
36  138  623,846,959
36  142  931
36  143  303,728
36  150  562,950,983
36  154  931
36  158  146,527
36  159  460
36  164  140
36  171  663
36  176  997
36  183  519
36  190  684
36  197  562
36  202  646
36  209  470,753
36  212  127
36  219  623,846,859
36  234  519,743
36  245  763
36  246  329,936
36  255  201,553,579
36  270  663
36  271  62
36  286  439
36  313  393
36  318  140,326
36  321  66,198,764
36  340  198,764
36  352  763
36  355  785,929
36  356  261,851
36  358  982
36  363  636
36  375  785
36  377  609,836
36  389  655
36  403  127
36  411  813
36  413  899
36  421  519
36  433  623,846
36  438  140
36  454  393,870
36  459  997
36  462  221,393,870
36  463  579,786
36  476  190,358,562,725
36  481  206,562
36  491  140
36  498  261,895
37  8  610
37  11  140,221
37  16  519
37  32  303,319,728,743
37  35  135
37  37  36,623,846
37  43  140
37  47  84
37  49  684
37  58  135
37  59  959
37  63  100,239,692
37  66  460
37  67  763
37  70  100,239
37  76  66,100,239
37  83  140,326,813
37  93  375
37  94  393,870
37  98  398,621
37  99  289
37  102  62
37  105  502
37  112  609
37  116  684
37  117  135,950,983
37  119  206
37  132  140
37  136  158,247
37  143  779
37  144  375,460
37  147  209
37  169  519
37  173  623,846
37  180  28,877
37  190  198,764
37  194  84
37  201  859
37  202  375
37  209  429
37  214  52
37  218  63
37  221  813
37  236  836
37  237  835
37  252  813
37  260  429,836
37  261  649
37  263  140
37  273  487
37  276  959
37  278  319,836
37  282  519
37  285  411,454
37  287  563
37  288  140
37  294  684
37  296  502
37  299  460
37  303  375
37  318  959
37  325  763
37  331  190,358,488,725,811
37  355  198,764
37  371  636
37  373  367,684
37  378  485
37  379  62
37  380  84
37  381  684
37  382  664
37  391  198,764
37  394  198,764
37  402  609,785
37  403  623,846,950,983
37  420  429
37  423  835
37  424  609
37  426  116
37  427  62
37  436  836,959
37  440  802
37  461  251,522
37  478  320,655
37  479  487
37  487  460,684
37  491  100,239
37  496  877
37  498  303,728
38  1  813
38  5  644
38  7  519,623,846
38  8  127,140
38  13  153
38  19  931
38  22  733
38  26  204
38  36  836
38  37  135
38  39  460
38  47  684,859
38  51  234
38  56  367
38  58  623,846
38  70  802
38  75  244
38  77  140
38  84  519
38  91  877
38  93  460
38  104  743
38  112  243,279,824
38  116  251
38  125  303,728
38  133  623,846,895
38  134  10
38  145  113,785
38  148  835
38  150  519
38  151  190,358,725
38  152  320,655
38  153  363
38  156  63,470,485
38  169  460,835
38  172  221
38  174  689
38  177  644
38  178  66,835
38  182  959
38  188  557,859
38  194  557
38  202  198,764
38  207  251,522
38  233  251
38  235  623,846,877
38  245  251,522,836
38  247  470,522
38  253  623,846
38  257  140,261,609,895
38  263  263
38  267  474,644
38  269  684
38  270  899
38  276  609
38  285  557
38  289  375,623,627,846
38  307  470
38  309  221
38  311  140
38  314  911
38  317  44,469
38  324  198,764
38  326  207,955
38  327  470
38  339  835
38  355  140
38  356  216,911
38  361  636
38  363  689
38  365  836
38  371  743
38  387  66,562
38  390  835
38  392  261,895
38  394  734
38  399  859
38  400  474,644
38  401  289
38  404  289
38  410  327,671
38  412  684
38  413  319
38  422  398
38  425  190,358,725
38  429  522
38  441  502
38  447  146,527,557,950,983
38  449  63
38  457  623,846
38  459  684
38  461  562
38  463  190,358,725,911
38  467  375
38  469  562
38  474  623,846
38  480  808
38  484  460
38  487  329,936
38  488  140
38  499  623,846
39  1  66
39  18  808,911
39  27  100,239,684
39  35  488,865
39  38  487
39  39  646
39  40  243,279,824
39  59  209
39  62  429
39  67  135,485
39  90  519
39  101  836
39  109  206,562
39  119  870
39  123  130
39  124  206,562
39  128  959
39  134  899,929
39  145  811
39  149  487,733,797
39  154  899
39  164  28,100,239,877
39  171  66,470
39  175  140
39  176  557,579,786
39  186  959
39  187  623,846
39  189  190,358,725
39  196  836
39  203  524
39  220  140
39  230  813
39  235  198,557,764
39  248  100
39  256  221
39  259  460
39  263  100,239
39  272  609,835,950,983
39  273  519
39  282  198
39  294  303,728,859
39  297  538,978
39  300  375
39  314  201,579,899
39  326  931
39  328  470
39  334  899
39  337  859
39  339  502
39  344  743,846
39  345  209
39  357  978
39  372  502
39  379  393,870
39  382  319
39  385  460
39  391  66
39  392  487
39  394  201,263
39  401  140
39  403  206,562
39  405  959
39  409  52
39  423  609
39  429  743
39  434  621
39  439  140,621
39  444  232
39  447  836
39  455  553
39  471  429
39  475  470
39  487  320,655
39  489  393,743,870
40  2  66,474,644
40  11  950,983
40  14  198,201,553,579,764
40  21  263
40  43  100,239
40  48  609
40  49  140
40  54  66
40  57  470
40  65  931
40  67  562
40  68  836
40  69  474,644
40  72  375
40  73  135
40  90  251,610
40  93  859
40  94  563
40  97  198,764
40  101  820
40  108  859
40  116  100,239
40  128  621
40  147  127
40  149  100,239
40  150  375,836
40  151  692
40  158  610
40  165  579,786
40  166  485
40  167  429,899
40  173  684
40  177  66,263
40  203  329,553,936
40  210  835
40  218  153,623,846
40  230  950,983
40  233  66
40  234  460
40  235  519,627
40  237  950,983
40  238  859
40  241  623,846
40  247  609
40  256  180,556,809
40  258  84,303,728
40  260  198
40  261  460,557
40  275  153
40  281  303,692,728
40  282  485
40  287  94,820
40  292  808
40  299  623,846
40  309  813
40  322  190,358,725
40  323  684
40  324  487
40  339  899
40  342  609
40  351  140
40  355  679
40  356  22,717,949
40  358  94,820
40  361  911
40  363  743
40  364  439,836
40  368  303,623,728,846
40  373  116,623,846
40  378  609
40  396  859
40  404  487
40  407  243,279,824
40  408  221
40  417  460
40  421  140
40  423  303,728
40  429  130,734
40  432  836
40  441  519
40  451  623,835,846
40  456  363,931
40  457  460
40  469  553
40  474  785
40  480  429
40  486  579,786
40  488  496
40  491  232
40  497  393,870
40  498  609
