1  8  22
1  11  519
1  14  470,650,997
1  18  801
1  20  409
1  21  525
1  22  109
1  25  692,808,946
1  32  519,808
1  33  290
1  36  802
1  37  516,596,946
1  40  319,562
1  43  808
1  46  802
1  52  535
1  61  646,663
1  73  516,596
1  77  646
1  79  997
1  80  802
1  93  519
1  94  801
1  103  156
1  104  22,44,469,802,957
1  105  140,490
1  108  363
1  113  646,679
1  114  782
1  119  290,519,836,997
1  124  836
1  125  22,28,109,877
1  141  319
1  145  300
1  150  516,596
1  171  319
1  173  22
1  182  646,899
1  185  409
1  189  836
1  194  319,525,692
1  201  140,319,679
1  202  959
1  213  782,997
1  214  319,836,899
1  225  802
1  231  519,522
1  238  470
1  240  319,957
1  241  739
1  243  646
1  244  519
1  246  957
1  255  109
1  259  369
1  260  946
1  261  519
1  263  66
1  274  801
1  281  734
1  289  319,371
1  290  808
1  291  529
1  297  319
1  301  997
1  307  243
1  314  22,357,646
1  318  579
1  328  529,782
1  329  739
1  339  535
1  344  319
1  353  663
1  362  290
1  371  646
1  379  393,870
1  384  522
1  385  801
1  390  22,274,443,673,679
1  392  801,802
1  393  519,621
1  405  782
1  407  782
1  408  28,621,877
1  409  519
1  421  562
1  426  802
1  428  290,357
1  430  329,519,525,936
1  432  290
1  438  997
1  441  522
1  444  663
1  454  519,692
1  456  243
1  462  319
1  465  739
1  467  782
1  468  411,454
1  472  470
1  479  28,877
1  483  207,519,955
1  486  221,274,673
1  487  579
1  492  127
2  1  490
2  7  22
2  9  127
2  13  140,470,516,596
2  14  319,684,982
2  23  692
2  25  319,409,997
2  26  522
2  33  801
2  36  808
2  37  44,469,519
2  38  519
2  49  562
2  52  127
2  61  692
2  63  734
2  67  232
2  70  28,409,877
2  73  28,877
2  75  808
2  78  801
2  98  140,326,801
2  100  290
2  102  519
2  125  300,319
2  126  44,207,459,469,519,955
2  134  646
2  135  290
2  136  535
2  139  22
2  147  997
2  148  156,320,519,655,957
2  151  782
2  166  28,409,808,877
2  170  109,409,663
2  171  156
2  177  319,409
2  180  319,997
2  192  274,443,673
2  194  398
2  197  802
2  202  263,997
2  204  398,808
2  215  782
2  235  802,904
2  245  519
2  249  692
2  252  290
2  253  646
2  254  962
2  268  801
2  278  243
2  282  357,525,734
2  283  535,808
2  285  502,808
2  291  454,722
2  300  409
2  301  329,646,684,936
2  305  997
2  314  109,562,782,802
2  334  646
2  343  22,502
2  344  727,811,982
2  345  393,519
2  347  522,997
2  353  357
2  365  290
2  368  487
2  370  156,808
2  376  28,877
2  378  957
2  385  700
2  389  836
2  390  116
2  391  808
2  399  319
2  402  28,877
2  406  300,836
2  419  66,207,782,955
2  424  997
2  428  519,663
2  430  779
2  440  367,519,824
2  442  646
2  445  319
2  454  398
2  458  519,679
2  464  44,469
2  474  663
2  475  519
2  478  801
2  480  22
2  487  516,596
2  488  470,663,801
2  489  319,522
2  495  692
2  496  516,596
2  497  522
3  1  663
3  7  206,562,997
3  8  519
3  11  820
3  14  516,596
3  22  357
3  28  251
3  30  946
3  37  127,579
3  38  329,936
3  40  470
3  41  371
3  48  470
3  52  490
3  53  232,535
3  54  957
3  58  319,522
3  61  502,943
3  64  562,801
3  66  782
3  73  263
3  75  371,663,782
3  77  207,290,801,836,955
3  86  802
3  89  899
3  94  319,522
3  102  490
3  108  490
3  128  782
3  139  66
3  142  516,596,663
3  145  519
3  147  836
3  153  363
3  175  44,469
3  177  357,409,782
3  178  519
3  182  789
3  190  470
3  192  663
3  193  409
3  202  409
3  204  859
3  207  320,454,655,722
3  210  319
3  213  684
3  221  802
3  230  739
3  231  116,216,234
3  244  127
3  250  997
3  251  519
3  253  367,801
3  262  801
3  268  692,700
3  269  156,997
3  273  290
3  276  579
3  280  646
3  282  519
3  287  535
3  292  522,931
3  298  522
3  299  357
3  305  300,684
3  306  470,808
3  307  516,596
3  315  319,802
3  328  722
3  342  663
3  353  943
3  358  519
3  369  519
3  370  22
3  371  367,684
3  375  66
3  385  263,646
3  392  156
3  393  127
3  407  962
3  413  519,522,899
3  415  469
3  439  522,646
3  458  519
3  461  28,877
3  468  801
3  473  899
3  474  22,329,936
3  476  663
3  477  519
3  480  957
3  484  22
3  487  470
3  491  140,519
4  1  206,562
4  2  393,870
4  15  535
4  24  522
4  25  206,562,646,931
4  26  109
4  27  290,319
4  36  519
4  38  127
4  39  734,957
4  56  997
4  61  398
4  71  409
4  77  232,957
4  80  957
4  85  522
4  86  28,679,877
4  87  470
4  90  522
4  97  319
4  100  725
4  105  646,679
4  108  801
4  126  232
4  128  519
4  134  319
4  139  502,646,692
4  143  621
4  144  409
4  157  997
4  166  207,955
4  170  525,621
4  177  904
4  202  727,811
4  216  525,646
4  231  127,319
4  233  739
4  234  244
4  248  997
4  263  519
4  265  207,955
4  266  290
4  273  725
4  287  409
4  296  28,877,997
4  300  371
4  301  579
4  302  319
4  305  300
4  322  28,877
4  325  290
4  328  663,962
4  337  802
4  342  290,519
4  360  692
4  364  319
4  370  109
4  384  739
4  392  519
4  400  801
4  407  519,646
4  423  663
4  425  290
4  441  94,207,820,955
4  444  409
4  446  470
4  447  319
4  449  808
4  450  646
4  452  369
4  453  739
4  455  28,877
4  459  22
4  466  519
4  468  84
4  470  409
4  475  127
4  476  727,811
4  479  263
4  482  957
4  485  470
4  488  207,789,955
4  493  997
4  499  519
5  1  943
5  19  525
5  25  393,398,870
5  26  411,454,957
5  28  22,801
5  34  519
5  50  836
5  64  519,679
5  76  409
5  79  319,684
5  103  519
5  104  216,234
5  114  962
5  120  411,454
5  126  959
5  132  808
5  137  519,801
5  138  195
5  157  684
5  164  997
5  168  319
5  172  470,522
5  183  519
5  185  140
5  186  836
5  194  997
5  197  692
5  216  367
5  217  409
5  218  525,646
5  220  140,326
5  228  522
5  230  109
5  238  375
5  250  684
5  252  836
5  260  371
5  262  700
5  266  725
5  270  411,454
5  273  427
5  276  187
5  285  646
5  293  579
5  303  369
5  304  371
5  305  165
5  310  319
5  311  646
5  321  290
5  323  393,646,870
5  324  802
5  327  470
5  336  66,519
5  343  663
5  358  522,734
5  364  727,811
5  365  725
5  370  470
5  371  502
5  380  22
5  382  303,646,728
5  383  692
5  386  319
5  387  801
5  393  743
5  400  700
5  402  221
5  405  502,962
5  406  234
5  407  367
5  408  263
5  412  320,655,663,808
5  414  140,326,801
5  415  22
5  417  957
5  422  490
5  426  470,663
5  434  502
5  436  502
5  450  516,596
5  467  519
5  483  802
5  484  782
5  487  516,596,646
5  490  319
5  491  522
5  496  274,443,673
6  5  782,997
6  7  369,684
6  8  319,529
6  11  232
6  16  663,959
6  17  522
6  19  263
6  34  836
6  37  946
6  43  522
6  52  789
6  53  692
6  55  28,877
6  56  684
6  68  22,516,596
6  83  519
6  90  409,904
6  94  487
6  97  646,811
6  99  782
6  105  411,454
6  113  367,487
6  122  519
6  124  234
6  125  700
6  126  327,671,949
6  128  962
6  131  140
6  133  487
6  144  371
6  147  140,326,684
6  149  290,782,801
6  152  522
6  162  320,655
6  170  319
6  173  156
6  176  646,801
6  177  319
6  187  802
6  191  899
6  195  490,782
6  199  502
6  201  22,820
6  212  221
6  213  782
6  215  962
6  222  801,959
6  234  997
6  239  801
6  243  375
6  245  127
6  246  221
6  248  579
6  256  997
6  260  877
6  261  319
6  262  127,429
6  282  10
6  285  371
6  288  109
6  307  692,997
6  314  801
6  320  28,877
6  327  692
6  328  201,553,579
6  329  502
6  330  808
6  343  943
6  354  519,802
6  355  319,519
6  358  10
6  368  957
6  371  802
6  372  319
6  376  109,263
6  383  156
6  396  522
6  402  263
6  403  470,692
6  416  519
6  417  329,936
6  421  802
6  423  409,487,525
6  426  911,943
6  428  725
6  429  22
6  433  663
6  438  684
6  443  519
6  448  22
6  450  319
6  457  646
6  461  646
6  467  201,553,579,936
6  473  261,522,895
6  497  319
7  3  393,870
7  20  957
7  26  22
7  28  22,516,596
7  31  519,957
7  32  127
7  37  877
7  39  997
7  47  319
7  48  982
7  49  319
7  53  398
7  58  535
7  62  646
7  65  808
7  67  519
7  69  22
7  70  263
7  74  156,409
7  75  962
7  77  234,808
7  82  808
7  91  300
7  101  156
7  102  127,522
7  116  519
7  129  207,393,870,955
7  130  522
7  133  516,596,779
7  143  743
7  149  84,522
7  150  579
7  153  290,782
7  155  646
7  157  393,870
7  167  319
7  171  579
7  177  300,962
7  181  519
7  193  957
7  203  357
7  216  319,454
7  222  411,454,487,502
7  233  109,487
7  236  535
7  248  187,623,846
7  249  398
7  258  836
7  264  156,579
7  265  522
7  276  931
7  280  663
7  282  127
7  286  522
7  296  470
7  302  700
7  303  663
7  311  367,519
7  315  911
7  317  28,519,621,877
7  320  516,596
7  330  22
7  333  519
7  334  367
7  345  519
7  347  684,946
7  349  516,596,997
7  352  319
7  357  519,808
7  363  519
7  367  782
7  369  300,579
7  373  319,650
7  374  519
7  379  319
7  385  367
7  393  579
7  394  692,801
7  407  802
7  408  743
7  413  116,127,600,666,884
7  423  371
7  424  502
7  431  801
7  435  409
7  437  290
7  443  519,562
7  456  263
7  457  127
7  462  327,671
7  463  44,469
7  476  496
7  488  700,725,943
7  493  684
7  496  84,579
8  9  263,519
8  17  66,116
8  24  116
8  27  725
8  37  327,671
8  42  66,782
8  50  234,319,877
8  52  28,877
8  56  663
8  61  319
8  64  734
8  76  319,835
8  81  663,782
8  83  127
8  86  290
8  96  525
8  102  808
8  105  522
8  111  411,454
8  115  519
8  116  357
8  119  908
8  120  522
8  121  320,655
8  123  522,646
8  125  263
8  126  689
8  128  201,553,579
8  141  371,997
8  143  127
8  152  393,870
8  154  470,579
8  162  519
8  166  216,232
8  173  502
8  180  502
8  188  519
8  203  808
8  205  320
8  209  44,469,801
8  213  962
8  217  371
8  225  911
8  227  801
8  229  562
8  230  28,219,877
8  239  700
8  240  319,727,801,811
8  243  135,367
8  247  319
8  250  959
8  255  621
8  258  234,946
8  259  243
8  274  519
8  287  371,474,644
8  305  470
8  310  727,811
8  318  692
8  323  357
8  328  669
8  331  22,66,789
8  337  319,911
8  340  899
8  354  801
8  360  398
8  368  692
8  371  808
8  386  802
8  387  127,700
8  388  409,579
8  394  398
8  397  409
8  402  251
8  405  201,553,579
8  407  127
8  409  127
8  417  959
8  420  490
8  424  684
8  425  140,326
8  427  22
8  432  725
8  439  516,596
8  443  28,877
8  455  263
8  474  782
8  498  28,877
9  8  127
9  14  221
9  16  109
9  22  904
9  23  398
9  28  502,529,700,782
9  30  207,877,955
9  40  982
9  47  319
9  49  22,519
9  75  201,553,579,943
9  77  120,594
9  82  371,516,596
9  85  22,207,955
9  89  600,666,884
9  92  519,899
9  93  646
9  95  663
9  97  496
9  104  219,500,627
9  106  207,955
9  107  519
9  108  621,700
9  111  646
9  112  28,782,877
9  113  320,655,733,734
9  128  835
9  132  371
9  133  579
9  135  725
9  138  957
9  149  725,962
9  151  646
9  153  206,562
9  165  519
9  175  519,899
9  177  727,811
9  188  946
9  191  261,895
9  193  470
9  195  725
9  201  496,522
9  221  195,393
9  234  789
9  239  127,429
9  264  319,562
9  269  684
9  272  490
9  277  522,734,782
9  278  646
9  279  470
9  280  367
9  282  663
9  284  409
9  300  721,846
9  306  371
9  308  516,525,596
9  313  470
9  314  367
9  322  519
9  332  367,801,824
9  337  496,519
9  343  782
9  344  496,801
9  353  877
9  354  127,221
9  360  663
9  364  789
9  366  789
9  376  319
9  387  66
9  388  371
9  392  327,671
9  404  646,782
9  408  387
9  424  393,870
9  431  700
9  434  997
9  445  727,811
9  446  371
9  457  367,877
9  464  327,671
9  470  371,801
9  479  692
9  483  911
9  484  959
9  485  375
9  486  516,596
9  490  319
9  493  525
9  500  802
10  2  801
10  11  127
10  12  519
10  13  801
10  16  490
10  21  290,621
10  26  487,621
10  27  427
10  28  319
10  33  427
10  46  502
10  49  127
10  54  997
10  59  319
10  62  367
10  64  127,684
10  68  646,946
10  70  782
10  72  195,319,393
10  75  669
10  80  357
10  83  371
10  86  725
10  87  982
10  89  261,895
10  90  116
10  98  28,789,877
10  113  663
10  116  127,904
10  119  234,835
10  121  519
10  130  22,700
10  131  997
10  138  802
10  140  692
10  141  650
10  143  808
10  144  721,846,997
10  145  877
10  149  201,553,579
10  153  721,846
10  171  727,739,811
10  172  251,319,375
10  175  931
10  179  28,877
10  189  234
10  193  300
10  206  22,109,789
10  213  962
10  216  525,733
10  221  357
10  223  28,877
10  231  116,808
10  237  522,663
10  240  357,525
10  241  109
10  248  997
10  251  835
10  252  725
10  257  535,663,808
10  258  519
10  271  801
10  272  22,692
10  274  808
10  277  10,859
10  282  398
10  287  522
10  295  490,522
10  321  409,725
10  324  319
10  326  502
10  328  753
10  333  835
10  361  646
10  367  962
10  372  646,727,811
10  377  502
10  390  84,243
10  393  808
10  411  519,579
10  414  579,700
10  422  519
10  429  904
10  432  290
10  434  320,655
10  438  623,846
10  441  319,470
10  443  22,319
10  444  943
10  452  300
10  457  195,393
10  467  669
10  470  721,846,931
10  476  156
10  478  663
10  481  290
10  486  579
10  491  116
10  494  808
10  498  319
10  499  127
11  14  516,711,727,811
11  22  997
11  25  367,371
11  31  502
11  56  623,846
11  59  44,469,727,811,957
11  63  127,519
11  64  808
11  81  962
11  85  116
11  86  320,427,655
11  93  127
11  108  801
11  112  962
11  115  127
11  122  519
11  147  234
11  161  519
11  164  156,646
11  172  135,727,811
11  180  782
11  183  997
11  185  371
11  188  127,700
11  191  609
11  195  962
11  197  398
11  202  409,575,952
11  203  290
11  204  371
11  205  646
11  209  700
11  210  727,811
11  211  28,522,877
11  215  669
11  221  206,562,904
11  224  502,789
11  225  627
11  227  700
11  230  855
11  240  700,727,811
11  241  621
11  246  357,522
11  252  727,811
11  255  153
11  260  140,721,846
11  267  782
11  277  371
11  278  663
11  281  10
11  282  802
11  284  371
11  288  127,621,997
11  296  650
11  306  289
11  307  684
11  316  66
11  324  387,519
11  325  725
11  336  808
11  341  836
11  351  409
11  357  371,801
11  361  367
11  362  802
11  368  44,469,929
11  373  519
11  376  519
11  380  319
11  381  997
11  386  579
11  390  562
11  396  195,393
11  413  369,943
11  419  232,962
11  420  519
11  427  206,562,743
11  428  243
11  431  28,877
11  434  782
11  442  367
11  443  263
11  450  663,727,811
11  455  692
11  461  367
11  462  195,393
11  478  802
11  479  398
11  481  789
11  487  579
11  489  409
11  491  839
12  1  290,820
12  8  808
12  17  320,655
12  19  393,454,801,870
12  23  187
12  29  28,109,650,877
12  31  931
12  33  300
12  50  120,187,263,594
12  57  516,596,959
12  61  991,997
12  63  127,808
12  68  502,808
12  75  753
12  77  371
12  92  261,895
12  112  575,952
12  115  808
12  123  367
12  125  15,621,835
12  142  579
12  145  911
12  147  22
12  149  195,393,427,470,519
12  151  962
12  156  22,243,525
12  157  646
12  159  290
12  161  516,596,835
12  162  931
12  164  251,367
12  166  289,519
12  175  609
12  177  201,371,553,579
12  180  470
12  199  243
12  202  387,684
12  214  600,666,884
12  218  367
12  219  409,519
12  223  789
12  227  127,429
12  234  367,519,824
12  237  367,562
12  241  127
12  256  782
12  267  319
12  271  519,522
12  274  700
12  299  904
12  304  997
12  317  127
12  336  289
12  338  28,877
12  341  207,955
12  353  904
12  354  127
12  355  525
12  361  733
12  367  201,553,579
12  368  500
12  378  470
12  391  371
12  395  221
12  400  319
12  403  398,943
12  407  669
12  408  679
12  421  409
12  423  263,502
12  429  782
12  430  454
12  432  931
12  437  725
12  441  398
12  443  329,936
12  455  232
12  462  579,727,811
12  464  369,689
12  467  801
12  468  700
12  480  216,234
12  485  470
12  486  307
12  494  371
12  498  727,811
13  8  496,700
13  10  519,835
13  21  663
13  29  621
13  33  519
13  35  319
13  36  371
13  39  485,700
13  42  650
13  49  496
13  52  369
13  56  216,711
13  58  116
13  65  371
13  66  962
13  67  409
13  70  487
13  73  579
13  76  727,811
13  77  22,289
13  78  692
13  82  289
13  94  946
13  96  801
13  98  127
13  105  209,387
13  116  808
13  124  120,579,594,786
13  125  502
13  130  15,782
13  133  371
13  136  946
13  149  127
13  164  684,943
13  165  835
13  168  44,469
13  172  470
13  177  165,669
13  180  502,982
13  183  127
13  187  319,911
13  188  263
13  202  219
13  203  371
13  214  609
13  221  319
13  222  579
13  228  116
13  237  522,904
13  240  109,319,375,802,904
13  244  692,808
13  247  957
13  250  802
13  255  204
13  257  371,525
13  258  127,627
13  261  127
13  263  684
13  267  962
13  270  387
13  276  692
13  279  28,877
13  286  808
13  287  801
13  290  22,371
13  291  71,663
13  299  519
13  315  727,811
13  327  127,454
13  356  836
13  361  320,655
13  364  140
13  370  621
13  372  562
13  375  371,470
13  376  496
13  378  646
13  379  22,221
13  390  62
13  392  127,251
13  393  319
13  402  929
13  409  808
13  412  371,943
13  413  290,562
13  420  835
13  422  319
13  432  427
13  433  369,519,663
13  439  367
13  444  782
13  450  367,943
13  452  127
13  463  327,367,671,824
13  472  801
13  475  808
13  487  187
13  494  28,165,877
13  495  997
14  1  725
14  6  320,655
14  13  789
14  14  496,579
14  15  519
14  22  367,621,824
14  36  127
14  38  808
14  48  991,997
14  58  563
14  75  289
14  76  371
14  78  801
14  81  127,201,553,579
14  98  487,801
14  104  502
14  105  216,610
14  109  66
14  125  165,496,522
14  132  621
14  134  367
14  136  522
14  138  369,500,525
14  139  398
14  140  398
14  148  621
14  155  650,931
14  157  519,623,846
14  159  725
14  161  357
14  171  516,596
14  180  684,813
14  181  808
14  189  519
14  190  982
14  198  997
14  218  490,519
14  231  943
14  234  263
14  237  116,216,234,663,733
14  238  135
14  242  621
14  249  263
14  259  502,579,786
14  260  490
14  261  808
14  263  127,300
14  264  727,811
14  271  562
14  272  522
14  278  319,367
14  281  488,865
14  284  801
14  287  938
14  291  885
14  297  522
14  300  490,801
14  302  535
14  323  367,487,579,786
14  324  931
14  325  997
14  332  516,519,522,711
14  336  931
14  340  470
14  344  692
14  354  808
14  370  251,375
14  382  22,319
14  384  801
14  391  663
14  396  931
14  403  375
14  406  877
14  413  725
14  416  363
14  423  991,997
14  428  427
14  432  206,725
14  433  319,943
14  436  727,811
14  440  692
14  441  859
14  443  153,727,811
14  451  522
14  460  782
14  468  387
14  475  327,671
14  476  251,943
14  478  692
14  491  646
14  492  522
14  493  454
15  1  232,636
15  8  429
15  25  692,721,846,877
15  29  84
15  34  127,234
15  38  429
15  44  516,596
15  49  153,808
15  50  575,727,811,952
15  52  263,801
15  80  621,911
15  82  140
15  84  801
15  88  251,519,801
15  108  28,896
15  113  127,371
15  118  290
15  122  522
15  125  190,296,422
15  141  22
15  148  244
15  153  357,427
15  166  22,290,717,949
15  171  496
15  180  991,997
15  187  127
15  194  454,502
15  206  454,502,579,722
15  217  371,846
15  218  733
15  220  357,562
15  222  387,991,997
15  224  957
15  230  411,454
15  231  429,519
15  245  393,870
15  252  427
15  256  962
15  263  835
15  266  579,692
15  272  116,398
15  275  519
15  281  251
15  285  289,367
15  294  22,519
15  308  801
15  310  393,870
15  314  621,733
15  323  470
15  334  733,911
15  348  319
15  349  684
15  363  393,870
15  373  127
15  383  398,663
15  389  692,824
15  391  300
15  399  516
15  406  802
15  421  692
15  423  329,801,936
15  425  427
15  426  375,525
15  430  429
15  432  22,427
15  440  127,801
15  457  22
15  462  519
15  465  109,243
15  468  360,754
15  488  15
16  2  28,877
16  4  519
16  8  371
16  13  22,375
16  27  206,320,655
16  29  243
16  33  206
16  34  120,594
16  35  470
16  38  779
16  39  684
16  47  727,808,811
16  54  684
16  57  579
16  72  206,562
16  73  319
16  79  734
16  80  206,562
16  86  206,263
16  87  813
16  95  502
16  103  251,911
16  115  44,469
16  119  727,811
16  121  127,470
16  123  733
16  126  156
16  138  156,290
16  148  623
16  149  206,700
16  166  725
16  177  519,957
16  179  206,562
16  182  156
16  184  997
16  187  808
16  219  371
16  222  727,811
16  229  22
16  236  997
16  239  781
16  240  496,911
16  242  522
16  250  243,692
16  253  700
16  259  519
16  263  522
16  283  371,563
16  293  187
16  294  22,522
16  302  216
16  311  733
16  317  743
16  343  36
16  350  801
16  354  627,700
16  357  289
16  364  646
16  377  734
16  380  621
16  383  66,116,943
16  392  808
16  400  781
16  401  997
16  413  198,636,820
16  418  109
16  431  15,263
16  433  22,835
16  436  496
16  444  369
16  455  519
16  456  820
16  463  393,689,870
16  473  609
16  487  733
16  498  469
16  499  957
17  2  579,786
17  15  232,835
17  21  725
17  25  789
17  26  734
17  33  692
17  41  846
17  44  579
17  51  782
17  64  209,319,429
17  80  627,743,904
17  82  579,663
17  109  300
17  119  120,519,594
17  120  360,754,802
17  128  663
17  131  490
17  133  289
17  137  470,562
17  143  429
17  149  62,166,245,319,320,655,808
17  151  201,553,579
17  160  367,824
17  167  663
17  177  679,753
17  179  263
17  185  721,846
17  201  116,865,997
17  203  289,725
17  207  244,692
17  211  116
17  212  725
17  221  727,811
17  224  216,234
17  235  911
17  237  140,326
17  245  367,808
17  248  684
17  249  575,952
17  255  929
17  256  201,553,579
17  257  943
17  259  621,991,997
17  263  808
17  265  207,955
17  270  516,711,727,811
17  278  733
17  279  263
17  283  263,289
17  287  116
17  293  319
17  296  263
17  303  127
17  319  646
17  322  263,835
17  332  357
17  334  627
17  341  234
17  343  363,801
17  346  519
17  351  519
17  370  135
17  380  727,811
17  385  15
17  402  263
17  404  957,962
17  407  733,911
17  416  621,957
17  417  779
17  418  470
17  421  319
17  432  206
17  434  962
17  449  207,371
17  450  496,733
17  452  263
17  461  263
17  477  782
17  484  28,877
17  489  727,811
17  496  62,307
17  499  808
18  1  427
18  2  621
18  3  679
18  4  835
18  5  371,962
18  16  329,646,936,943
18  17  232
18  30  232,727,811
18  31  127
18  33  398
18  34  140,326
18  35  982
18  37  243,808
18  42  247
18  46  679
18  55  263
18  59  802
18  61  733
18  62  516,596
18  64  22,727,811
18  67  232,371
18  71  519
18  75  636
18  82  307
18  86  575,952
18  100  427
18  101  519,801
18  113  692,943
18  118  725
18  119  319,502
18  134  319,727,811
18  138  15
18  147  797
18  153  206
18  157  251
18  166  140,427
18  173  251
18  176  367
18  182  521
18  184  684
18  185  646,997
18  187  627
18  193  375
18  200  320,655
18  202  500
18  205  610
18  206  525
18  213  187
18  229  153
18  231  371
18  234  521,575,684,808,931,952
18  245  733
18  260  938
18  262  781
18  263  127,429
18  279  575,952
18  295  156
18  312  290
18  321  371
18  322  575,952
18  329  525
18  332  165,904
18  342  127
18  344  487
18  349  327,671
18  350  519
18  353  636
18  355  454
18  356  207,955
18  363  63
18  374  904
18  378  579
18  383  94,158,247,820
18  386  195,393
18  387  127,429
18  388  721,846
18  389  519
18  405  669
18  409  429,496
18  410  300
18  418  621
18  419  201,553,579
18  422  529
18  423  525,721,846
18  427  782
18  429  116
18  438  959
18  450  97,130
18  454  243,279,824
18  458  127
18  462  496
18  469  739,931
18  472  375
18  473  519
18  476  116
18  484  263
18  488  156,232,427,454,722
18  489  116,371
18  490  525
19  4  519,839
19  10  127,801
19  12  22
19  22  684
19  26  216,234,470
19  39  10
19  40  496
19  44  263
19  57  646,663
19  59  689
19  60  646,836
19  61  496
19  68  371,663
19  69  663
19  73  727,811
19  93  808
19  95  398
19  100  206
19  101  700
19  111  387,519
19  116  519
19  131  411,454,519
19  132  743
19  144  519,801
19  149  727,811
19  152  802
19  153  663
19  157  367
19  163  156,363
19  166  206,371
19  186  562
19  193  135,931
19  197  127
19  198  646
19  200  244
19  203  959
19  210  496
19  212  15
19  213  156
19  214  120,594
19  223  71
19  231  646,721
19  233  274,443,673
19  243  251,470
19  248  700
19  251  839,997
19  258  797,808
19  264  470
19  274  127,429
19  275  109
19  281  802
19  284  165
19  287  530,531,621
19  301  307
19  310  496
19  313  156,957
19  314  904,911
19  323  621
19  331  398
19  342  725
19  343  621
19  344  398
19  349  579
19  359  319,782
19  361  28,519,877
19  369  165
19  373  207,955
19  377  10,982
19  384  700
19  397  371
19  403  127,636
19  418  375
19  421  371,727,811
19  429  782
19  431  835
19  432  982
19  436  36
19  440  490
19  445  28,496,877
19  456  575,865,952
19  459  156
19  463  579,786,957
19  473  116
19  475  692
19  477  127
19  478  398
19  494  263
19  495  371
19  497  369
20  1  263
20  4  808
20  7  63
20  9  525,808
20  21  29,243
20  24  579
20  35  727,811
20  36  808
20  37  877
20  39  15
20  40  130
20  50  496,557,636,831
20  51  911
20  52  71
20  58  94,820
20  63  808
20  73  931
20  77  140,485
20  86  627
20  88  201
20  89  609
20  102  429
20  128  943
20  134  496
20  140  116,859
20  152  156
20  153  801
20  156  243
20  162  127
20  165  519
20  166  575,952
20  167  789
20  172  201,367
20  176  232
20  183  320,655
20  186  234,529
20  212  427
20  217  289
20  227  781
20  228  94,820
20  233  84
20  234  429
20  235  300
20  242  743
20  244  398
20  247  274,429,443,673
20  250  522
20  252  206,496
20  254  669
20  256  684
20  275  692,946
20  283  140
20  286  116,519
20  296  84,575,952
20  298  519,663
20  299  127
20  302  519
20  307  579
20  309  28,877
20  317  952,997
20  324  692
20  327  398,813
20  334  519
20  340  261,529,895
20  341  120,594
20  344  130,859
20  348  496
20  355  243,279,824
20  368  859
20  373  808
20  384  109
20  388  801
20  392  700
20  394  487,516,519,596
20  402  251
20  404  201,553,579
20  408  127,209
20  414  127,429
20  416  207,216,234,802,955
20  417  959
20  418  190,296,422
20  424  207,955
20  427  393,870
20  440  700
20  441  490,496
20  451  116,234
20  454  263
20  457  519,733
20  459  496,562,991
20  463  522,959
20  465  369
20  469  525
20  470  801,839
20  472  943
20  473  198,820
20  479  727,811,859
20  480  782
20  481  725
20  488  206,251
20  493  319,519
20  495  911
20  499  429
21  5  206,562,669
21  8  781
21  10  839
21  14  929
21  20  371
21  21  454,801
21  29  263
21  33  700
21  39  623,846
21  46  209
21  51  946
21  53  398
21  57  367
21  58  496
21  60  801
21  67  991,997
21  70  201,553,579
21  74  251
21  76  959
21  93  367
21  99  263,962
21  101  109
21  105  22,717,949
21  111  367
21  112  669
21  116  127
21  127  319
21  128  669
21  138  931
21  139  367
21  147  320,655,911
21  159  367
21  160  519
21  164  652
21  169  836,959
21  176  700
21  180  859
21  187  290
21  201  522,684
21  207  398
21  212  490
21  214  496
21  222  244
21  224  454,722
21  234  243
21  248  557
21  256  367,669,824
21  264  251
21  265  232
21  293  409,802
21  295  116
21  300  938
21  313  263
21  314  627,959
21  315  496
21  324  496,911
21  327  135
21  340  609,663
21  350  127
21  357  127
21  358  488,865
21  361  263,646
21  374  519
21  375  982
21  384  781,855
21  391  165
21  399  579
21  407  429,496
21  416  232,911
21  419  519,669
21  422  727,811
21  432  166,245,320
21  440  243
21  443  329,936
21  447  290
21  453  109
21  471  782
21  477  201,553,579
21  484  357
21  485  375
21  486  398
21  494  52,289
22  1  946
22  8  130
22  12  522
22  13  646
22  26  500
22  33  808
22  34  522
22  41  725
22  45  263
22  62  733
22  66  22
22  68  367,409,946
22  70  669
22  74  652
22  75  140
22  88  490
22  90  371
22  95  387,991,997
22  97  130
22  99  206,562,575,952
22  101  835
22  104  692,801
22  106  646
22  111  127,733
22  115  429
22  121  808
22  122  808
22  136  116,472
22  138  579
22  154  375,650
22  155  84,502
22  160  127,371
22  164  733
22  165  243,279,679,824
22  172  319,496
22  180  962
22  181  371
22  183  700
22  191  198,820
22  202  52,621,679
22  209  519
22  218  522,782
22  219  127,721,846
22  225  982
22  240  130,727,811
22  243  201,375
22  258  369
22  260  646
22  264  557
22  266  427
22  275  398
22  280  243,244,279,824
22  281  232,911
22  292  116
22  298  529
22  299  700,808
22  310  562
22  313  251,575,952
22  314  97,957
22  321  801
22  322  195,393,839
22  326  997
22  337  130,627
22  346  127
22  351  371
22  355  496
22  357  371
22  362  908
22  371  991,997
22  374  221
22  376  621
22  380  496
22  381  684
22  384  221,369,470
22  391  943
22  397  721,846
22  399  621
22  402  575,952
22  405  454,753,808
22  410  165
22  412  221
22  423  454,779
22  432  813
22  433  288,679,946
22  434  22
22  435  371
22  440  808
22  445  263
22  449  84,289,529
22  454  140,326,859
22  455  519
22  458  209
22  459  36,782
22  460  679,692
22  486  859
22  488  369,375
22  500  911
23  3  195,393
23  9  519,727,811
23  15  244
23  16  621
23  25  289,398,733
23  26  387
23  27  244,320,655
23  29  782,801
23  36  429
23  40  779
23  64  153
23  72  195,393,820
23  96  700
23  101  15,621
23  104  700
23  106  367
23  111  808
23  114  669
23  132  553,679
23  155  243,635,991,997
23  159  427
23  167  116,943
23  169  234
23  172  579
23  188  575,952
23  191  733
23  194  454
23  203  427
23  205  244
23  214  146,527,636,831
23  215  739
23  220  946
23  230  263
23  231  367,727,811
23  235  779
23  250  398
23  253  15
23  258  877
23  265  232
23  266  398
23  280  946
23  281  652
23  285  579
23  293  911
23  299  15,959
23  306  300
23  317  808
23  318  398
23  328  367
23  330  371
23  332  22
23  344  813
23  346  216
23  348  130
23  351  721,846
23  356  234
23  359  367,727,811
23  362  244
23  364  496,521
23  374  195,243,279,393,824
23  379  502
23  384  615
23  388  938
23  389  300,516,711
23  391  646
23  395  957
23  404  367,669
23  408  575,952
23  412  140
23  413  808
23  415  801
23  416  500,627
23  429  116
23  433  502,636,727,811
23  443  839
23  448  502
23  449  62
23  463  621,959
23  465  288
23  466  127
23  471  962
23  477  808
23  481  911
23  483  429
23  490  727,811
23  492  116
24  1  575,952
24  6  522
24  7  232
24  9  409,429,496
24  11  808,959
24  18  387,700
24  20  721,846
24  22  775,846,991
24  25  727,811
24  29  859
24  33  398
24  42  290
24  43  371
24  44  307
24  59  66
24  62  579
24  63  10,429,734
24  66  28,490,877
24  68  289
24  72  496
24  75  367
24  78  263
24  90  721,846
24  95  22
24  102  692
24  106  232
24  107  127
24  108  938
24  110  519,692
24  117  519,801
24  120  911
24  122  127,371
24  123  97
24  124  621,652
24  128  753,782
24  137  22,782
24  138  911
24  140  779
24  146  522
24  151  669
24  153  621
24  156  470
24  157  201,733
24  158  663
24  164  623,846
24  175  808
24  178  127
24  179  63
24  183  684
24  188  15,877
24  189  329,936,991,997
24  192  943
24  197  808
24  205  516,596,727,811
24  209  689
24  214  797
24  215  398
24  235  575,952
24  240  621,692
24  253  519,733
24  268  398,519,959
24  269  646
24  272  94,820
24  275  835
24  289  721,846
24  294  835
24  303  943
24  304  519
24  313  375
24  323  734
24  325  127
24  328  950,983
24  331  502
24  346  739
24  368  52
24  376  835
24  386  221,627
24  387  22,781
24  390  94,209,820
24  405  367
24  419  753
24  422  243,279,496,824
24  423  801
24  425  206
24  437  427
24  439  261,895
24  444  288
24  457  808,959
24  462  485
24  474  943
24  482  216,234,393,870
24  484  575,904,952
24  485  28,646,877
25  5  753
25  7  195,393,519,734
25  12  367
25  13  307
25  25  454,684,722,801
25  29  700
25  33  243,429
25  42  997
25  52  938
25  59  496,911
25  61  636
25  66  409
25  68  727,811
25  89  198,820
25  90  94,820
25  101  251
25  105  116,360,754
25  115  187
25  131  387,684
25  135  427
25  137  22
25  144  127
25  151  753
25  154  84
25  155  36
25  157  97,329,936
25  158  357,519
25  167  636
25  173  652
25  175  429,689
25  180  36,991,997
25  181  663
25  182  609
25  184  997
25  186  289
25  189  779
25  201  116,284
25  203  140,206,877
25  205  116
25  220  22
25  222  156,700,734
25  223  263
25  243  135
25  246  22,522,904
25  255  29
25  257  289
25  261  429
25  263  116
25  267  201,553,579
25  269  216,711
25  271  116,835
25  275  877
25  288  646
25  293  496
25  298  22,808,943
25  302  519
25  311  802
25  317  52
25  321  427
25  326  684,991,997
25  330  290
25  342  808
25  345  243,279,824
25  358  116
25  361  835
25  363  470,982
25  364  130,519
25  371  911
25  392  519,652
25  394  127,700
25  399  307
25  401  684
25  408  553
25  417  946
25  427  562
25  429  84,94,243,820
25  434  669
25  439  116,609
25  440  398
25  443  127,779
25  447  663
25  457  429
25  460  957
25  465  579,786
25  475  835
25  479  496
25  485  367
25  488  135,885
25  498  327,671
26  6  562
26  11  284
26  12  116,835
26  16  779
26  19  579,786
26  20  801
26  25  63,516,623,711,846
26  28  201,663
26  32  300,371
26  34  429
26  41  427
26  42  243,635
26  46  911,991,997
26  52  684
26  57  943
26  61  579
26  62  216,234,307
26  64  204,911
26  70  753
26  93  22
26  101  692
26  103  243,279,627,824
26  108  524
26  122  127
26  129  127
26  148  782
26  152  116
26  158  782
26  166  52
26  167  94,820
26  170  371
26  173  36
26  176  733
26  177  367,721,846
26  182  251
26  184  623,846
26  186  140
26  187  429,908
26  190  813
26  201  646,734,742
26  211  94,263,500,820
26  215  140,326,753,855
26  236  684
26  237  94,820
26  239  369
26  241  808,855
26  245  429
26  265  116,519
26  266  206
26  270  36,496
26  274  781
26  285  733
26  286  371
26  312  725
26  317  997
26  319  367,519
26  321  206
26  323  375
26  326  36
26  329  109
26  331  158,247,496
26  333  535
26  336  127,158,247
26  338  263
26  339  409
26  343  524
26  344  15
26  351  801
26  356  519
26  365  427
26  366  140,326
26  371  623,733,846
26  375  801
26  378  375,487
26  380  130
26  397  801
26  399  130
26  402  52
26  403  808
26  413  429
26  420  839
26  426  135
26  439  579,733
26  440  429
26  441  232
26  445  130
26  454  575,952
26  460  859
26  493  562
27  2  700
27  6  116,519
27  7  789
27  8  700
27  9  127,130
27  16  636
27  20  938
27  23  371,859
27  25  71,859
27  32  289
27  54  801
27  57  801
27  59  130,959
27  66  371
27  68  684
27  70  371
27  72  130,700
27  78  398,700
27  79  22
27  80  553
27  107  232
27  109  165,369
27  113  562,808
27  119  470,727,811,943
27  125  525,839
27  133  140
27  137  679
27  138  454
27  147  782
27  151  216,234
27  153  63,700
27  155  557
27  156  375,502
27  161  369
27  163  522
27  176  15
27  187  470
27  196  109
27  199  329,936
27  213  557
27  217  140
27  222  251,307
27  223  575,952
27  231  801
27  233  62
27  234  52,371
27  235  52
27  247  232,802
27  250  94,801,820
27  253  835
27  254  753
27  263  579
27  268  319
27  275  621,904
27  277  116
27  278  943
27  290  289
27  296  375,684
27  297  116
27  301  779
27  302  496,563
27  312  427
27  319  300,733
27  320  263
27  329  36,855,946
27  331  130
27  333  470
27  349  371
27  350  808
27  370  289,652
27  378  135,734
27  386  187,727,811
27  394  15
27  404  500
27  408  429
27  415  22
27  424  109,802
27  428  206,835
27  429  496
27  443  52,204,779
27  444  371
27  455  216,398
27  469  109,646
27  472  700
27  481  71
27  488  519
27  489  496,721,846
27  493  727,811,835
27  496  664
28  8  369
28  11  429
28  16  29
28  20  530,531,621
28  25  496,938
28  29  116,962
28  31  216,234
28  47  371
28  50  130
28  58  130,931
28  71  357
28  76  496
28  85  232
28  94  130
28  97  519
28  102  116
28  111  429
28  125  29,454
28  134  130
28  137  375,470,502,904
28  143  679,733
28  151  733
28  163  957
28  168  801
28  171  579,652
28  172  116,496
28  175  371
28  176  97,387
28  178  263,485
28  180  36,130
28  186  959
28  188  429
28  189  36
28  192  84
28  198  946
28  199  991,997
28  202  496
28  205  579
28  206  522
28  207  71,859
28  212  206
28  217  244
28  222  130
28  229  319,357
28  237  116
28  242  553,621,789
28  244  429
28  246  116
28  247  911
28  248  216,711
28  253  839
28  258  288
28  263  371
28  273  206
28  280  733
28  285  140,307
28  286  808
28  297  946
28  306  140
28  308  700
28  311  911
28  313  135
28  322  52
28  326  516,596
28  328  899
28  339  470
28  342  427
28  347  116
28  350  700
28  351  938
28  363  263
28  370  190,296,422,490
28  382  727,811
28  385  733
28  388  530,531,621
28  393  429
28  401  219,802
28  410  779
28  411  187
28  416  808
28  423  52
28  464  288
28  465  621,855
28  469  367
28  477  195,393,429
28  479  575,952
28  488  652
28  493  243,279,824
29  2  15,575,952
29  11  742
29  16  522
29  19  700
29  37  689
29  44  52
29  47  289
29  53  472,859
29  59  130
29  62  679
29  66  946
29  69  943
29  76  801
29  82  562
29  93  429
29  99  679
29  103  652
29  116  195,393,429
29  126  127,649
29  128  692
29  135  206,734
29  137  775,846,991
29  146  116
29  148  63,180,556,809,859
29  149  470,496,669
29  161  904,997
29  163  621
29  170  29
29  172  251
29  173  367
29  177  432,679
29  181  289,943
29  184  623,846
29  195  201,487,553,579
29  199  779
29  213  623,669
29  227  369
29  237  899
29  250  700
29  262  216,369
29  267  669
29  269  623
29  277  289
29  278  636
29  282  808
29  291  263,367,824,899
29  296  524
29  298  502
29  305  251
29  308  15
29  315  130
29  316  195,393
29  320  579
29  325  684
29  330  289
29  342  943
29  343  636
29  351  22
29  357  429
29  365  206
29  374  206,562
29  375  938
29  378  367
29  392  429,689
29  404  733,753
29  421  496,721
29  423  700
29  429  946
29  433  22,209,288
29  434  753
29  440  15
29  462  130
29  467  700
29  471  725
29  475  398
29  484  52
29  489  801
29  490  496
29  494  329,936,959
30  3  209
30  4  243,279,824,835
30  8  15,871,888
30  14  130,811
30  16  273
30  19  575,952
30  20  187
30  27  130
30  33  859
30  34  801
30  36  801
30  41  522
30  53  519
30  58  525
30  60  700
30  62  500
30  63  429
30  64  243,929
30  86  244
30  94  781
30  99  63
30  101  839
30  111  97
30  112  753
30  116  22
30  120  116,627
30  133  307
30  134  733
30  138  251,288
30  142  307
30  149  206,429,562,664
30  153  15
30  156  28,896
30  157  621
30  160  516,711,721,808,846
30  161  288,579
30  168  700,959
30  176  904
30  188  52
30  193  116
30  194  130
30  195  669
30  196  621
30  200  646
30  203  166,245,320
30  204  66
30  205  496
30  206  187,454
30  209  781
30  212  904
30  218  454
30  219  243
30  224  621
30  227  871,888
30  230  52
30  236  232
30  241  429
30  260  187
30  261  371
30  267  753
30  268  485
30  272  502
30  277  320,488,865
30  294  398
30  315  627
30  320  66
30  325  206,808
30  327  371,859
30  341  636,831
30  354  263,429,929
30  360  859
30  361  97
30  363  367
30  365  166,245,320
30  382  367,663,997
30  391  636
30  396  692
30  397  938
30  398  946
30  400  369
30  406  636,831
30  410  679
30  413  427
30  424  621
30  427  63
30  433  727,811
30  443  808,929
30  447  319,470,943
30  453  140,326,692,855
30  461  733
30  463  472
30  470  700
30  474  502,779
30  479  52
30  488  166,245,320
30  498  575,952
31  11  277
31  26  782
31  28  319
31  31  36,808
31  34  700
31  37  429,487
31  39  216,234
31  43  116
31  51  627
31  53  859
31  61  307,859
31  71  669,835
31  72  15
31  79  496,997
31  80  562
31  94  116,369
31  98  700
31  99  52,753,997
31  102  398
31  110  398
31  113  244,398,562
31  115  244,327,671
31  116  429,692
31  119  496,636,831,839,957
31  122  116,770
31  131  243,279,824
31  132  209
31  139  219
31  145  525
31  148  997
31  153  775,846,991
31  192  62,820
31  194  885
31  200  367
31  205  94,820
31  209  369,835
31  212  166,245,320
31  221  496
31  233  615,734
31  235  627
31  237  94,820
31  240  496,801
31  245  621
31  250  911
31  256  753
31  264  496
31  274  369
31  275  839
31  288  367
31  291  575,952
31  292  219,820
31  297  319
31  300  530,531,621
31  304  140
31  312  206
31  320  84
31  330  782
31  332  116,775,846,991
31  336  140,369
31  337  490
31  340  899
31  341  232
31  343  232
31  345  243,279,824
31  346  109,808
31  349  289
31  350  429
31  351  398
31  352  727,811
31  380  553,579,782,786
31  383  251
31  384  929
31  387  411,454,808
31  399  522
31  402  52
31  408  52
31  414  290,781
31  421  398
31  426  454
31  435  519,721,846
31  439  232
31  451  94,820
31  455  835
31  463  116,516,711
31  469  997
31  477  371
31  480  562
31  489  130
31  494  140
31  499  261,895
32  9  575,952
32  15  839
32  32  429
32  33  15
32  43  94,820
32  47  496
32  52  885
32  57  700
32  68  562
32  70  367
32  88  835
32  96  454
32  97  519
32  99  209
32  101  29
32  107  519
32  114  753
32  119  130,216,234
32  120  216
32  122  808
32  136  263,877
32  137  204,209,982
32  138  187,627
32  150  371
32  154  135
32  156  135
32  158  904
32  162  244,808
32  169  22
32  172  130
32  177  950,983
32  196  393,516,596,870
32  211  52
32  212  20,741
32  214  130
32  215  367
32  219  429,801
32  229  216
32  237  116,775,846
32  239  871,888
32  240  931
32  244  859
32  246  801
32  256  367
32  263  839
32  276  557
32  282  429
32  302  22,130,689
32  304  775,846,991
32  307  307,398,623,846
32  308  454
32  309  263
32  310  562
32  313  52
32  314  94,216,234,820
32  316  579
32  319  835
32  321  522
32  325  429
32  330  525
32  343  15
32  347  663
32  354  371
32  359  201,553,579,733
32  362  470,911
32  363  135
32  376  29
32  383  369
32  388  187
32  392  371,911
32  394  808
32  396  206,562,835
32  403  429
32  411  429,519,557
32  413  206
32  414  369,931
32  417  165
32  423  734
32  447  636
32  449  664
32  456  284
32  460  398
32  463  216,234,474,644
32  465  244
32  472  135,820
32  475  429,839
32  492  94,820
32  494  779
33  6  579
33  7  71
33  13  700
33  14  997
33  17  519
33  18  360,754
33  19  52,621
33  29  190,296,422
33  41  206
33  42  369
33  63  371
33  75  646
33  81  369,669
33  84  700
33  86  209
33  91  165
33  92  808
33  94  454,782
33  97  243,279,824
33  98  411,454,490,808
33  107  429
33  110  835,859
33  112  52
33  113  636,859
33  115  689
33  126  460,808
33  131  216,711
33  134  97,367,824
33  141  289
33  147  627
33  150  307
33  156  454
33  160  801
33  161  946
33  163  15
33  170  636
33  177  130,187,496
33  182  146,527,652
33  183  429,623,846
33  187  244,371
33  191  146,527
33  192  664
33  196  579
33  205  307
33  213  859
33  216  97,496,733
33  220  153,877
33  223  885
33  229  22,496,717,949
33  245  97
33  250  652
33  253  97
33  257  454,684
33  259  288
33  262  22,717,871,888,949
33  265  519
33  267  367
33  271  15,369
33  275  190,296,422
33  278  496
33  282  488,865
33  284  938
33  288  371
33  289  329,936
33  305  652
33  307  859
33  308  307,496
33  311  127
33  314  190,296,422,700
33  320  52
33  333  579
33  334  835
33  336  429
33  339  371,375
33  341  519,797
33  342  429,636
33  349  689
33  358  820
33  367  669
33  378  733
33  385  52
33  386  727,811
33  391  289,610
33  393  496
33  394  307,429,859
33  405  950,983
33  419  982
33  424  232
33  425  206
33  433  496,502
33  446  375
33  460  209
33  471  201,553,579
33  475  859
33  478  700
33  491  946
33  495  684,859
33  498  130
34  6  206
34  13  15,71
34  14  307
34  15  519
34  16  15
34  19  15
34  23  782
34  26  29
34  28  579,727,811
34  34  797
34  43  997
34  47  140
34  49  204
34  72  66
34  74  371
34  76  938
34  97  839
34  98  263,700
34  100  166,245,320
34  101  859
34  104  15,689
34  108  22
34  117  700,835
34  119  500
34  122  94,820
34  129  232,429,808
34  132  289
34  134  496
34  138  398,652
34  143  209
34  145  627
34  149  15,753
34  150  140
34  159  206
34  164  243,279,824
34  169  782
34  179  52
34  183  371
34  186  120,594
34  191  997
34  200  733
34  201  209
34  202  360,371,623,754,846
34  213  753
34  218  97,808
34  227  253,369
34  231  371
34  261  490
34  263  808
34  264  130
34  267  496
34  271  288
34  277  763
34  290  140
34  295  251
34  302  684
34  306  165
34  311  808
34  323  733
34  336  371
34  346  855
34  353  775,846,991
34  358  94,763,820
34  363  52
34  366  71
34  368  689
34  373  216,429
34  376  839
34  377  36
34  382  496,679
34  386  929
34  387  782
34  390  243
34  401  522
34  409  130,371
34  430  371
34  434  782
34  441  692
34  446  140,326,721,846
34  447  130
34  453  398
34  457  782
34  462  307
34  466  808
34  467  15,367
34  468  664
34  470  15
34  473  835
34  478  859,911
34  487  813
34  488  288
34  493  490,839
34  497  369
35  3  579,786
35  4  429
35  6  307
35  9  52,429
35  12  782
35  13  502
35  23  140
35  25  140,885
35  35  496
35  39  500
35  48  422
35  54  623,846
35  59  216,234
35  65  289
35  68  454,579,692,733,782
35  70  721,846
35  71  371,839
35  73  52,307
35  74  721,846
35  77  97,500,519
35  78  859
35  81  429,753
35  84  127,429
35  98  575,952
35  105  94,820
35  108  15,530,531,621,782
35  109  422,839
35  117  781
35  119  859
35  131  579,610
35  139  733
35  141  243,496,635
35  149  130,367
35  151  369
35  154  243,635
35  158  127,859
35  162  429
35  165  931
35  167  454,496,722
35  168  496,689
35  172  375,733,782
35  175  997
35  178  808
35  181  140,636,839
35  206  116
35  207  885
35  218  116,429
35  219  371,938
35  224  36
35  225  813
35  231  94,820,835
35  237  500
35  246  94,700,775,820,846,929,991
35  247  519
35  260  610
35  264  375
35  270  692
35  286  289
35  287  187
35  288  733
35  298  116
35  299  429
35  305  165
35  316  187,206,562
35  323  135
35  330  94,140,820
35  334  839
35  339  135
35  350  15
35  352  496
35  354  371
35  356  959
35  366  885
35  367  753
35  368  734
35  369  307
35  371  36,140,627
35  373  519
35  382  439
35  389  835
35  399  116,190,296,422
35  400  253,369,727,811
35  403  371
35  404  97
35  407  753
35  408  877
35  413  198,288,371,764
35  414  871,888
35  415  689
35  416  429,519
35  417  216,234,877
35  418  135,899
35  419  116
35  421  911,938
35  422  663
35  431  579
35  432  779
35  442  733
35  453  859
35  454  52
35  455  859
35  456  742
35  461  300,575,952
35  462  820
35  463  500
35  468  15
35  469  733,855
35  470  187
35  477  243,753
35  481  427,885
35  483  232
35  485  733
35  489  94,820
35  490  130
35  499  496,609
36  1  52,877
36  10  700
36  12  839
36  21  959
36  22  29
36  25  97,100,239,398
36  28  307,496,692,899
36  30  496,519
36  40  813
36  41  166,245,320
36  43  140,734
36  48  813
36  51  525,877
36  57  97
36  58  22,717,949
36  61  36
36  81  367,943
36  86  52
36  95  782,943
36  98  454,722
36  106  733
36  112  360,367,754
36  114  367
36  121  429,982
36  122  429
36  128  636
36  129  519
36  137  813,929
36  142  22,636
36  151  97,367
36  153  997
36  158  808,943
36  164  97
36  172  94,97,130,820
36  179  997
36  185  610
36  189  797
36  194  859
36  195  753
36  196  307
36  202  130,209
36  216  130,522
36  219  530,531,621
36  220  204
36  229  130,204
36  230  387
36  237  195,393,943
36  246  15
36  252  130,636,831
36  258  429
36  259  835
36  265  519
36  266  166,245,320
36  268  496
36  277  525
36  283  562
36  291  579
36  292  997
36  294  502,859
36  295  557,652
36  303  429
36  306  522
36  310  579,786
36  312  166,245,320
36  323  329,936
36  324  398
36  338  516,711
36  339  474,644
36  342  206
36  351  782,835,859
36  364  84,835
36  368  959
36  371  216,711
36  373  496
36  387  429
36  397  320,655
36  401  692,911
36  406  911
36  412  244
36  415  700,820,959
36  416  371,524
36  421  859
36  423  15
36  425  166,245,320
36  429  62,130
36  439  165
36  446  135
36  451  120,594
36  460  962
36  461  165
36  474  127
36  482  500
36  487  307
36  493  496
37  1  519
37  5  100,239
37  8  253,369
37  9  371,429
37  21  166,245,320,700
37  25  216,243,711,929,997
37  29  52
37  37  734
37  46  627
37  49  429
37  50  500,797
37  54  500,700
37  57  636
37  62  209,997
37  63  371
37  64  216,711
37  68  100,239,307,371,877,991,997
37  76  530,531,621
37  84  781
37  98  52,519
37  100  931
37  116  371,398
37  122  140
37  126  429,519
37  133  307
37  136  22
37  144  429
37  148  500
37  153  524
37  157  251
37  158  775,846,962,991
37  160  562,938
37  161  307
37  163  652
37  170  496
37  177  209
37  183  244
37  186  636,831
37  188  371
37  195  367
37  197  369,429
37  200  97
37  203  775,846,991
37  204  140
37  224  71,500
37  233  664
37  240  216,234,487
37  257  140
37  263  187,429
37  266  307
37  267  959
37  274  562
37  278  130
37  280  97,877
37  282  371
37  283  52,100,239,243,279,824
37  289  329,496
37  296  52
37  311  429
37  333  839
37  340  982
37  347  84,623,846,943
37  359  22
37  360  221
37  370  29
37  372  232
37  396  398
37  398  877,957
37  401  470
37  405  429
37  411  371
37  416  251
37  428  839
37  429  28,896
37  433  130,877
37  435  206,562,835
37  441  519
37  443  130
37  444  959
37  449  140
37  452  165,429,575,952
37  453  615
37  462  959
37  471  669
37  472  15
37  474  36
37  476  636
37  492  808
38  4  371
38  5  367
38  6  94,820
38  7  288,782
38  12  496
38  17  94,820
38  18  15
38  24  94,307,820
38  26  209
38  32  140
38  35  130,813
38  47  130
38  57  15
38  59  627
38  66  52
38  69  579,786
38  71  950
38  78  15,562
38  88  839
38  92  429
38  93  502,733
38  95  859
38  97  273
38  113  209
38  122  371
38  127  496
38  128  839
38  132  140
38  141  100,239
38  148  962
38  168  15
38  171  307
38  172  135,307
38  178  429
38  182  367
38  186  36
38  191  97
38  193  371,775,846,991
38  196  190,296,422,621
38  197  288
38  209  839
38  213  367
38  220  904
38  223  52
38  224  885
38  231  516,636,711
38  237  525,636
38  243  97
38  249  52
38  250  859
38  254  367
38  257  636
38  263  36,557
38  268  130,859
38  270  360,398,754
38  276  859
38  284  530,531,621
38  286  140,371
38  289  130,779
38  291  300
38  298  94,636,820
38  318  859
38  320  62
38  329  877
38  332  94,700,820
38  333  472
38  347  216,636,711
38  349  140
38  356  307
38  357  140
38  359  753
38  360  943
38  369  946
38  371  239
38  372  496
38  377  502,813
38  380  621
38  383  422
38  386  496
38  393  553
38  399  29
38  403  135
38  418  29
38  419  367,813
38  422  899
38  434  367
38  439  307,519
38  447  734
38  451  636,831
38  463  700
38  471  753
38  474  529
38  477  367
38  489  243
38  497  66,288,727,811
38  498  52
39  7  885
39  11  519
39  18  679
39  29  15,66,94,820
39  31  429
39  51  454
39  58  454
39  65  140,689,997
39  67  135,502
39  68  36
39  78  575,952
39  79  782
39  84  369
39  93  97
39  98  371,835
39  113  721,846
39  116  502,859
39  122  429
39  126  251,261,851
39  142  782
39  144  22
39  145  165,782
39  152  911
39  157  216,711,779
39  170  130,454
39  172  140,326
39  182  198,764
39  198  355,747
39  201  277
39  212  775,846,991
39  215  615
39  231  500,733
39  236  474
39  241  29
39  279  135
39  291  307
39  297  94,727,820,877
39  306  100,239
39  310  575,952
39  311  97,627
39  314  29,500
39  321  116
39  325  782
39  329  454
39  333  375,474,644
39  334  371
39  346  429
39  349  100,239
39  350  387
39  351  187
39  354  15
39  355  130
39  361  244,700
39  370  140
39  373  130
39  382  130,782
39  383  652
39  389  636,831,839
39  393  307,371
39  396  94,820
39  397  244
39  407  367
39  411  839
39  412  636
39  423  187
39  424  627
39  426  782
39  428  943
39  431  307
39  433  130
39  437  206
39  443  429,734,839
39  447  496
39  467  779
39  471  206,367
39  473  198,764
39  481  206,627
39  486  62
39  497  22,496
39  499  130,198,371,820
40  2  52
40  6  500
40  10  15
40  16  519
40  18  209
40  28  15,130,251
40  32  100,165,239
40  36  700,911
40  45  575,952
40  49  130
40  52  52,187,288
40  75  610
40  77  22,762,797
40  78  52
40  84  871,888
40  89  146,527
40  94  734
40  95  636
40  98  15,839
40  102  94,820
40  110  839
40  114  243,279,521,824
40  117  369
40  119  130,711,786
40  125  52,130
40  128  398
40  134  130
40  138  557
40  139  692,859
40  143  97
40  155  209,273
40  156  516,711
40  158  429
40  160  429
40  165  839
40  173  733
40  182  97
40  193  959
40  199  36
40  209  871,888
40  212  929
40  215  859
40  231  97,734
40  237  94,206,562,820
40  240  130,398,775,846,991
40  247  432,627
40  250  15,470
40  267  130
40  273  66
40  281  519
40  282  911
40  288  29
40  293  130,997
40  294  502
40  306  135,946
40  310  52,130,490
40  313  500
40  316  557
40  317  371
40  321  166,187,245,320
40  326  216,579,711
40  332  15,502
40  338  52
40  346  371
40  357  100,239,371
40  359  502
40  361  575,952
40  363  733
40  365  232
40  367  367
40  369  877
40  373  22,371,717,949
40  379  496
40  382  97,636
40  383  636
40  385  97
40  386  557
40  389  797
40  390  664
40  391  140
40  392  627
40  400  496
40  407  950,983
40  412  100,239
40  415  15,782
40  433  943
40  437  166,245,320,522
40  444  636
40  457  243,279,371,824
40  461  97
40  466  429
40  480  500
40  485  135
40  486  664
40  491  877
