1  8  22
1  11  519
1  14  470,650,997
1  18  801
1  20  409
1  21  525
1  22  109
1  25  692,808,946
1  32  519,808
1  33  290
1  36  802
1  37  516,596,946
1  40  319,562
1  43  808
1  46  802
1  52  535
1  61  646,663
1  73  516,596
1  77  646
1  79  997
1  80  802
1  93  519
1  94  801
2  1  490
2  7  22
2  9  127
2  13  140,470,516,596
2  14  319,684,982
2  23  692
2  25  319,409,997
2  26  522
2  33  801
2  36  808
2  37  44,469,519
2  38  519
2  49  562
2  52  127
2  61  692
2  63  734
2  67  232
2  70  28,409,877
2  73  28,877
2  75  808
2  78  801
2  98  140,326,801
2  100  290
3  1  663
3  7  206,562,997
3  8  519
3  11  820
3  14  516,596
3  22  357
3  28  251
3  30  946
3  37  127,579
3  38  329,936
3  40  470
3  41  371
3  48  470
3  52  490
3  53  232,535
3  54  957
3  58  319,522
3  61  502,943
3  64  562,801
3  66  782
3  73  263
3  75  371,663,782
3  77  207,290,801,836,955
3  86  802
3  89  899
3  94  319,522
4  1  206,562
4  2  393,870
4  15  535
4  24  522
4  25  206,562,646,931
4  26  109
4  27  290,319
4  36  519
4  38  127
4  39  734,957
4  56  997
4  61  398
4  71  409
4  77  232,957
4  80  957
4  85  522
4  86  28,679,877
4  87  470
4  90  522
4  97  319
4  100  725
5  1  943
5  19  525
5  25  393,398,870
5  26  411,454,957
5  28  22,801
5  34  519
5  50  836
5  64  519,679
5  76  409
5  79  319,684
6  5  782,997
6  7  369,684
6  8  319,529
6  11  232
6  16  663,959
6  17  522
6  19  263
6  34  836
6  37  946
6  43  522
6  52  789
6  53  692
6  55  28,877
6  56  684
6  68  22,516,596
6  83  519
6  90  409,904
6  94  487
6  97  646,811
6  99  782
7  3  393,870
7  20  957
7  26  22
7  28  22,516,596
7  31  519,957
7  32  127
7  37  877
7  39  997
7  47  319
7  48  982
7  49  319
7  53  398
7  58  535
7  62  646
7  65  808
7  67  519
7  69  22
7  70  263
7  74  156,409
7  75  962
7  77  234,808
7  82  808
7  91  300
8  9  263,519
8  17  66,116
8  24  116
8  27  725
8  37  327,671
8  42  66,782
8  50  234,319,877
8  52  28,877
8  56  663
8  61  319
8  64  734
8  76  319,835
8  81  663,782
8  83  127
8  86  290
8  96  525
9  8  127
9  14  221
9  16  109
9  22  904
9  23  398
9  28  502,529,700,782
9  30  207,877,955
9  40  982
9  47  319
9  49  22,519
9  75  201,553,579,943
9  77  120,594
9  82  371,516,596
9  85  22,207,955
9  89  600,666,884
9  92  519,899
9  93  646
9  95  663
9  97  496
10  2  801
10  11  127
10  12  519
10  13  801
10  16  490
10  21  290,621
10  26  487,621
10  27  427
10  28  319
10  33  427
10  46  502
10  49  127
10  54  997
10  59  319
10  62  367
10  64  127,684
10  68  646,946
10  70  782
10  72  195,319,393
10  75  669
10  80  357
10  83  371
10  86  725
10  87  982
10  89  261,895
10  90  116
10  98  28,789,877
11  14  516,711,727,811
11  22  997
11  25  367,371
11  31  502
11  56  623,846
11  59  44,469,727,811,957
11  63  127,519
11  64  808
11  81  962
11  85  116
11  86  320,427,655
11  93  127
12  1  290,820
12  8  808
12  17  320,655
12  19  393,454,801,870
12  23  187
12  29  28,109,650,877
12  31  931
12  33  300
12  50  120,187,263,594
12  57  516,596,959
12  61  991,997
12  63  127,808
12  68  502,808
12  75  753
12  77  371
12  92  261,895
13  8  496,700
13  10  519,835
13  21  663
13  29  621
13  33  519
13  35  319
13  36  371
13  39  485,700
13  42  650
13  49  496
13  52  369
13  56  216,711
13  58  116
13  65  371
13  66  962
13  67  409
13  70  487
13  73  579
13  76  727,811
13  77  22,289
13  78  692
13  82  289
13  94  946
13  96  801
13  98  127
14  1  725
14  6  320,655
14  13  789
14  14  496,579
14  15  519
14  22  367,621,824
14  36  127
14  38  808
14  48  991,997
14  58  563
14  75  289
14  76  371
14  78  801
14  81  127,201,553,579
14  98  487,801
15  1  232,636
15  8  429
15  25  692,721,846,877
15  29  84
15  34  127,234
15  38  429
15  44  516,596
15  49  153,808
15  50  575,727,811,952
15  52  263,801
15  80  621,911
15  82  140
15  84  801
15  88  251,519,801
16  2  28,877
16  4  519
16  8  371
16  13  22,375
16  27  206,320,655
16  29  243
16  33  206
16  34  120,594
16  35  470
16  38  779
16  39  684
16  47  727,808,811
16  54  684
16  57  579
16  72  206,562
16  73  319
16  79  734
16  80  206,562
16  86  206,263
16  87  813
16  95  502
17  2  579,786
17  15  232,835
17  21  725
17  25  789
17  26  734
17  33  692
17  41  846
17  44  579
17  51  782
17  64  209,319,429
17  80  627,743,904
17  82  579,663
18  1  427
18  2  621
18  3  679
18  4  835
18  5  371,962
18  16  329,646,936,943
18  17  232
18  30  232,727,811
18  31  127
18  33  398
18  34  140,326
18  35  982
18  37  243,808
18  42  247
18  46  679
18  55  263
18  59  802
18  61  733
18  62  516,596
18  64  22,727,811
18  67  232,371
18  71  519
18  75  636
18  82  307
18  86  575,952
18  100  427
19  4  519,839
19  10  127,801
19  12  22
19  22  684
19  26  216,234,470
19  39  10
19  40  496
19  44  263
19  57  646,663
19  59  689
19  60  646,836
19  61  496
19  68  371,663
19  69  663
19  73  727,811
19  93  808
19  95  398
19  100  206
20  1  263
20  4  808
20  7  63
20  9  525,808
20  21  29,243
20  24  579
20  35  727,811
20  36  808
20  37  877
20  39  15
20  40  130
20  50  496,557,636,831
20  51  911
20  52  71
20  58  94,820
20  63  808
20  73  931
20  77  140,485
20  86  627
20  88  201
20  89  609
21  5  206,562,669
21  8  781
21  10  839
21  14  929
21  20  371
21  21  454,801
21  29  263
21  33  700
21  39  623,846
21  46  209
21  51  946
21  53  398
21  57  367
21  58  496
21  60  801
21  67  991,997
21  70  201,553,579
21  74  251
21  76  959
21  93  367
21  99  263,962
22  1  946
22  8  130
22  12  522
22  13  646
22  26  500
22  33  808
22  34  522
22  41  725
22  45  263
22  62  733
22  66  22
22  68  367,409,946
22  70  669
22  74  652
22  75  140
22  88  490
22  90  371
22  95  387,991,997
22  97  130
22  99  206,562,575,952
23  3  195,393
23  9  519,727,811
23  15  244
23  16  621
23  25  289,398,733
23  26  387
23  27  244,320,655
23  29  782,801
23  36  429
23  40  779
23  64  153
23  72  195,393,820
23  96  700
24  1  575,952
24  6  522
24  7  232
24  9  409,429,496
24  11  808,959
24  18  387,700
24  20  721,846
24  22  775,846,991
24  25  727,811
24  29  859
24  33  398
24  42  290
24  43  371
24  44  307
24  59  66
24  62  579
24  63  10,429,734
24  66  28,490,877
24  68  289
24  72  496
24  75  367
24  78  263
24  90  721,846
24  95  22
25  5  753
25  7  195,393,519,734
25  12  367
25  13  307
25  25  454,684,722,801
25  29  700
25  33  243,429
25  42  997
25  52  938
25  59  496,911
25  61  636
25  66  409
25  68  727,811
25  89  198,820
25  90  94,820
26  6  562
26  11  284
26  12  116,835
26  16  779
26  19  579,786
26  20  801
26  25  63,516,623,711,846
26  28  201,663
26  32  300,371
26  34  429
26  41  427
26  42  243,635
26  46  911,991,997
26  52  684
26  57  943
26  61  579
26  62  216,234,307
26  64  204,911
26  70  753
26  93  22
27  2  700
27  6  116,519
27  7  789
27  8  700
27  9  127,130
27  16  636
27  20  938
27  23  371,859
27  25  71,859
27  32  289
27  54  801
27  57  801
27  59  130,959
27  66  371
27  68  684
27  70  371
27  72  130,700
27  78  398,700
27  79  22
27  80  553
28  8  369
28  11  429
28  16  29
28  20  530,531,621
28  25  496,938
28  29  116,962
28  31  216,234
28  47  371
28  50  130
28  58  130,931
28  71  357
28  76  496
28  85  232
28  94  130
28  97  519
29  2  15,575,952
29  11  742
29  16  522
29  19  700
29  37  689
29  44  52
29  47  289
29  53  472,859
29  59  130
29  62  679
29  66  946
29  69  943
29  76  801
29  82  562
29  93  429
29  99  679
30  3  209
30  4  243,279,824,835
30  8  15,871,888
30  14  130,811
30  16  273
30  19  575,952
30  20  187
30  27  130
30  33  859
30  34  801
30  36  801
30  41  522
30  53  519
30  58  525
30  60  700
30  62  500
30  63  429
30  64  243,929
30  86  244
30  94  781
30  99  63
31  11  277
31  26  782
31  28  319
31  31  36,808
31  34  700
31  37  429,487
31  39  216,234
31  43  116
31  51  627
31  53  859
31  61  307,859
31  71  669,835
31  72  15
31  79  496,997
31  80  562
31  94  116,369
31  98  700
31  99  52,753,997
32  9  575,952
32  15  839
32  32  429
32  33  15
32  43  94,820
32  47  496
32  52  885
32  57  700
32  68  562
32  70  367
32  88  835
32  96  454
32  97  519
32  99  209
33  6  579
33  7  71
33  13  700
33  14  997
33  17  519
33  18  360,754
33  19  52,621
33  29  190,296,422
33  41  206
33  42  369
33  63  371
33  75  646
33  81  369,669
33  84  700
33  86  209
33  91  165
33  92  808
33  94  454,782
33  97  243,279,824
33  98  411,454,490,808
34  6  206
34  13  15,71
34  14  307
34  15  519
34  16  15
34  19  15
34  23  782
34  26  29
34  28  579,727,811
34  34  797
34  43  997
34  47  140
34  49  204
34  72  66
34  74  371
34  76  938
34  97  839
34  98  263,700
34  100  166,245,320
35  3  579,786
35  4  429
35  6  307
35  9  52,429
35  12  782
35  13  502
35  23  140
35  25  140,885
35  35  496
35  39  500
35  48  422
35  54  623,846
35  59  216,234
35  65  289
35  68  454,579,692,733,782
35  70  721,846
35  71  371,839
35  73  52,307
35  74  721,846
35  77  97,500,519
35  78  859
35  81  429,753
35  84  127,429
35  98  575,952
36  1  52,877
36  10  700
36  12  839
36  21  959
36  22  29
36  25  97,100,239,398
36  28  307,496,692,899
36  30  496,519
36  40  813
36  41  166,245,320
36  43  140,734
36  48  813
36  51  525,877
36  57  97
36  58  22,717,949
36  61  36
36  81  367,943
36  86  52
36  95  782,943
36  98  454,722
37  1  519
37  5  100,239
37  8  253,369
37  9  371,429
37  21  166,245,320,700
37  25  216,243,711,929,997
37  29  52
37  37  734
37  46  627
37  49  429
37  50  500,797
37  54  500,700
37  57  636
37  62  209,997
37  63  371
37  64  216,711
37  68  100,239,307,371,877,991,997
37  76  530,531,621
37  84  781
37  98  52,519
37  100  931
38  4  371
38  5  367
38  6  94,820
38  7  288,782
38  12  496
38  17  94,820
38  18  15
38  24  94,307,820
38  26  209
38  32  140
38  35  130,813
38  47  130
38  57  15
38  59  627
38  66  52
38  69  579,786
38  71  950
38  78  15,562
38  88  839
38  92  429
38  93  502,733
38  95  859
38  97  273
39  7  885
39  11  519
39  18  679
39  29  15,66,94,820
39  31  429
39  51  454
39  58  454
39  65  140,689,997
39  67  135,502
39  68  36
39  78  575,952
39  79  782
39  84  369
39  93  97
39  98  371,835
40  2  52
40  6  500
40  10  15
40  16  519
40  18  209
40  28  15,130,251
40  32  100,165,239
40  36  700,911
40  45  575,952
40  49  130
40  52  52,187,288
40  75  610
40  77  22,762,797
40  78  52
40  84  871,888
40  89  146,527
40  94  734
40  95  636
40  98  15,839
