1  8  22
1  11  519
1  14  470,650,997
1  18  801
1  20  409
1  21  525
1  22  109
1  25  692,808,946
1  32  519,808
1  33  290
1  36  802
1  37  516,596,946
1  40  319,562
1  43  808
1  46  802
1  52  535
1  61  646,663
1  73  516,596
1  77  646
1  79  997
1  80  802
1  93  519
1  94  801
1  103  156
1  104  22,44,469,802,957
1  105  140,490
1  108  363
1  113  646,679
1  114  782
1  119  290,519,836,997
1  124  836
1  125  22,28,109,877
1  141  319
1  145  300
1  150  516,596
1  171  319
1  173  22
1  182  646,899
1  185  409
1  189  836
1  194  319,525,692
1  201  140,319,679
1  202  959
1  213  782,997
1  214  319,836,899
1  225  802
1  231  519,522
1  238  470
1  240  319,957
1  241  739
1  243  646
1  244  519
1  246  957
2  1  490
2  7  22
2  9  127
2  13  140,470,516,596
2  14  319,684,982
2  23  692
2  25  319,409,997
2  26  522
2  33  801
2  36  808
2  37  44,469,519
2  38  519
2  49  562
2  52  127
2  61  692
2  63  734
2  67  232
2  70  28,409,877
2  73  28,877
2  75  808
2  78  801
2  98  140,326,801
2  100  290
2  102  519
2  125  300,319
2  126  44,207,459,469,519,955
2  134  646
2  135  290
2  136  535
2  139  22
2  147  997
2  148  156,320,519,655,957
2  151  782
2  166  28,409,808,877
2  170  109,409,663
2  171  156
2  177  319,409
2  180  319,997
2  192  274,443,673
2  194  398
2  197  802
2  202  263,997
2  204  398,808
2  215  782
2  235  802,904
2  245  519
2  249  692
3  1  663
3  7  206,562,997
3  8  519
3  11  820
3  14  516,596
3  22  357
3  28  251
3  30  946
3  37  127,579
3  38  329,936
3  40  470
3  41  371
3  48  470
3  52  490
3  53  232,535
3  54  957
3  58  319,522
3  61  502,943
3  64  562,801
3  66  782
3  73  263
3  75  371,663,782
3  77  207,290,801,836,955
3  86  802
3  89  899
3  94  319,522
3  102  490
3  108  490
3  128  782
3  139  66
3  142  516,596,663
3  145  519
3  147  836
3  153  363
3  175  44,469
3  177  357,409,782
3  178  519
3  182  789
3  190  470
3  192  663
3  193  409
3  202  409
3  204  859
3  207  320,454,655,722
3  210  319
3  213  684
3  221  802
3  230  739
3  231  116,216,234
3  244  127
3  250  997
4  1  206,562
4  2  393,870
4  15  535
4  24  522
4  25  206,562,646,931
4  26  109
4  27  290,319
4  36  519
4  38  127
4  39  734,957
4  56  997
4  61  398
4  71  409
4  77  232,957
4  80  957
4  85  522
4  86  28,679,877
4  87  470
4  90  522
4  97  319
4  100  725
4  105  646,679
4  108  801
4  126  232
4  128  519
4  134  319
4  139  502,646,692
4  143  621
4  144  409
4  157  997
4  166  207,955
4  170  525,621
4  177  904
4  202  727,811
4  216  525,646
4  231  127,319
4  233  739
4  234  244
4  248  997
5  1  943
5  19  525
5  25  393,398,870
5  26  411,454,957
5  28  22,801
5  34  519
5  50  836
5  64  519,679
5  76  409
5  79  319,684
5  103  519
5  104  216,234
5  114  962
5  120  411,454
5  126  959
5  132  808
5  137  519,801
5  138  195
5  157  684
5  164  997
5  168  319
5  172  470,522
5  183  519
5  185  140
5  186  836
5  194  997
5  197  692
5  216  367
5  217  409
5  218  525,646
5  220  140,326
5  228  522
5  230  109
5  238  375
5  250  684
6  5  782,997
6  7  369,684
6  8  319,529
6  11  232
6  16  663,959
6  17  522
6  19  263
6  34  836
6  37  946
6  43  522
6  52  789
6  53  692
6  55  28,877
6  56  684
6  68  22,516,596
6  83  519
6  90  409,904
6  94  487
6  97  646,811
6  99  782
6  105  411,454
6  113  367,487
6  122  519
6  124  234
6  125  700
6  126  327,671,949
6  128  962
6  131  140
6  133  487
6  144  371
6  147  140,326,684
6  149  290,782,801
6  152  522
6  162  320,655
6  170  319
6  173  156
6  176  646,801
6  177  319
6  187  802
6  191  899
6  195  490,782
6  199  502
6  201  22,820
6  212  221
6  213  782
6  215  962
6  222  801,959
6  234  997
6  239  801
6  243  375
6  245  127
6  246  221
6  248  579
7  3  393,870
7  20  957
7  26  22
7  28  22,516,596
7  31  519,957
7  32  127
7  37  877
7  39  997
7  47  319
7  48  982
7  49  319
7  53  398
7  58  535
7  62  646
7  65  808
7  67  519
7  69  22
7  70  263
7  74  156,409
7  75  962
7  77  234,808
7  82  808
7  91  300
7  101  156
7  102  127,522
7  116  519
7  129  207,393,870,955
7  130  522
7  133  516,596,779
7  143  743
7  149  84,522
7  150  579
7  153  290,782
7  155  646
7  157  393,870
7  167  319
7  171  579
7  177  300,962
7  181  519
7  193  957
7  203  357
7  216  319,454
7  222  411,454,487,502
7  233  109,487
7  236  535
7  248  187,623,846
7  249  398
8  9  263,519
8  17  66,116
8  24  116
8  27  725
8  37  327,671
8  42  66,782
8  50  234,319,877
8  52  28,877
8  56  663
8  61  319
8  64  734
8  76  319,835
8  81  663,782
8  83  127
8  86  290
8  96  525
8  102  808
8  105  522
8  111  411,454
8  115  519
8  116  357
8  119  908
8  120  522
8  121  320,655
8  123  522,646
8  125  263
8  126  689
8  128  201,553,579
8  141  371,997
8  143  127
8  152  393,870
8  154  470,579
8  162  519
8  166  216,232
8  173  502
8  180  502
8  188  519
8  203  808
8  205  320
8  209  44,469,801
8  213  962
8  217  371
8  225  911
8  227  801
8  229  562
8  230  28,219,877
8  239  700
8  240  319,727,801,811
8  243  135,367
8  247  319
8  250  959
9  8  127
9  14  221
9  16  109
9  22  904
9  23  398
9  28  502,529,700,782
9  30  207,877,955
9  40  982
9  47  319
9  49  22,519
9  75  201,553,579,943
9  77  120,594
9  82  371,516,596
9  85  22,207,955
9  89  600,666,884
9  92  519,899
9  93  646
9  95  663
9  97  496
9  104  219,500,627
9  106  207,955
9  107  519
9  108  621,700
9  111  646
9  112  28,782,877
9  113  320,655,733,734
9  128  835
9  132  371
9  133  579
9  135  725
9  138  957
9  149  725,962
9  151  646
9  153  206,562
9  165  519
9  175  519,899
9  177  727,811
9  188  946
9  191  261,895
9  193  470
9  195  725
9  201  496,522
9  221  195,393
9  234  789
9  239  127,429
10  2  801
10  11  127
10  12  519
10  13  801
10  16  490
10  21  290,621
10  26  487,621
10  27  427
10  28  319
10  33  427
10  46  502
10  49  127
10  54  997
10  59  319
10  62  367
10  64  127,684
10  68  646,946
10  70  782
10  72  195,319,393
10  75  669
10  80  357
10  83  371
10  86  725
10  87  982
10  89  261,895
10  90  116
10  98  28,789,877
10  113  663
10  116  127,904
10  119  234,835
10  121  519
10  130  22,700
10  131  997
10  138  802
10  140  692
10  141  650
10  143  808
10  144  721,846,997
10  145  877
10  149  201,553,579
10  153  721,846
10  171  727,739,811
10  172  251,319,375
10  175  931
10  179  28,877
10  189  234
10  193  300
10  206  22,109,789
10  213  962
10  216  525,733
10  221  357
10  223  28,877
10  231  116,808
10  237  522,663
10  240  357,525
10  241  109
10  248  997
11  14  516,711,727,811
11  22  997
11  25  367,371
11  31  502
11  56  623,846
11  59  44,469,727,811,957
11  63  127,519
11  64  808
11  81  962
11  85  116
11  86  320,427,655
11  93  127
11  108  801
11  112  962
11  115  127
11  122  519
11  147  234
11  161  519
11  164  156,646
11  172  135,727,811
11  180  782
11  183  997
11  185  371
11  188  127,700
11  191  609
11  195  962
11  197  398
11  202  409,575,952
11  203  290
11  204  371
11  205  646
11  209  700
11  210  727,811
11  211  28,522,877
11  215  669
11  221  206,562,904
11  224  502,789
11  225  627
11  227  700
11  230  855
11  240  700,727,811
11  241  621
11  246  357,522
12  1  290,820
12  8  808
12  17  320,655
12  19  393,454,801,870
12  23  187
12  29  28,109,650,877
12  31  931
12  33  300
12  50  120,187,263,594
12  57  516,596,959
12  61  991,997
12  63  127,808
12  68  502,808
12  75  753
12  77  371
12  92  261,895
12  112  575,952
12  115  808
12  123  367
12  125  15,621,835
12  142  579
12  145  911
12  147  22
12  149  195,393,427,470,519
12  151  962
12  156  22,243,525
12  157  646
12  159  290
12  161  516,596,835
12  162  931
12  164  251,367
12  166  289,519
12  175  609
12  177  201,371,553,579
12  180  470
12  199  243
12  202  387,684
12  214  600,666,884
12  218  367
12  219  409,519
12  223  789
12  227  127,429
12  234  367,519,824
12  237  367,562
12  241  127
13  8  496,700
13  10  519,835
13  21  663
13  29  621
13  33  519
13  35  319
13  36  371
13  39  485,700
13  42  650
13  49  496
13  52  369
13  56  216,711
13  58  116
13  65  371
13  66  962
13  67  409
13  70  487
13  73  579
13  76  727,811
13  77  22,289
13  78  692
13  82  289
13  94  946
13  96  801
13  98  127
13  105  209,387
13  116  808
13  124  120,579,594,786
13  125  502
13  130  15,782
13  133  371
13  136  946
13  149  127
13  164  684,943
13  165  835
13  168  44,469
13  172  470
13  177  165,669
13  180  502,982
13  183  127
13  187  319,911
13  188  263
13  202  219
13  203  371
13  214  609
13  221  319
13  222  579
13  228  116
13  237  522,904
13  240  109,319,375,802,904
13  244  692,808
13  247  957
13  250  802
14  1  725
14  6  320,655
14  13  789
14  14  496,579
14  15  519
14  22  367,621,824
14  36  127
14  38  808
14  48  991,997
14  58  563
14  75  289
14  76  371
14  78  801
14  81  127,201,553,579
14  98  487,801
14  104  502
14  105  216,610
14  109  66
14  125  165,496,522
14  132  621
14  134  367
14  136  522
14  138  369,500,525
14  139  398
14  140  398
14  148  621
14  155  650,931
14  157  519,623,846
14  159  725
14  161  357
14  171  516,596
14  180  684,813
14  181  808
14  189  519
14  190  982
14  198  997
14  218  490,519
14  231  943
14  234  263
14  237  116,216,234,663,733
14  238  135
14  242  621
14  249  263
15  1  232,636
15  8  429
15  25  692,721,846,877
15  29  84
15  34  127,234
15  38  429
15  44  516,596
15  49  153,808
15  50  575,727,811,952
15  52  263,801
15  80  621,911
15  82  140
15  84  801
15  88  251,519,801
15  108  28,896
15  113  127,371
15  118  290
15  122  522
15  125  190,296,422
15  141  22
15  148  244
15  153  357,427
15  166  22,290,717,949
15  171  496
15  180  991,997
15  187  127
15  194  454,502
15  206  454,502,579,722
15  217  371,846
15  218  733
15  220  357,562
15  222  387,991,997
15  224  957
15  230  411,454
15  231  429,519
15  245  393,870
16  2  28,877
16  4  519
16  8  371
16  13  22,375
16  27  206,320,655
16  29  243
16  33  206
16  34  120,594
16  35  470
16  38  779
16  39  684
16  47  727,808,811
16  54  684
16  57  579
16  72  206,562
16  73  319
16  79  734
16  80  206,562
16  86  206,263
16  87  813
16  95  502
16  103  251,911
16  115  44,469
16  119  727,811
16  121  127,470
16  123  733
16  126  156
16  138  156,290
16  148  623
16  149  206,700
16  166  725
16  177  519,957
16  179  206,562
16  182  156
16  184  997
16  187  808
16  219  371
16  222  727,811
16  229  22
16  236  997
16  239  781
16  240  496,911
16  242  522
16  250  243,692
17  2  579,786
17  15  232,835
17  21  725
17  25  789
17  26  734
17  33  692
17  41  846
17  44  579
17  51  782
17  64  209,319,429
17  80  627,743,904
17  82  579,663
17  109  300
17  119  120,519,594
17  120  360,754,802
17  128  663
17  131  490
17  133  289
17  137  470,562
17  143  429
17  149  62,166,245,319,320,655,808
17  151  201,553,579
17  160  367,824
17  167  663
17  177  679,753
17  179  263
17  185  721,846
17  201  116,865,997
17  203  289,725
17  207  244,692
17  211  116
17  212  725
17  221  727,811
17  224  216,234
17  235  911
17  237  140,326
17  245  367,808
17  248  684
17  249  575,952
18  1  427
18  2  621
18  3  679
18  4  835
18  5  371,962
18  16  329,646,936,943
18  17  232
18  30  232,727,811
18  31  127
18  33  398
18  34  140,326
18  35  982
18  37  243,808
18  42  247
18  46  679
18  55  263
18  59  802
18  61  733
18  62  516,596
18  64  22,727,811
18  67  232,371
18  71  519
18  75  636
18  82  307
18  86  575,952
18  100  427
18  101  519,801
18  113  692,943
18  118  725
18  119  319,502
18  134  319,727,811
18  138  15
18  147  797
18  153  206
18  157  251
18  166  140,427
18  173  251
18  176  367
18  182  521
18  184  684
18  185  646,997
18  187  627
18  193  375
18  200  320,655
18  202  500
18  205  610
18  206  525
18  213  187
18  229  153
18  231  371
18  234  521,575,684,808,931,952
18  245  733
19  4  519,839
19  10  127,801
19  12  22
19  22  684
19  26  216,234,470
19  39  10
19  40  496
19  44  263
19  57  646,663
19  59  689
19  60  646,836
19  61  496
19  68  371,663
19  69  663
19  73  727,811
19  93  808
19  95  398
19  100  206
19  101  700
19  111  387,519
19  116  519
19  131  411,454,519
19  132  743
19  144  519,801
19  149  727,811
19  152  802
19  153  663
19  157  367
19  163  156,363
19  166  206,371
19  186  562
19  193  135,931
19  197  127
19  198  646
19  200  244
19  203  959
19  210  496
19  212  15
19  213  156
19  214  120,594
19  223  71
19  231  646,721
19  233  274,443,673
19  243  251,470
19  248  700
20  1  263
20  4  808
20  7  63
20  9  525,808
20  21  29,243
20  24  579
20  35  727,811
20  36  808
20  37  877
20  39  15
20  40  130
20  50  496,557,636,831
20  51  911
20  52  71
20  58  94,820
20  63  808
20  73  931
20  77  140,485
20  86  627
20  88  201
20  89  609
20  102  429
20  128  943
20  134  496
20  140  116,859
20  152  156
20  153  801
20  156  243
20  162  127
20  165  519
20  166  575,952
20  167  789
20  172  201,367
20  176  232
20  183  320,655
20  186  234,529
20  212  427
20  217  289
20  227  781
20  228  94,820
20  233  84
20  234  429
20  235  300
20  242  743
20  244  398
20  247  274,429,443,673
20  250  522
21  5  206,562,669
21  8  781
21  10  839
21  14  929
21  20  371
21  21  454,801
21  29  263
21  33  700
21  39  623,846
21  46  209
21  51  946
21  53  398
21  57  367
21  58  496
21  60  801
21  67  991,997
21  70  201,553,579
21  74  251
21  76  959
21  93  367
21  99  263,962
21  101  109
21  105  22,717,949
21  111  367
21  112  669
21  116  127
21  127  319
21  128  669
21  138  931
21  139  367
21  147  320,655,911
21  159  367
21  160  519
21  164  652
21  169  836,959
21  176  700
21  180  859
21  187  290
21  201  522,684
21  207  398
21  212  490
21  214  496
21  222  244
21  224  454,722
21  234  243
21  248  557
22  1  946
22  8  130
22  12  522
22  13  646
22  26  500
22  33  808
22  34  522
22  41  725
22  45  263
22  62  733
22  66  22
22  68  367,409,946
22  70  669
22  74  652
22  75  140
22  88  490
22  90  371
22  95  387,991,997
22  97  130
22  99  206,562,575,952
22  101  835
22  104  692,801
22  106  646
22  111  127,733
22  115  429
22  121  808
22  122  808
22  136  116,472
22  138  579
22  154  375,650
22  155  84,502
22  160  127,371
22  164  733
22  165  243,279,679,824
22  172  319,496
22  180  962
22  181  371
22  183  700
22  191  198,820
22  202  52,621,679
22  209  519
22  218  522,782
22  219  127,721,846
22  225  982
22  240  130,727,811
22  243  201,375
23  3  195,393
23  9  519,727,811
23  15  244
23  16  621
23  25  289,398,733
23  26  387
23  27  244,320,655
23  29  782,801
23  36  429
23  40  779
23  64  153
23  72  195,393,820
23  96  700
23  101  15,621
23  104  700
23  106  367
23  111  808
23  114  669
23  132  553,679
23  155  243,635,991,997
23  159  427
23  167  116,943
23  169  234
23  172  579
23  188  575,952
23  191  733
23  194  454
23  203  427
23  205  244
23  214  146,527,636,831
23  215  739
23  220  946
23  230  263
23  231  367,727,811
23  235  779
23  250  398
24  1  575,952
24  6  522
24  7  232
24  9  409,429,496
24  11  808,959
24  18  387,700
24  20  721,846
24  22  775,846,991
24  25  727,811
24  29  859
24  33  398
24  42  290
24  43  371
24  44  307
24  59  66
24  62  579
24  63  10,429,734
24  66  28,490,877
24  68  289
24  72  496
24  75  367
24  78  263
24  90  721,846
24  95  22
24  102  692
24  106  232
24  107  127
24  108  938
24  110  519,692
24  117  519,801
24  120  911
24  122  127,371
24  123  97
24  124  621,652
24  128  753,782
24  137  22,782
24  138  911
24  140  779
24  146  522
24  151  669
24  153  621
24  156  470
24  157  201,733
24  158  663
24  164  623,846
24  175  808
24  178  127
24  179  63
24  183  684
24  188  15,877
24  189  329,936,991,997
24  192  943
24  197  808
24  205  516,596,727,811
24  209  689
24  214  797
24  215  398
24  235  575,952
24  240  621,692
25  5  753
25  7  195,393,519,734
25  12  367
25  13  307
25  25  454,684,722,801
25  29  700
25  33  243,429
25  42  997
25  52  938
25  59  496,911
25  61  636
25  66  409
25  68  727,811
25  89  198,820
25  90  94,820
25  101  251
25  105  116,360,754
25  115  187
25  131  387,684
25  135  427
25  137  22
25  144  127
25  151  753
25  154  84
25  155  36
25  157  97,329,936
25  158  357,519
25  167  636
25  173  652
25  175  429,689
25  180  36,991,997
25  181  663
25  182  609
25  184  997
25  186  289
25  189  779
25  201  116,284
25  203  140,206,877
25  205  116
25  220  22
25  222  156,700,734
25  223  263
25  243  135
25  246  22,522,904
26  6  562
26  11  284
26  12  116,835
26  16  779
26  19  579,786
26  20  801
26  25  63,516,623,711,846
26  28  201,663
26  32  300,371
26  34  429
26  41  427
26  42  243,635
26  46  911,991,997
26  52  684
26  57  943
26  61  579
26  62  216,234,307
26  64  204,911
26  70  753
26  93  22
26  101  692
26  103  243,279,627,824
26  108  524
26  122  127
26  129  127
26  148  782
26  152  116
26  158  782
26  166  52
26  167  94,820
26  170  371
26  173  36
26  176  733
26  177  367,721,846
26  182  251
26  184  623,846
26  186  140
26  187  429,908
26  190  813
26  201  646,734,742
26  211  94,263,500,820
26  215  140,326,753,855
26  236  684
26  237  94,820
26  239  369
26  241  808,855
26  245  429
27  2  700
27  6  116,519
27  7  789
27  8  700
27  9  127,130
27  16  636
27  20  938
27  23  371,859
27  25  71,859
27  32  289
27  54  801
27  57  801
27  59  130,959
27  66  371
27  68  684
27  70  371
27  72  130,700
27  78  398,700
27  79  22
27  80  553
27  107  232
27  109  165,369
27  113  562,808
27  119  470,727,811,943
27  125  525,839
27  133  140
27  137  679
27  138  454
27  147  782
27  151  216,234
27  153  63,700
27  155  557
27  156  375,502
27  161  369
27  163  522
27  176  15
27  187  470
27  196  109
27  199  329,936
27  213  557
27  217  140
27  222  251,307
27  223  575,952
27  231  801
27  233  62
27  234  52,371
27  235  52
27  247  232,802
27  250  94,801,820
28  8  369
28  11  429
28  16  29
28  20  530,531,621
28  25  496,938
28  29  116,962
28  31  216,234
28  47  371
28  50  130
28  58  130,931
28  71  357
28  76  496
28  85  232
28  94  130
28  97  519
28  102  116
28  111  429
28  125  29,454
28  134  130
28  137  375,470,502,904
28  143  679,733
28  151  733
28  163  957
28  168  801
28  171  579,652
28  172  116,496
28  175  371
28  176  97,387
28  178  263,485
28  180  36,130
28  186  959
28  188  429
28  189  36
28  192  84
28  198  946
28  199  991,997
28  202  496
28  205  579
28  206  522
28  207  71,859
28  212  206
28  217  244
28  222  130
28  229  319,357
28  237  116
28  242  553,621,789
28  244  429
28  246  116
28  247  911
28  248  216,711
29  2  15,575,952
29  11  742
29  16  522
29  19  700
29  37  689
29  44  52
29  47  289
29  53  472,859
29  59  130
29  62  679
29  66  946
29  69  943
29  76  801
29  82  562
29  93  429
29  99  679
29  103  652
29  116  195,393,429
29  126  127,649
29  128  692
29  135  206,734
29  137  775,846,991
29  146  116
29  148  63,180,556,809,859
29  149  470,496,669
29  161  904,997
29  163  621
29  170  29
29  172  251
29  173  367
29  177  432,679
29  181  289,943
29  184  623,846
29  195  201,487,553,579
29  199  779
29  213  623,669
29  227  369
29  237  899
29  250  700
30  3  209
30  4  243,279,824,835
30  8  15,871,888
30  14  130,811
30  16  273
30  19  575,952
30  20  187
30  27  130
30  33  859
30  34  801
30  36  801
30  41  522
30  53  519
30  58  525
30  60  700
30  62  500
30  63  429
30  64  243,929
30  86  244
30  94  781
30  99  63
30  101  839
30  111  97
30  112  753
30  116  22
30  120  116,627
30  133  307
30  134  733
30  138  251,288
30  142  307
30  149  206,429,562,664
30  153  15
30  156  28,896
30  157  621
30  160  516,711,721,808,846
30  161  288,579
30  168  700,959
30  176  904
30  188  52
30  193  116
30  194  130
30  195  669
30  196  621
30  200  646
30  203  166,245,320
30  204  66
30  205  496
30  206  187,454
30  209  781
30  212  904
30  218  454
30  219  243
30  224  621
30  227  871,888
30  230  52
30  236  232
30  241  429
31  11  277
31  26  782
31  28  319
31  31  36,808
31  34  700
31  37  429,487
31  39  216,234
31  43  116
31  51  627
31  53  859
31  61  307,859
31  71  669,835
31  72  15
31  79  496,997
31  80  562
31  94  116,369
31  98  700
31  99  52,753,997
31  102  398
31  110  398
31  113  244,398,562
31  115  244,327,671
31  116  429,692
31  119  496,636,831,839,957
31  122  116,770
31  131  243,279,824
31  132  209
31  139  219
31  145  525
31  148  997
31  153  775,846,991
31  192  62,820
31  194  885
31  200  367
31  205  94,820
31  209  369,835
31  212  166,245,320
31  221  496
31  233  615,734
31  235  627
31  237  94,820
31  240  496,801
31  245  621
31  250  911
32  9  575,952
32  15  839
32  32  429
32  33  15
32  43  94,820
32  47  496
32  52  885
32  57  700
32  68  562
32  70  367
32  88  835
32  96  454
32  97  519
32  99  209
32  101  29
32  107  519
32  114  753
32  119  130,216,234
32  120  216
32  122  808
32  136  263,877
32  137  204,209,982
32  138  187,627
32  150  371
32  154  135
32  156  135
32  158  904
32  162  244,808
32  169  22
32  172  130
32  177  950,983
32  196  393,516,596,870
32  211  52
32  212  20,741
32  214  130
32  215  367
32  219  429,801
32  229  216
32  237  116,775,846
32  239  871,888
32  240  931
32  244  859
32  246  801
33  6  579
33  7  71
33  13  700
33  14  997
33  17  519
33  18  360,754
33  19  52,621
33  29  190,296,422
33  41  206
33  42  369
33  63  371
33  75  646
33  81  369,669
33  84  700
33  86  209
33  91  165
33  92  808
33  94  454,782
33  97  243,279,824
33  98  411,454,490,808
33  107  429
33  110  835,859
33  112  52
33  113  636,859
33  115  689
33  126  460,808
33  131  216,711
33  134  97,367,824
33  141  289
33  147  627
33  150  307
33  156  454
33  160  801
33  161  946
33  163  15
33  170  636
33  177  130,187,496
33  182  146,527,652
33  183  429,623,846
33  187  244,371
33  191  146,527
33  192  664
33  196  579
33  205  307
33  213  859
33  216  97,496,733
33  220  153,877
33  223  885
33  229  22,496,717,949
33  245  97
33  250  652
34  6  206
34  13  15,71
34  14  307
34  15  519
34  16  15
34  19  15
34  23  782
34  26  29
34  28  579,727,811
34  34  797
34  43  997
34  47  140
34  49  204
34  72  66
34  74  371
34  76  938
34  97  839
34  98  263,700
34  100  166,245,320
34  101  859
34  104  15,689
34  108  22
34  117  700,835
34  119  500
34  122  94,820
34  129  232,429,808
34  132  289
34  134  496
34  138  398,652
34  143  209
34  145  627
34  149  15,753
34  150  140
34  159  206
34  164  243,279,824
34  169  782
34  179  52
34  183  371
34  186  120,594
34  191  997
34  200  733
34  201  209
34  202  360,371,623,754,846
34  213  753
34  218  97,808
34  227  253,369
34  231  371
35  3  579,786
35  4  429
35  6  307
35  9  52,429
35  12  782
35  13  502
35  23  140
35  25  140,885
35  35  496
35  39  500
35  48  422
35  54  623,846
35  59  216,234
35  65  289
35  68  454,579,692,733,782
35  70  721,846
35  71  371,839
35  73  52,307
35  74  721,846
35  77  97,500,519
35  78  859
35  81  429,753
35  84  127,429
35  98  575,952
35  105  94,820
35  108  15,530,531,621,782
35  109  422,839
35  117  781
35  119  859
35  131  579,610
35  139  733
35  141  243,496,635
35  149  130,367
35  151  369
35  154  243,635
35  158  127,859
35  162  429
35  165  931
35  167  454,496,722
35  168  496,689
35  172  375,733,782
35  175  997
35  178  808
35  181  140,636,839
35  206  116
35  207  885
35  218  116,429
35  219  371,938
35  224  36
35  225  813
35  231  94,820,835
35  237  500
35  246  94,700,775,820,846,929,991
35  247  519
36  1  52,877
36  10  700
36  12  839
36  21  959
36  22  29
36  25  97,100,239,398
36  28  307,496,692,899
36  30  496,519
36  40  813
36  41  166,245,320
36  43  140,734
36  48  813
36  51  525,877
36  57  97
36  58  22,717,949
36  61  36
36  81  367,943
36  86  52
36  95  782,943
36  98  454,722
36  106  733
36  112  360,367,754
36  114  367
36  121  429,982
36  122  429
36  128  636
36  129  519
36  137  813,929
36  142  22,636
36  151  97,367
36  153  997
36  158  808,943
36  164  97
36  172  94,97,130,820
36  179  997
36  185  610
36  189  797
36  194  859
36  195  753
36  196  307
36  202  130,209
36  216  130,522
36  219  530,531,621
36  220  204
36  229  130,204
36  230  387
36  237  195,393,943
36  246  15
37  1  519
37  5  100,239
37  8  253,369
37  9  371,429
37  21  166,245,320,700
37  25  216,243,711,929,997
37  29  52
37  37  734
37  46  627
37  49  429
37  50  500,797
37  54  500,700
37  57  636
37  62  209,997
37  63  371
37  64  216,711
37  68  100,239,307,371,877,991,997
37  76  530,531,621
37  84  781
37  98  52,519
37  100  931
37  116  371,398
37  122  140
37  126  429,519
37  133  307
37  136  22
37  144  429
37  148  500
37  153  524
37  157  251
37  158  775,846,962,991
37  160  562,938
37  161  307
37  163  652
37  170  496
37  177  209
37  183  244
37  186  636,831
37  188  371
37  195  367
37  197  369,429
37  200  97
37  203  775,846,991
37  204  140
37  224  71,500
37  233  664
37  240  216,234,487
38  4  371
38  5  367
38  6  94,820
38  7  288,782
38  12  496
38  17  94,820
38  18  15
38  24  94,307,820
38  26  209
38  32  140
38  35  130,813
38  47  130
38  57  15
38  59  627
38  66  52
38  69  579,786
38  71  950
38  78  15,562
38  88  839
38  92  429
38  93  502,733
38  95  859
38  97  273
38  113  209
38  122  371
38  127  496
38  128  839
38  132  140
38  141  100,239
38  148  962
38  168  15
38  171  307
38  172  135,307
38  178  429
38  182  367
38  186  36
38  191  97
38  193  371,775,846,991
38  196  190,296,422,621
38  197  288
38  209  839
38  213  367
38  220  904
38  223  52
38  224  885
38  231  516,636,711
38  237  525,636
38  243  97
38  249  52
38  250  859
39  7  885
39  11  519
39  18  679
39  29  15,66,94,820
39  31  429
39  51  454
39  58  454
39  65  140,689,997
39  67  135,502
39  68  36
39  78  575,952
39  79  782
39  84  369
39  93  97
39  98  371,835
39  113  721,846
39  116  502,859
39  122  429
39  126  251,261,851
39  142  782
39  144  22
39  145  165,782
39  152  911
39  157  216,711,779
39  170  130,454
39  172  140,326
39  182  198,764
39  198  355,747
39  201  277
39  212  775,846,991
39  215  615
39  231  500,733
39  236  474
39  241  29
40  2  52
40  6  500
40  10  15
40  16  519
40  18  209
40  28  15,130,251
40  32  100,165,239
40  36  700,911
40  45  575,952
40  49  130
40  52  52,187,288
40  75  610
40  77  22,762,797
40  78  52
40  84  871,888
40  89  146,527
40  94  734
40  95  636
40  98  15,839
40  102  94,820
40  110  839
40  114  243,279,521,824
40  117  369
40  119  130,711,786
40  125  52,130
40  128  398
40  134  130
40  138  557
40  139  692,859
40  143  97
40  155  209,273
40  156  516,711
40  158  429
40  160  429
40  165  839
40  173  733
40  182  97
40  193  959
40  199  36
40  209  871,888
40  212  929
40  215  859
40  231  97,734
40  237  94,206,562,820
40  240  130,398,775,846,991
40  247  432,627
40  250  15,470
