1  2  232
1  4  943
1  5  753
1  9  865
1  10  100,239
1  14  553
1  19  263,929
1  20  929
1  21  743
1  24  28,140,877
1  29  363
1  33  470,865
1  37  22,929
1  41  865
1  45  216,711,865
1  57  10,808
1  58  371
1  59  140,579
1  64  835
1  67  187
1  75  470
1  91  562
1  98  221
1  102  929
1  111  753
1  113  808
1  136  808
1  138  579,974
1  141  140
1  144  535
1  145  859
1  147  877
1  150  490
1  156  997
1  161  609
1  163  459,865
1  171  649,859
1  172  689,895
1  174  490
1  176  929
1  192  689
1  200  519,820
1  201  835,895
1  224  877,997
1  240  779
1  252  472
1  262  261
1  263  779,835
1  265  470,865
1  273  865
1  282  116
1  287  689,859
1  299  263
1  303  974
1  318  140
1  323  490
1  324  261,895
1  333  232
1  342  808
1  344  865
1  345  877,895
1  346  232
1  352  116,553
1  354  609,753
1  355  116
1  356  609,929
1  399  929
1  402  113
1  405  753
1  415  865
1  416  689
1  423  10,470
1  426  753
1  429  623
1  431  470
1  443  929
1  446  274,443,673
1  453  974
1  467  190,358,725
1  473  997
1  476  62
1  477  820,974
1  480  743,859,865
1  481  865
1  486  198,764,820
1  487  22
1  492  470
1  493  490
2  8  263
2  17  116
2  19  28,877
2  21  201
2  23  609
2  28  877
2  30  216,609,711
2  36  22,779
2  37  371,877
2  53  808
2  58  974
2  59  363
2  61  865
2  62  319,743
2  66  609,974
2  76  490
2  82  10
2  87  116,201
2  91  22,232
2  98  22,974
2  99  743
2  122  820
2  137  470
2  142  929
2  148  232
2  149  753
2  154  562,865
2  158  865
2  171  319
2  177  636
2  178  877
2  179  609
2  194  609
2  198  835
2  209  100,239
2  223  207,232,955
2  227  10
2  232  232
2  235  470,649,808
2  238  439
2  240  470
2  247  232,820
2  258  974
2  260  207,955
2  263  929
2  267  261,895,997
2  284  201
2  288  470
2  294  535
2  296  201
2  299  52
2  307  649
2  324  201
2  326  113
2  327  929
2  330  929
2  336  609,753
2  337  221
2  339  865
2  341  116
2  342  835
2  343  439,753,929
2  345  303,728,802
2  347  472
2  350  216,232,711
2  351  579
2  353  649,865
2  359  974
2  363  997
2  376  63,221
2  378  820
2  385  371
2  388  835
2  390  743
2  394  835
2  401  221
2  404  779
2  405  367
2  427  116
2  430  679
2  431  429
2  436  895
2  439  319
2  444  652
2  447  10
2  455  113
2  456  470,649
2  457  808
2  459  375
2  461  232
2  462  865
2  473  195,216,393,711
2  493  820
3  1  113
3  10  140
3  15  490,553
3  26  895
3  28  62,470,753
3  30  198,820
3  48  553
3  67  116
3  73  600,666,884
3  76  997
3  78  459
3  88  113,130,502
3  93  472,865
3  97  813
3  107  562,877
3  108  10
3  111  100,239
3  115  519
3  119  689
3  126  974
3  128  472,753
3  133  216,232,609,865
3  134  100,239,877
3  136  429,813
3  139  232,679
3  141  10,263
3  145  274,443,673
3  148  195,393,689
3  159  216,711
3  164  609
3  179  929
3  187  319
3  190  263
3  195  472,535
3  201  865
3  202  679
3  208  797
3  229  369,490
3  241  113,974
3  244  562,865
3  250  100,239
3  261  116,207,955,974
3  264  472
3  265  929
3  266  216,711
3  274  609
3  279  743
3  280  649
3  290  974
3  293  100,239
3  298  116,470
3  303  808
3  304  808,895
3  306  779
3  308  562
3  311  609
3  312  519
3  321  646
3  322  10
3  330  113
3  333  100,239
3  344  865
3  349  609
3  353  997
3  357  10
3  366  859
3  375  130
3  386  490
3  397  232
3  399  261,895,974
3  408  997
3  431  371
3  432  797
3  454  232,779
3  457  429
3  460  28,743,877
3  462  877
3  470  679
3  477  808
3  491  472
3  499  140,579,877
4  2  609
4  9  974,997
4  12  204
4  19  232,575,952
4  25  835
4  30  84,146,527
4  33  865,997
4  34  865
4  44  319
4  46  609,779
4  47  808
4  52  113
4  58  113
4  59  557
4  69  470
4  85  10
4  86  244
4  88  865
4  89  198,764,797
4  103  813,974
4  109  232
4  112  232
4  113  201
4  138  216,470
4  148  417,609
4  153  63
4  156  692
4  174  490
4  176  470,929
4  185  974
4  193  553
4  201  802
4  212  140,877
4  216  459
4  234  997
4  241  488,811
4  245  470
4  266  263
4  271  10
4  273  28,470
4  278  535,679
4  280  221
4  284  251
4  286  158,247,974
4  315  865
4  316  10
4  318  779
4  319  779
4  324  140
4  330  488,811
4  335  974
4  341  949
4  351  535
4  358  820,877
4  362  201
4  369  63
4  380  113,895
4  393  649,974
4  420  865,929
4  423  982
4  433  470,835
4  444  216,459,711
4  454  609
4  461  820
4  479  36,116
4  482  232
4  484  519
4  487  113
4  497  859
4  500  28
5  4  201
5  13  490
5  20  36
5  21  251
5  26  895
5  33  997
5  34  562
5  36  782
5  39  865
5  50  877
5  54  692,865
5  63  753
5  68  859
5  76  10
5  79  156
5  84  36
5  86  100,239,929
5  91  472
5  98  609
5  104  470
5  106  63,974
5  111  367
5  125  797
5  138  609
5  145  865
5  150  100,239
5  157  116
5  176  470
5  182  10
5  184  232
5  192  779,929
5  193  865
5  201  652
5  203  63,865
5  212  519,553
5  215  470
5  226  929
5  229  974
5  236  100,239,679
5  238  877
5  255  689
5  257  232,877
5  261  232,865
5  266  140
5  270  216,711
5  282  216,553,711
5  283  895
5  286  116,488,538,811
5  289  652
5  296  931
5  299  929
5  301  865
5  310  895
5  313  207,955
5  314  820
5  322  232
5  325  895
5  326  488,811,974
5  331  865
5  337  251,753
5  344  609
5  345  911
5  349  198,820
5  360  835
5  363  859
5  371  808,974
5  376  859
5  377  319
5  387  929
5  389  263
5  392  216,711
5  402  198,753,764
5  408  808
5  411  753
5  420  232,470
5  425  974
5  426  367
5  434  865
5  443  470,575,952
5  448  216,470,711
5  456  865,982
5  458  201
5  461  652,865
5  465  859
5  473  562,865,991,997
5  488  609
5  489  609
5  491  813
5  495  130
6  16  535
6  18  997
6  21  490,865
6  25  470
6  28  519
6  29  621,808,929
6  32  895
6  43  753
6  47  130,974
6  49  63
6  59  319
6  61  877
6  62  100,239,470
6  64  779
6  72  974
6  82  929
6  84  319
6  86  779
6  92  553
6  93  470,997
6  108  140
6  115  929
6  122  472
6  127  490,553
6  128  865
6  131  140,835,865
6  143  895
6  148  808
6  159  198,764
6  180  201,877
6  205  130,140
6  214  319
6  217  974
6  230  130
6  231  835
6  234  263
6  238  113
6  240  261,895
6  245  470,982
6  250  895
6  255  221
6  256  865
6  257  28,232,931
6  258  538,978
6  268  490,865
6  269  609,623
6  288  140,553
6  303  429
6  307  100,239
6  308  609
6  314  600,666,779,884
6  320  232
6  323  140,439
6  331  609
6  339  865
6  344  997
6  351  319
6  376  28,877
6  381  62
6  387  895
6  392  753
6  398  997
6  406  490
6  409  865
6  412  835
6  424  865
6  425  978
6  433  839
6  438  974
6  439  10
6  440  600,666,884
6  449  100,239
6  453  865
6  462  600,666,884
6  463  753
6  469  865
6  472  113
6  480  982
6  490  10,319
6  492  649
7  1  232
7  9  929
7  14  609
7  25  743
7  33  36,684
7  34  22,63,743,974
7  37  649
7  48  808
7  53  429,689
7  58  779
7  67  623
7  68  100,679
7  69  100,216,239,835
7  75  982
7  88  877
7  94  470
7  105  974
7  107  931
7  108  516,596
7  111  459
7  113  753
7  116  877
7  117  201,895
7  121  363
7  128  113,367,753
7  129  753
7  132  10,689
7  141  201,488,865
7  143  802
7  152  263,689
7  156  398
7  165  929
7  167  216,263,711
7  172  689
7  174  553
7  175  100,239
7  176  502,877
7  180  859
7  185  371
7  188  865
7  189  865
7  202  273,319
7  204  865
7  211  263
7  214  609
7  222  609,753
7  232  689
7  250  802
7  254  470,797
7  257  974
7  275  113
7  278  743,779
7  280  28,877
7  281  371
7  303  865
7  309  100,239
7  322  488,865
7  323  877
7  331  997
7  337  753
7  355  974
7  361  113,363
7  364  28,877
7  371  865
7  374  243,279,824
7  380  802
7  389  375
7  390  753
7  391  753,865
7  403  470,865
7  404  207,955
7  408  319,579
7  415  201,579
7  421  997
7  422  459
7  429  472
7  434  553
7  435  239,865
7  441  216,753
7  443  232
7  449  94,820
7  457  895
7  469  470,997
7  473  538,859,978
7  476  753
7  483  375,652
7  493  743,820
7  496  600,666,884
7  499  779
8  7  470
8  13  113
8  14  232
8  16  490
8  27  221
8  29  652
8  31  753
8  39  113
8  40  797
8  57  429
8  58  28,877
8  63  113
8  64  113
8  77  470
8  78  140,743
8  101  997
8  104  36
8  105  371
8  108  974
8  112  156,232
8  122  113
8  127  865
8  129  865
8  131  232,689
8  134  367
8  143  470,646,911
8  155  10,895
8  158  319
8  161  472,895
8  162  156
8  170  877
8  177  130,689
8  187  579,929
8  191  130,490,859
8  193  62,535,997
8  202  263
8  203  997
8  210  877
8  222  367
8  225  201,753
8  231  859
8  233  22
8  239  877
8  241  974,997
8  242  470
8  247  195,393,779
8  251  609,835
8  255  959
8  261  538,978,997
8  264  802
8  265  753
8  275  991
8  276  859
8  296  808
8  297  753
8  310  802
8  311  609
8  317  679
8  328  113
8  330  116
8  334  689
8  340  470
8  343  974
8  353  652,753,974
8  355  997
8  372  472
8  377  929
8  380  488,811,911
8  383  470
8  385  865
8  390  753
8  394  490,753
8  396  28
8  407  470,609
8  412  808
8  415  187,251
8  429  865
8  436  753,865
8  443  982
8  464  865
8  465  600,666,779,884
8  468  232
8  472  417,488,811
8  473  579,786
8  475  232
8  480  207,955,997
8  481  263
8  482  195,393,575,929
8  489  113,929
8  499  689,931
9  1  232
9  12  261,895
9  13  609
9  20  974
9  26  802
9  29  116
9  44  470
9  46  485
9  58  522
9  64  522
9  75  232
9  76  201,488,865
9  82  488,865
9  90  470
9  104  470
9  105  487,877
9  110  859
9  116  232,263
9  121  621
9  122  36
9  131  636
9  133  113,813
9  145  36,997
9  149  929
9  151  991,997
9  157  553
9  164  982
9  165  113
9  166  997
9  177  207,470,955
9  178  931
9  180  877
9  182  263
9  185  375
9  191  929
9  194  198,820
9  195  474,644
9  202  808
9  206  753,877
9  210  600,666,884
9  212  931
9  213  216,711,865
9  223  689
9  224  459
9  227  100,239,460
9  234  575,609,952
9  237  113,600
9  242  991,997
9  244  22
9  257  303,728
9  260  232
9  270  929
9  278  28,877
9  282  553
9  285  28,232
9  286  369
9  296  865
9  297  779
9  302  113,609
9  304  429
9  310  911
9  322  470
9  329  363
9  353  779
9  357  929,974
9  370  609
9  378  251
9  379  865
9  386  519
9  403  232,877
9  406  519
9  407  216,711,929
9  418  997
9  419  187,459
9  423  991,997
9  426  991,997
9  428  753
9  432  113,553
9  433  929
9  437  490,609
9  439  974
9  456  460,929
9  457  553
9  458  931
9  462  931
9  465  207,232,459,955
9  476  859
9  488  198,820
9  489  273,929
9  493  470
9  494  10,609
10  13  140,488,811
10  16  113,689
10  22  865
10  25  470
10  26  470,562,802
10  29  204,429
10  33  417,974
10  35  263,535,609
10  38  28,877
10  39  553
10  41  417
10  52  232
10  61  216,711
10  63  319,991,997
10  75  140
10  100  519
10  103  877
10  112  251
10  131  727,811,997
10  138  562
10  139  689,779,808
10  148  201
10  155  802
10  169  470
10  172  140,865
10  183  562
10  187  417
10  188  10,865
10  193  859
10  195  553
10  197  319
10  202  753
10  206  367
10  218  490
10  220  28
10  249  100,239
10  251  490,711,779
10  252  116
10  253  865
10  255  997
10  258  877
10  260  820
10  277  216
10  278  140
10  281  319
10  294  10,261,895
10  296  429
10  307  367
10  310  609
10  324  10
10  328  865
10  331  743
10  340  982
10  348  113,609
10  362  232,251
10  363  261,490,895
10  364  201
10  367  865
10  375  835
10  380  627
10  387  113,802
10  388  472,733,797
10  389  575,952
10  400  22
10  402  460
10  403  195,393
10  406  877
10  411  836
10  418  130
10  423  753,763
10  431  232
10  436  116,367,802,997
10  443  52
10  467  63,130
10  473  808,997
10  483  865
10  496  470
11  2  207,955
11  8  865
11  22  623,865
11  25  997
11  28  207,955
11  36  859
11  37  140
11  40  865
11  43  470,753
11  47  10
11  52  538,978
11  56  609
11  59  609
11  61  865
11  64  367,538,978
11  66  487
11  77  472
11  79  140
11  82  763
11  94  974
11  95  140
11  98  63
11  99  579
11  116  575,952
11  120  997
11  124  808
11  125  650
11  128  895,997
11  136  562
11  139  743
11  149  535
11  155  490
11  157  519
11  161  802
11  167  575,952
11  168  535
11  177  232
11  181  490
11  182  782
11  190  100,239,929
11  199  22,859
11  203  116,472
11  207  22
11  212  63,753
11  220  877
11  221  753
11  224  931
11  237  974
11  243  263
11  246  62,130,679,820
11  249  367
11  253  877,997
11  257  679,865
11  263  375
11  264  459,470,474,644
11  270  113
11  288  140,326
11  292  113
11  304  371,997
11  306  130,997
11  321  100,239,519
11  325  140,216
11  326  190,358,652,725
11  329  519,621
11  336  929
11  338  472
11  341  609
11  342  877
11  347  100,239,474,644
11  351  375
11  362  195,393
11  368  116,472,997
11  369  36,997
11  370  216,579
11  383  116,859
11  393  460
11  394  140
11  396  779
11  402  66,488,811
11  421  216,579,786
11  436  684,911
11  441  22,717,877,949
11  456  10,813
11  460  877
11  463  974
11  472  187,609
11  473  84,652
11  486  216,553
11  495  113
11  498  895
12  1  62,209
12  5  974
12  6  232,877
12  7  609,974
12  24  865
12  29  371
12  38  609,743
12  39  997
12  40  459
12  41  997
12  42  865,895
12  43  836
12  45  997
12  46  877
12  57  488,865
12  66  36,734
12  68  808
12  69  820
12  70  553
12  73  865
12  82  502,609
12  91  195,393
12  95  63
12  99  187
12  100  116,472
12  108  535,802
12  114  36
12  126  779
12  133  488,811,877,974
12  135  877
12  152  140
12  153  579
12  162  100
12  170  609
12  172  417,627
12  173  490,865
12  174  140,519,997
12  180  865
12  189  243,635
12  202  538,978
12  203  609
12  209  113
12  212  140,243,279,326
12  230  207,363,553,955
12  250  273
12  251  991,997
12  253  319,684
12  255  417
12  256  62,216,711
12  259  859
12  261  66,684
12  262  562
12  263  113,502,839
12  274  187
12  285  974
12  296  207,955
12  302  198,820
12  306  216,711
12  317  753
12  319  485
12  328  997
12  332  319
12  334  982
12  350  274,443,673
12  354  367
12  362  206,562
12  370  113
12  371  232
12  377  727,811
12  380  529
12  383  974
12  388  865
12  394  929
12  399  538,978
12  401  459
12  402  689
12  403  470,490,974
12  408  187
12  417  216
12  424  470
12  427  22,717,949
12  429  201,459
12  438  538,779,978
12  440  459,808
12  455  488,811
12  457  802
12  470  470
12  483  997
12  494  198,553,820
13  2  232
13  7  100,239,649
13  10  950,983
13  11  319,877
13  12  535,865
13  16  201,519
13  21  663
13  26  627,911
13  29  289
13  38  488,811
13  47  488,865
13  59  621
13  61  232,689
13  69  982
13  70  997
13  76  36,261,895
13  80  820,835
13  91  153
13  93  609,779
13  99  10,557
13  100  692
13  102  130,232,974
13  104  28
13  117  802
13  126  779
13  128  802
13  136  319
13  143  627
13  147  931
13  148  813
13  149  813,865
13  151  609,779,865
13  153  10
13  155  929
13  157  802
13  165  865
13  180  519
13  185  28,877
13  191  502,519
13  214  727,811
13  219  865
13  220  609
13  221  609,835
13  226  470,753
13  230  859
13  235  113,216,429
13  239  865
13  242  982
13  245  140
13  247  140
13  256  997
13  259  113
13  266  929
13  268  877
13  269  470
13  273  997
13  277  579,802
13  283  802
13  291  201
13  297  367
13  301  216,711
13  304  609,911
13  307  460
13  317  779
13  336  439
13  348  743
13  351  895
13  354  753
13  359  538,978
13  382  28,609,859,877
13  383  113
13  384  207,955
13  391  929
13  393  487
13  397  195
13  415  663
13  417  553,859
13  418  319
13  419  470
13  421  646
13  422  974
13  426  562
13  435  646
13  439  538,978
13  449  273
13  450  974
13  451  207,363,470,955
13  457  487
13  462  997
13  463  753
13  465  485
13  473  487
13  474  859
13  485  997
13  496  835,982
13  498  609
14  6  232
14  7  808
14  11  263,600,666,884
14  17  974
14  18  753
14  28  84,779,865,982
14  37  488,811
14  40  650
14  46  63
14  52  488,865
14  61  195,393
14  70  216,711
14  71  553
14  75  609
14  78  797,929
14  86  502
14  98  689
14  101  929
14  112  140,472
14  116  931
14  117  251,911
14  119  100,239,263
14  120  535
14  124  429
14  125  865
14  127  808
14  128  911
14  131  470,779
14  133  22,198,717,820
14  151  100,239
14  157  859,911
14  160  865
14  163  743,797
14  168  28,877
14  172  100,239,929
14  176  982
14  187  187
14  191  127
14  199  753
14  202  609
14  213  274,443,673
14  223  216,711,997
14  225  974
14  231  865
14  233  459
14  237  600,666,884
14  239  931
14  254  982
14  256  684,997
14  257  195,393,865,997
14  258  865
14  266  52
14  272  553
14  273  460
14  282  140,326,609
14  285  195,251,393
14  302  113
14  303  371
14  306  813,865
14  311  319
14  332  727,811
14  339  100,239
14  349  146,527
14  354  274,443,673
14  367  997
14  371  371
14  379  835
14  383  982
14  389  600,666,884
14  390  488,600,666,811
14  392  367
14  396  865
14  409  779
14  411  974
14  412  429
14  429  982
14  432  488,811
14  441  974
14  443  859
14  452  319
14  454  206,562
14  459  135
14  461  997
14  474  459
14  475  319,470,991,997
14  477  538,811,978
14  481  575,952
14  482  502
14  485  140,974
14  487  974
14  488  865
14  489  146,474,527,644
14  493  63
15  1  116
15  4  813
15  5  538,978
15  8  553
15  17  929
15  41  684
15  60  978
15  70  487
15  72  538,553,978
15  76  251
15  79  251
15  97  865
15  100  474,644
15  103  113,553,753,931
15  112  393,563,870
15  120  753
15  122  877
15  124  609
15  126  562
15  128  190,358,725,950
15  132  808
15  136  22,727,811
15  140  865
15  143  459,529
15  148  779
15  150  929
15  156  865
15  157  820
15  164  263
15  171  207,460,955
15  173  274,443,673,929
15  175  28
15  181  820
15  186  470
15  191  232
15  212  94,820
15  222  950,983
15  226  367
15  229  422,813
15  235  22,717,949
15  240  198,764,813,982
15  241  689
15  245  367
15  248  609
15  251  743,839
15  268  459,519
15  281  727,811
15  284  113
15  298  216,621
15  300  116,929
15  310  802
15  312  187
15  317  209
15  326  949
15  327  261,895
15  328  535
15  335  538,820,978
15  338  474,644
15  343  692
15  349  753
15  353  460
15  362  393,870
15  368  10,94,470,753
15  378  116
15  380  609
15  383  820
15  393  130
15  408  727,811
15  432  113
15  433  502
15  434  140,326,579
15  455  472,859
15  457  877
15  459  470
15  462  113,997
15  463  367
15  470  609
15  478  689
15  486  22,717,949
16  2  140
16  5  367
16  7  198,470,820
16  15  371,519
16  18  820
16  27  865
16  31  609
16  37  931
16  44  130
16  46  813
16  50  63,319
16  66  535
16  68  429
16  69  198,764
16  73  609
16  79  470,974
16  84  727,811
16  90  982
16  91  835
16  105  579
16  115  929
16  123  997
16  131  485,496
16  138  22
16  147  36
16  148  522
16  150  579
16  151  198,820,997
16  152  201
16  161  911
16  168  997
16  177  692
16  178  303,728,931
16  181  116
16  196  811
16  198  839
16  201  911
16  202  649
16  205  689
16  206  116,950,983
16  216  201
16  221  367
16  222  201
16  223  232
16  225  470,978
16  231  263,839
16  233  753
16  235  488,811
16  245  779
16  253  684
16  260  991,997
16  262  263,835
16  263  130
16  264  563
16  267  865
16  268  859
16  273  835
16  278  156
16  282  649
16  285  538
16  328  982
16  337  367
16  340  375,877
16  345  627
16  357  263
16  367  460
16  376  553
16  383  502
16  392  753
16  394  367
16  398  997
16  400  782
16  403  982
16  413  116
16  424  982,997
16  427  877
16  436  627
16  445  553,974
16  450  865
16  467  470
16  470  459
16  476  207,955
16  478  609,743
16  482  52
16  483  135
16  484  649
16  499  303,728
17  1  251
17  4  261,895
17  10  221
17  12  877
17  22  997
17  23  490
17  26  859
17  32  100,239
17  35  470,553
17  39  22,779
17  42  802
17  49  929,974
17  52  487
17  63  190,358,367,725
17  65  859
17  68  974
17  73  997
17  88  190,358,725
17  92  490
17  93  198,820
17  94  10
17  95  859
17  96  753
17  106  538,978
17  109  865
17  111  10
17  114  320,579,655
17  116  488,811
17  119  877,982
17  144  63,116
17  153  187
17  164  198,490,575,952
17  166  865
17  169  367
17  173  865
17  175  865
17  182  113
17  183  63,100,239
17  190  140
17  202  877
17  207  782
17  216  375
17  218  519
17  224  198,764
17  225  251
17  227  273
17  233  221
17  234  865
17  243  470
17  255  232,600,666,884
17  256  221
17  257  209,997
17  259  488,811
17  260  140
17  263  28,519,877
17  264  911
17  267  63,753
17  273  116
17  274  557,865
17  276  646
17  277  911
17  279  779
17  292  488,811
17  297  522,835,859,950
17  316  929
17  320  779
17  339  113
17  342  743,779,839
17  358  727,931
17  360  839
17  365  974
17  368  579,786,982
17  387  911
17  389  52,135
17  393  367,470,877
17  401  113
17  403  140,997
17  404  201
17  413  216,609
17  422  113
17  424  929
17  433  371,929
17  435  621
17  439  727,811
17  441  753
17  444  609
17  449  140
17  458  689
17  462  929
17  475  692
17  487  865
17  488  216,997
17  489  563
17  494  232,865
18  3  232,261,895
18  6  931
18  7  429
18  11  865
18  18  997
18  22  997
18  24  997
18  28  232
18  45  459,931
18  47  734
18  53  429,609
18  62  646
18  63  727,811
18  76  519,929
18  87  865
18  92  519
18  94  502,895
18  99  319
18  101  363
18  113  689
18  115  243,279,824
18  118  820
18  124  371
18  125  113
18  126  522
18  128  474,644
18  129  367
18  130  216,472
18  131  195,982
18  132  429,470,684
18  133  195,393
18  134  733
18  142  232
18  144  187
18  149  997
18  156  140,326,429,997
18  157  982
18  159  460
18  163  865,997
18  167  84
18  172  959
18  177  232
18  178  439
18  180  562
18  182  877
18  189  219
18  196  519
18  203  859
18  233  261,813,895
18  238  232
18  247  113,251
18  251  929
18  259  417
18  260  519
18  266  502
18  273  459,982
18  274  997
18  280  460
18  282  113
18  286  422
18  287  974
18  295  877
18  307  865
18  315  472
18  325  911
18  327  470
18  337  820
18  349  263,367,460
18  351  802
18  356  779
18  358  116
18  361  609
18  363  519
18  364  553
18  375  470
18  385  820
18  390  367,649
18  392  367
18  402  190,358,725
18  407  753
18  412  743,974
18  426  198,319,764
18  431  289
18  439  22,717,949
18  461  393,870
18  465  646
18  474  579,877,929
18  479  689
18  480  232,684
18  482  411,454
18  485  929
18  489  502
18  491  474,644
18  492  140,319
18  496  490,839
18  497  100,239
19  3  36,195,393
19  22  535
19  26  22,627
19  38  146,527
19  39  782
19  45  36
19  48  371,753
19  50  727,811
19  54  997
19  57  763
19  64  487
19  65  978
19  79  538,978
19  82  198,820
19  85  470
19  86  519,689
19  95  116
19  99  36,130
19  104  820,865
19  106  859
19  113  538
19  123  261,895
19  127  429
19  133  319,609,974,997
19  141  52
19  142  519
19  146  895
19  147  198,429,764,865
19  161  627
19  165  997
19  167  490
19  170  835,877
19  179  502
19  180  261,652,895
19  182  488,575,811,952
19  183  553
19  187  644
19  191  251
19  192  502
19  193  10
19  194  929
19  205  959
19  207  130,859
19  213  609
19  215  232
19  218  689,859,991,997
19  225  487
19  237  974
19  240  485
19  241  190,358,725,997
19  247  375
19  248  221
19  250  10,201
19  264  627
19  267  535,743
19  268  684
19  279  472
19  287  538,978
19  288  652
19  289  997
19  291  130
19  304  820
19  311  198,820
19  317  600,666,884
19  321  490
19  322  763
19  324  251
19  328  684
19  334  609
19  344  646
19  346  216
19  351  727,811
19  353  10,997
19  366  865
19  370  140
19  373  865
19  384  865
19  387  232,627
19  388  997
19  397  820,991,997
19  399  502
19  401  487
19  403  931,982
19  405  319
19  406  835
19  407  28,367,470
19  411  579
19  414  877
19  416  929
19  417  797
19  418  429
19  421  28,877
19  423  367
19  425  195,393
19  432  689
19  449  459
19  450  997
19  451  459
19  452  459
19  457  911
19  463  490
19  468  859
19  469  207,955
19  473  429,734,820
19  474  516,596,609
19  475  553,974
19  486  232
19  488  929
19  498  802
20  4  319
20  10  367
20  21  198,764
20  23  519
20  25  929
20  28  367,743
20  35  575,952
20  42  113
20  47  429
20  51  865
20  59  140
20  64  974
20  77  563
20  79  487
20  88  779
20  93  779
20  94  982
20  97  36,753
20  101  553,579,621,786
20  109  201,997
20  134  820
20  135  931
20  152  94,251
20  163  221,974
20  171  28,877
20  180  779
20  184  470
20  188  997
20  189  375,779,877
20  197  727,811,859
20  198  820
20  200  753
20  202  261,692
20  203  684,931
20  211  835
20  218  779
20  223  84
20  224  460
20  243  575,952
20  244  553
20  246  488,865
20  254  28,877
20  262  575,952
20  263  859
20  282  865
20  286  487
20  304  627
20  311  929
20  323  371,820
20  327  779
20  338  563
20  341  649
20  342  931
20  344  470,684
20  361  459
20  364  251
20  365  974
20  368  36,429,474,644
20  375  929
20  380  663
20  395  974
20  422  375
20  433  609,820
20  437  216,553
20  438  538
20  447  100,239,488,865
20  449  63,535
20  453  232,997
20  457  113,931
20  461  204
20  468  206,562,865
20  469  684
20  476  367
20  490  140,207,472,955
21  8  140
21  13  198,820
21  26  28,877
21  27  459
21  43  367
21  48  289
21  59  562
21  62  207,955
21  70  140,326,734
21  74  895
21  77  929
21  89  460
21  97  28,116,367,877
21  100  140,398
21  103  367,488,734,811
21  104  843
21  114  204,997
21  117  627
21  119  371
21  122  140,488,811,859
21  124  198,820
21  126  22
21  131  28,198,764,877
21  137  779
21  140  997
21  142  206,562
21  144  94,820
21  145  684,931
21  146  802
21  153  10
21  156  579,786
21  157  627,974
21  161  529
21  173  502
21  177  398
21  182  931
21  183  646
21  186  835
21  192  929
21  200  367
21  201  627
21  208  779
21  230  621
21  234  52
21  235  562
21  236  273
21  250  251,911
21  256  664,820
21  257  991,997
21  265  836
21  267  367
21  270  743
21  273  820
21  278  485
21  284  201
21  291  997
21  298  779
21  302  610
21  323  140,553
21  335  487
21  357  232
21  376  10,63,813
21  394  274,443,673
21  396  843
21  397  813
21  400  859
21  405  623
21  422  488,811
21  425  865
21  434  646
21  452  10,727,811
21  464  519,997
21  473  140,459
21  497  646
21  498  198,820,911
22  1  609
22  19  877
22  29  94,813,820
22  31  367
22  32  802
22  34  153
22  40  485
22  44  982
22  68  371,689,835
22  71  460,929
22  95  600,666,884
22  117  689
22  119  319
22  122  472
22  125  684,865
22  133  198,820
22  134  97
22  138  243,635,974
22  149  367
22  152  575,952
22  166  579
22  167  52
22  174  929
22  185  116
22  188  684,779
22  189  974
22  192  522,959
22  195  140,326
22  197  962
22  201  529
22  202  997
22  204  997
22  208  470
22  211  859
22  216  251
22  218  522
22  219  470,579,997
22  233  367,470
22  245  522,813
22  247  459
22  248  261,375,895,997
22  273  763,865
22  277  621
22  278  974
22  279  835
22  281  929
22  282  652
22  284  251
22  299  140,519
22  308  859
22  310  929
22  312  609
22  313  232,974
22  316  609
22  328  859
22  331  684
22  337  950,983
22  348  190,358,725
22  352  797
22  361  621,753
22  364  753
22  370  187
22  373  689
22  379  997
22  392  140
22  395  538,978
22  401  488,811
22  407  502
22  412  63,644
22  426  470,727,811
22  432  190,358,725
22  434  610
22  441  251,367,522
22  442  949
22  446  84
22  447  273
22  454  393,870
22  455  779
22  468  997
22  478  140
22  486  460
22  500  865
23  4  251
23  7  460,470
23  8  187,470
23  26  140
23  55  140,207,232,417
23  56  753
23  59  22
23  60  487
23  67  140
23  78  130
23  81  470
23  83  319
23  84  429
23  88  251
23  97  375,931
23  101  100,239
23  102  195,393,538,865
23  103  190,358,725
23  108  911
23  110  470,679
23  111  950,983
23  116  10
23  119  610
23  128  529
23  133  146,527
23  134  355,747
23  137  63
23  139  195,209,393,439
23  148  522
23  151  146,527,684
23  170  959
23  173  519
23  174  579,786
23  185  135
23  202  684
23  212  367
23  217  319,538,978
23  224  303,728
23  235  460
23  247  198,820
23  250  627
23  255  519
23  258  487,931
23  259  820
23  264  28
23  267  371
23  275  251
23  277  524
23  287  243,279,487,824
23  291  251
23  303  779
23  304  529
23  307  997
23  312  770
23  314  63,243,635
23  320  263
23  321  610
23  323  140,326
23  325  113
23  327  485
23  334  459
23  344  779
23  350  195,393
23  354  779
23  355  997
23  358  535
23  361  974
23  363  753
23  368  763
23  370  557
23  383  562
23  386  692,811
23  389  135
23  406  931
23  411  187
23  412  652,835
23  415  557
23  439  496
23  444  274,443,673
23  450  997
23  463  950,983
23  466  130,929
23  473  393,870
23  475  470
23  476  140
23  478  959
23  484  609
23  485  187
23  490  130
23  497  62,929
24  1  198,820
24  4  865
24  8  982
24  9  375
24  19  52,931
24  21  684
24  22  487,684
24  25  140,232
24  27  997
24  61  931
24  62  727,811
24  64  734
24  67  94,820
24  71  538,978
24  72  487,974
24  77  472
24  78  859
24  126  487
24  127  371
24  143  610
24  148  371
24  161  663
24  170  931
24  171  22,488,743,811
24  174  127
24  179  877
24  180  931
24  186  974,982
24  187  859
24  188  600,666,884
24  191  417
24  193  363,997
24  195  62,113
24  199  371,813
24  223  652
24  224  865
24  250  488,865
24  251  198,820
24  259  502
24  260  859
24  261  487,997
24  283  232,459
24  296  997
24  300  319,997
24  304  663
24  307  261,851,877
24  311  797
24  325  22,717,949
24  327  502
24  331  198,820
24  333  195,393
24  349  66
24  353  522
24  363  743
24  368  367
24  371  487
24  373  997
24  376  779
24  379  839
24  380  470
24  383  487
24  384  100,232,239
24  396  929
24  408  429
24  410  232
24  417  116,140,326
24  418  371
24  424  470
24  428  201,609,859
24  440  116
24  441  472
24  445  487
24  451  232,621
24  456  100,239
24  459  140
24  472  753
24  477  429
24  486  66,519
24  492  130,460
25  1  519
25  4  232
25  6  519
25  8  997
25  12  997
25  17  263
25  18  367,859
25  27  63,470
25  29  319,417
25  32  911
25  33  130,459
25  34  187
25  38  820
25  42  911
25  51  997
25  53  371
25  55  232
25  72  734
25  75  198,764
25  86  130,535
25  97  303,728,865
25  98  84,198,538,820
25  101  646
25  109  251
25  113  959
25  135  303,728
25  149  375,950,983
25  150  187,273,553
25  154  216
25  173  997
25  180  929
25  182  859
25  188  997
25  189  135,522
25  195  261,459,488,811
25  200  429
25  205  470,859
25  208  650
25  209  488,811,813
25  219  684
25  220  198,820
25  234  417
25  237  929
25  240  460,753
25  244  153
25  246  652
25  247  535
25  250  663
25  275  488,811
25  281  502,865
25  293  646
25  294  974
25  307  97,820
25  325  627
25  328  563
25  332  974
25  343  367
25  344  743
25  355  487,553
25  357  997
25  369  140
25  378  689
25  392  274,443,673
25  394  84
25  403  140
25  407  84,982
25  414  931
25  421  610
25  423  820
25  426  22
25  429  180,263,556,809
25  432  488,865
25  436  320,655,820
25  450  579,786
25  457  636
25  463  36,367
25  470  209
25  472  140,198,557,820
25  480  519
25  487  997
25  488  929
25  491  472,813
25  493  207,472,955
26  3  36
26  13  859
26  16  779
26  19  865
26  33  684
26  34  487
26  37  460
26  43  820
26  46  371
26  52  734
26  56  198,367,820
26  62  232,459
26  63  496
26  75  140
26  80  371,839
26  83  274,443,673
26  84  371
26  90  221
26  94  232,487
26  96  140,367
26  97  94,820
26  101  524
26  105  187
26  108  763,843
26  109  519,684
26  111  488,865
26  117  663
26  119  52,496,692
26  125  997
26  134  472
26  145  84
26  146  911
26  155  488,865
26  157  529,538,978
26  162  251
26  164  820
26  175  367,929
26  177  959
26  185  865
26  186  470,557
26  195  62
26  197  371
26  200  127
26  202  198,261,820,895
26  203  94,820
26  205  113
26  211  63,839,859
26  212  367
26  216  472
26  217  727,743,811
26  219  519
26  230  524
26  231  952
26  234  116
26  238  931
26  239  303,459,728
26  253  820
26  261  187
26  265  502
26  274  198,813,820
26  275  190,358,535,725
26  276  319
26  281  997
26  283  627
26  287  734
26  291  663
26  310  835,911
26  313  538,978
26  317  219
26  318  743,859
26  320  22,206,562
26  328  116
26  330  190,358,725
26  341  319
26  342  247,429
26  344  485,610
26  359  487
26  360  779
26  369  470
26  372  274,443,474,644
26  373  820
26  374  974
26  377  263
26  378  929
26  391  865
26  411  487
26  425  206,562,997
26  430  209
26  440  429
26  445  734
26  448  982
26  452  488,496,865
26  464  797,859
26  477  140
26  481  997
26  489  600,666,884
26  490  763
26  494  997
27  3  206,562
27  11  727,811
27  25  470
27  28  652,950,982,983
27  29  663
27  32  627
27  39  684
27  58  865
27  59  524
27  65  487
27  74  802
27  77  600,666,859,884
27  81  100,239
27  85  733
27  94  195,393,487
27  125  811
27  130  692
27  135  375
27  138  153
27  143  398,877,974
27  154  22
27  156  684
27  157  689
27  158  835
27  162  460
27  166  997
27  171  496
27  173  140
27  179  198,820
27  180  663
27  190  319,646
27  194  146,527
27  208  865
27  212  502
27  217  609
27  224  997
27  237  487
27  248  929
27  250  28,733,797,877
27  256  84
27  260  609
27  262  22
27  263  727,811
27  264  140
27  268  929
27  282  997
27  287  439
27  290  221,538,978
27  292  190,358,725
27  293  130,997
27  300  470,502,684
27  310  627
27  312  243,279,824
27  314  470
27  315  474,644,974
27  329  524
27  339  733,797
27  342  371
27  350  84,206,562
27  351  135
27  357  538,978
27  360  439
27  369  982
27  378  94,820
27  379  877
27  384  28,877,997
27  387  529
27  394  502
27  405  727,811
27  414  319
27  415  488,865
27  417  251,522,553
27  423  460,820
27  434  813
27  438  487,522,779
27  441  474,644
27  457  140,289,326
27  459  135
27  460  273
27  466  232
27  469  982
27  472  367
27  483  684
27  493  535
27  494  519
27  498  627
28  2  519
28  7  982
28  14  609
28  16  865,877
28  17  734
28  32  733,797
28  34  63,997
28  44  274,443,673
28  49  113
28  52  522
28  53  10
28  54  679
28  61  303,728
28  67  180,261,556,895
28  73  684
28  74  911
28  75  198,820
28  90  535
28  92  127
28  93  522
28  94  982
28  97  198,764
28  99  140
28  110  859,982
28  133  10
28  134  140
28  135  470,877
28  151  485
28  153  516,596,974
28  170  931
28  173  684
28  183  140,326
28  186  417,797,982
28  187  997
28  188  488,865
28  193  621
28  209  982
28  213  84,865
28  215  195,393
28  218  127,140
28  225  470
28  246  209,997
28  263  36
28  267  950
28  278  251
28  280  417,488,865
28  282  460
28  283  877
28  290  487
28  291  201
28  293  646
28  294  487
28  308  22,753
28  310  529
28  313  487
28  326  649,982
28  329  140
28  336  929
28  340  135,931,997
28  355  579,786
28  365  459,538,978
28  367  689
28  378  459,522
28  385  535
28  389  579,786
28  391  367,997
28  407  198,820,865
28  411  950,983
28  413  609,865
28  419  538,978
28  421  22,63,717,949
28  423  251
28  426  488
28  432  959
28  436  663,950,983,991
28  440  371
28  453  140,820
28  470  474,644
28  484  198,820,865
28  487  140,488,811
28  496  28,519,877
29  3  393,870
29  7  261,851
29  12  684,931
29  20  859
29  33  982
29  34  734
29  35  52
29  36  962
29  39  859
29  41  562,929
29  57  375,472
29  58  488,811
29  62  496
29  66  221
29  74  627
29  75  66,195,393
29  78  116
29  85  535
29  121  524
29  129  820
29  138  600,666,884
29  152  877
29  154  684
29  158  459
29  160  753
29  164  52,146,261,527
29  177  865
29  184  982
29  185  997
29  190  52
29  193  813
29  203  502
29  209  646
29  213  997
29  216  474,644
29  227  733,797
29  235  22,929
29  238  190,358,519,725
29  248  146,527
29  249  733
29  256  367
29  274  470
29  275  663
29  282  371
29  294  488,865
29  301  684
29  310  627
29  322  140
29  324  997
29  325  529,929
29  334  959
29  337  663
29  339  859,997
29  353  646,820
29  356  522
29  368  371,797,859
29  379  931
29  385  997
29  388  261,895
29  391  929
29  394  63
29  396  459
29  405  180,556,809
29  416  959
29  420  753
29  423  100,239
29  428  367
29  440  289
29  451  459
29  465  232
29  466  63,195,393
29  469  232
29  470  997
29  472  652
29  476  664,859
29  477  371
29  487  487
29  488  146,527
29  490  496,563
29  491  563
30  7  289
30  9  684
30  18  950,983
30  23  127
30  25  502
30  29  692
30  31  198,820
30  33  221
30  35  198,646,820
30  42  488,627,811
30  49  538,978
30  61  84,684,959
30  68  289
30  72  113
30  75  116,146,527
30  80  519
30  86  982
30  90  859
30  91  839
30  97  201,274,443,460
30  102  206,502,562,859
30  116  623
30  117  899,959
30  125  684
30  128  684
30  129  684
30  137  982
30  141  411,454
30  147  460,743
30  149  502
30  153  10
30  157  487
30  166  684,779
30  169  609,733
30  177  140
30  193  488,811
30  196  190,358,609,725
30  204  684
30  207  962
30  210  835
30  211  835
30  215  820
30  218  743,959
30  243  52
30  244  140
30  246  684
30  249  97
30  252  459
30  263  496
30  264  470
30  270  929
30  273  843
30  280  820
30  282  84
30  285  663
30  286  94,820
30  296  371
30  301  274,443,673
30  303  684
30  305  113
30  308  367
30  315  319,563,974
30  324  488,865
30  325  209,663
30  342  813
30  351  911
30  354  459
30  370  198,820
30  371  289,575,952
30  380  146,527,982
30  382  459
30  383  140
30  384  519
30  393  931
30  402  553
30  412  839
30  413  22,717,949
30  415  472
30  416  52
30  433  232,470
30  437  519
30  440  459
30  443  652
30  463  734
30  468  997
30  474  187
30  484  460
30  487  865
30  493  232
30  497  470
30  500  488,865
31  7  146,527
31  9  135
31  17  502
31  21  519
31  32  529
31  34  609
31  35  982
31  47  371
31  50  496
31  58  997
31  73  146,527
31  74  529
31  76  127,763
31  77  116
31  83  820
31  98  959
31  100  94,820
31  101  610,820
31  102  204,417
31  106  487
31  119  959
31  137  997
31  138  982
31  140  929
31  141  273
31  143  982
31  147  997
31  161  474,644
31  163  859,997
31  165  140
31  173  127
31  178  63,140,187
31  186  650
31  194  519
31  202  459
31  217  146,527,929
31  222  251
31  224  66
31  230  140,326
31  237  140,997
31  241  959
31  260  146,527
31  261  459,557
31  268  931
31  270  502
31  277  627
31  278  130
31  279  519,839
31  284  929
31  287  997
31  293  610
31  296  232
31  305  488,811
31  306  84
31  309  646
31  311  650
31  320  575,952
31  324  579,786
31  329  329,936
31  332  487
31  333  206,273,562
31  334  28,877
31  338  36
31  339  684
31  343  950,983
31  344  198,251,522,820
31  351  496
31  374  753
31  378  733
31  388  684
31  392  820
31  403  206,562,684,997
31  404  522
31  424  459
31  425  684
31  427  931
31  428  743
31  429  684
31  439  221,487
31  469  519
31  484  94,146,527,820
31  487  997
31  493  519
31  494  488,490,865
32  1  190,358,725
32  8  770
32  9  538,978
32  12  94,820
32  14  140,146,326,527
32  20  859
32  22  367,535,734
32  24  10,684
32  27  982
32  33  997
32  39  962
32  40  859
32  42  190,358,725
32  50  522
32  57  135,563
32  58  487
32  71  66
32  79  375,820
32  90  244,470
32  97  843
32  144  859
32  145  130
32  149  684
32  150  273,519
32  153  488,865
32  158  207,955,997
32  165  684
32  169  97
32  175  232,623
32  177  997
32  184  646
32  188  522
32  200  371
32  201  652,684
32  203  563
32  205  190,358,725
32  206  931
32  207  600,666,884
32  223  206,562
32  225  929
32  227  763
32  231  273,997
32  237  251,734
32  238  232
32  262  839
32  264  663
32  271  488,865
32  272  562
32  277  100,239,579,786
32  282  146,527
32  284  663
32  291  251
32  303  522
32  316  502,779
32  327  982
32  339  371
32  345  470,529
32  346  206,562
32  355  734
32  356  198,820
32  357  487
32  362  797
32  371  734,997
32  373  130
32  385  684
32  393  859
32  399  734
32  400  962
32  406  839
32  410  488,519,865
32  411  734
32  413  198,820,997
32  416  206,411,454,562
32  429  474,644
32  434  371
32  438  116,487
32  439  734
32  451  997
32  453  684
32  456  140,684
32  458  251
32  475  398
32  492  375
33  8  859
33  16  843,931
33  25  839
33  26  153,663,859
33  39  140,326,522
33  40  997
33  47  763
33  70  63
33  79  135
33  102  652
33  106  734
33  108  10,487,627,743
33  116  130
33  128  859
33  138  557
33  143  320,655
33  147  303,728
33  149  135
33  159  66
33  165  84,502
33  170  839
33  175  63,180,556,733
33  177  621
33  178  557
33  180  472
33  185  63
33  186  931
33  187  496
33  188  763
33  205  522
33  210  563
33  213  198,820
33  214  496,727,811
33  215  206,562
33  217  219
33  226  982
33  229  553,974
33  252  974
33  253  28,472,877
33  256  519,929,974
33  258  734
33  272  22,997
33  273  684,839
33  274  146,527
33  281  459
33  283  931
33  293  684
33  294  763
33  295  931
33  297  839
33  300  652
33  306  684,997
33  316  36
33  320  52
33  323  997
33  329  763
33  333  251,459
33  344  684
33  346  22,63,717,949
33  354  63
33  359  487,519
33  360  459
33  361  488,811
33  365  743
33  373  753
33  384  63
33  385  140
33  387  519
33  388  839
33  393  140
33  404  519
33  407  950,983
33  411  459,734
33  417  931
33  425  734
33  431  206,562,982
33  433  502
33  434  187,684
33  447  997
33  451  684
33  453  929
33  455  563
33  458  959
33  463  763
33  466  206,562
33  467  982
33  470  982
33  479  835
33  484  684
33  492  261,851
33  495  488,811
34  4  663
34  5  610,859
34  18  63
34  20  502,991,997
34  23  130,146,527
34  25  502,982
34  31  950,983
34  33  684
34  58  813
34  61  843
34  72  140
34  80  929
34  85  97,982
34  89  650
34  105  557
34  108  529
34  111  743
34  116  820
34  127  140,326
34  132  371
34  134  303,728
34  135  982
34  140  974
34  143  899
34  149  535
34  151  743
34  155  140,326,627
34  156  371
34  169  982
34  172  997
34  179  140
34  180  522
34  198  813,974
34  211  929
34  226  140,326
34  229  44,469
34  231  52,417
34  234  94,820,997
34  253  496
34  255  609
34  256  127
34  261  519,991,997
34  265  684
34  266  84
34  272  470
34  277  190,358,725
34  284  140,326
34  285  487
34  287  684
34  296  289
34  314  982
34  321  646
34  330  459
34  332  496,734
34  338  100,239
34  340  261,553,895
34  341  198,820
34  347  563
34  351  187,529
34  364  140,261,326,367
34  366  600,666,884
34  373  367
34  375  997
34  408  371,929
34  413  684,743
34  415  474,644
34  416  393,870
34  428  146,527
34  433  982
34  440  94,820
34  442  649
34  443  877
34  444  198,820
34  449  877
34  457  529
34  472  63
34  475  974
34  479  216,711
34  491  563
34  499  557,974
35  13  36,535
35  21  127,460
35  23  140
35  25  982
35  36  201,553,579
35  40  684
35  41  600,666,884
35  59  929
35  63  950,983
35  69  263,460,839
35  76  502
35  84  289
35  87  22,251
35  92  140,326,692
35  94  113
35  97  684,813
35  113  251
35  114  204
35  123  251
35  127  289
35  128  663
35  129  929
35  138  221
35  139  371,553,997
35  152  52
35  155  502,529
35  156  820
35  164  859
35  165  190,358,725
35  172  663
35  179  877
35  182  52,763
35  184  206,562,610
35  188  684
35  191  519,663
35  197  779
35  201  487,813
35  202  557
35  207  201,553,579
35  224  684
35  225  734,974
35  231  684
35  236  28,877
35  251  600,666,884
35  253  931
35  263  439
35  265  982
35  266  232,753
35  267  579,997
35  272  140,326,974
35  283  529
35  304  289
35  310  529
35  311  502
35  314  522
35  317  519,865
35  318  522
35  334  146,527
35  336  836
35  340  684
35  345  663
35  351  663
35  353  367,610
35  367  684
35  368  563
35  371  206,562
35  391  684
35  393  974
35  402  959
35  408  130
35  420  195,367,393
35  428  663
35  444  84
35  454  198,820
35  456  273
35  470  974
35  475  820
35  481  52,84
35  485  487,557,579,786
35  493  563
35  495  865,974
35  497  982
35  498  146,527,529
36  2  198,820
36  7  982
36  8  982
36  16  303,663,728
36  20  734
36  22  684
36  27  684
36  28  140,485
36  29  10,496
36  30  877
36  34  684
36  37  502
36  47  289
36  49  820
36  59  502
36  62  610,763
36  68  209,959
36  84  496
36  90  820
36  111  646
36  113  488,734,950,983
36  122  743,931
36  124  813
36  127  997
36  128  899
36  136  460
36  137  974
36  139  488,811
36  140  140,326
36  141  663
36  142  502,950,983
36  150  127,140,326
36  156  289
36  158  140,839
36  161  899
36  163  130
36  171  232,859
36  172  959
36  175  97
36  182  813
36  187  557
36  192  502
36  193  524
36  197  669
36  210  689,931
36  213  684
36  214  146,527
36  218  820
36  220  146,527,843
36  225  663,982
36  231  130
36  235  153,371
36  239  859
36  240  502
36  241  579,786
36  243  411,454,609
36  248  820
36  262  153
36  264  982
36  266  367,519
36  273  63
36  289  198,820
36  290  734
36  293  610
36  302  190,358,488,725
36  303  289
36  304  899,929
36  306  251
36  310  502,899,982
36  311  811
36  313  734
36  315  487
36  338  646
36  339  997
36  340  859
36  346  251,522
36  347  733,797
36  357  763
36  366  320,655,743
36  368  650
36  371  393,870
36  375  982
36  376  485
36  383  94,820
36  385  553
36  386  859
36  390  367
36  392  84,727,811
36  408  130
36  415  684
36  417  652,820
36  423  663
36  424  982
36  426  22,496
36  435  470
36  439  221
36  441  367
36  447  733,797
36  454  146,527
36  462  371,488,684,811
36  465  519,610
36  471  113,553
36  493  982
36  495  538,978,997
36  498  663
37  1  663
37  4  519,763
37  21  66,859
37  28  303,728
37  50  931
37  52  190,358,725
37  54  398
37  66  997
37  78  66,779
37  90  459
37  92  398,684
37  97  251
37  113  663
37  128  135
37  129  10
37  133  974
37  136  153,261,371,851
37  139  579,786
37  148  663
37  155  763
37  157  116,734
37  160  367,684
37  173  84
37  184  393,870
37  191  579,786
37  195  502,959,982
37  202  859
37  215  982
37  216  663
37  219  187,417
37  222  663
37  230  232
37  231  929
37  235  251,522
37  237  274,443,673
37  240  367
37  243  198,820,982
37  255  371
37  257  206,562,843
37  258  684,946
37  262  371
37  268  127
37  269  198,820
37  270  488,811
37  272  684
37  274  982
37  276  610,727,811
37  277  663
37  279  127,522
37  288  982
37  300  652,859
37  308  198,820
37  309  610
37  310  663
37  315  684
37  322  261,895
37  341  94,820
37  342  289
37  352  650
37  353  488,684,865
37  354  84
37  359  734
37  361  146,524,527
37  363  127
37  366  997
37  368  289,950,983
37  372  116,563
37  379  303,728
37  390  190,358,725
37  393  652
37  404  146,527
37  409  997
37  414  130,303,728
37  415  763
37  419  859
37  429  459,813
37  437  198,820
37  443  393,411,454,870
37  456  955
37  464  650
37  474  130,487
37  487  496
38  2  146,527
38  6  997
38  8  52
38  11  52,496,997
38  17  557
38  25  251,519
38  29  398
38  32  663
38  38  140
38  42  997
38  54  684
38  55  519
38  56  146,527
38  57  371
38  69  66,470
38  72  140,326
38  75  94,820
38  88  684
38  91  130
38  98  859
38  100  502
38  101  502
38  107  22
38  114  187,243,279,824
38  116  190,358,393,600
38  120  367,470
38  122  190,358,725
38  124  146,527
38  127  684
38  131  460,820,959
38  137  684
38  142  127
38  146  627
38  150  557
38  153  557
38  155  899
38  163  100,239,959
38  164  66
38  181  94,319,763,820
38  182  669
38  190  502
38  194  600
38  196  243,279,824
38  200  289,950,983
38  202  289
38  208  997
38  221  198,820
38  235  663
38  238  650
38  239  997
38  247  527
38  271  10,763
38  277  557
38  282  974
38  283  663
38  288  950,983
38  289  146,527,579,786
38  296  261,895
38  307  684
38  308  153
38  320  411,454
38  330  502
38  333  733,797
38  339  190,358,725
38  340  63
38  345  899
38  358  652
38  360  522
38  361  329,936
38  373  959
38  391  261,895,950,983
38  392  950,983
38  402  367
38  403  519
38  413  779
38  419  487,982
38  420  982
38  426  982
38  438  734
38  447  763
38  450  487
38  455  522,779
38  456  733,797
38  460  417
38  468  684
38  477  487
38  480  398
38  482  206,562
38  485  734
38  494  519
38  496  127
39  1  664
39  6  684
39  8  411,454,684
39  11  684
39  14  198,393,820,870
39  15  140
39  18  579,786
39  19  261,303,895,997
39  37  303,728,929
39  40  743
39  41  153,502,820
39  48  367
39  58  734
39  59  153
39  81  273
39  86  959
39  87  261,895,997
39  95  997
39  97  663,950,983
39  103  140,326
39  105  459,734
39  108  734
39  119  63,398
39  120  877
39  130  22,717,949
39  131  621
39  132  36
39  139  579,786
39  141  84
39  147  289
39  148  393,870
39  151  859
39  152  663,931
39  158  684
39  160  974
39  162  66
39  180  459
39  185  684
39  199  470,859
39  210  959
39  229  734
39  233  982
39  240  66
39  241  684
39  243  557
39  249  355,747
39  251  502
39  252  813,820
39  270  190,358,417,725
39  275  982
39  280  763
39  282  140,326
39  285  261,734,895
39  289  460
39  291  663
39  298  820
39  302  190,358,725
39  320  485
39  323  502
39  334  522
39  341  146,460,496,527
39  343  398,487,646
39  349  417
39  351  557
39  353  519,950,983
39  360  929
39  365  487,734
39  370  146,488,527,811
39  371  684
39  373  140,929,950,983
39  377  496
39  386  600,666,884
39  390  950,983
39  392  496
39  393  734
39  396  460
39  403  579,786
39  408  289,502,929
39  418  727,811
39  423  140,997
39  424  263
39  425  393,870
39  429  663
39  432  650
39  433  982
39  435  684
39  437  127
39  441  371
39  442  460
39  444  146,527
39  452  763
39  461  684
39  463  982
39  474  974
39  477  289
39  478  198,743,820
39  488  684
39  489  502
39  492  459
39  493  140
40  6  274,443,673
40  13  859
40  19  684
40  20  84
40  22  950,983
40  24  974
40  36  116,835
40  46  94,146,527,820
40  53  84
40  66  251,579,786
40  74  663
40  77  94,820
40  80  116,502
40  86  982
40  88  743
40  89  859
40  93  485,636,831
40  94  734
40  97  535,684
40  98  487
40  107  459
40  126  734
40  130  251,398,522,563
40  133  219,251,522,684
40  134  563
40  137  522
40  144  135,770
40  150  130
40  153  763
40  161  146,527,779
40  162  100,239,733,797
40  164  743
40  170  303,459,728
40  171  519
40  181  140
40  183  153
40  189  931
40  197  496
40  199  367,982
40  202  398
40  203  557
40  205  982
40  208  140,684
40  210  839
40  211  839
40  212  950,983
40  220  470
40  230  329,936
40  231  411,454
40  250  663
40  252  94,820
40  255  820
40  269  198,820,982
40  278  487
40  280  929
40  286  563,734
40  287  63,959
40  295  303,579,728,786
40  298  28,877,946
40  316  130,522
40  317  209
40  326  859
40  343  997
40  352  140,326
40  354  146,527
40  355  859,982
40  356  502
40  361  190,358,725
40  362  663
40  365  734
40  369  36
40  374  221,367
40  375  84,579,786
40  386  127
40  387  488,811
40  390  460
40  393  997
40  394  839
40  395  487
40  400  201,553,579
40  423  684
40  427  303,728
40  439  652
40  457  621,663
40  458  663
40  462  190,358,725
40  473  684
40  479  839
40  484  146,527
40  487  684,734
40  488  502
40  495  487,684
