1  2  232
1  4  943
1  5  753
1  9  865
1  10  100,239
1  14  553
1  19  263,929
1  20  929
1  21  743
1  24  28,140,877
1  29  363
1  33  470,865
1  37  22,929
1  41  865
1  45  216,711,865
1  57  10,808
1  58  371
1  59  140,579
1  64  835
1  67  187
1  75  470
1  91  562
1  98  221
2  8  263
2  17  116
2  19  28,877
2  21  201
2  23  609
2  28  877
2  30  216,609,711
2  36  22,779
2  37  371,877
2  53  808
2  58  974
2  59  363
2  61  865
2  62  319,743
2  66  609,974
2  76  490
2  82  10
2  87  116,201
2  91  22,232
2  98  22,974
2  99  743
3  1  113
3  10  140
3  15  490,553
3  26  895
3  28  62,470,753
3  30  198,820
3  48  553
3  67  116
3  73  600,666,884
3  76  997
3  78  459
3  88  113,130,502
3  93  472,865
3  97  813
4  2  609
4  9  974,997
4  12  204
4  19  232,575,952
4  25  835
4  30  84,146,527
4  33  865,997
4  34  865
4  44  319
4  46  609,779
4  47  808
4  52  113
4  58  113
4  59  557
4  69  470
4  85  10
4  86  244
4  88  865
4  89  198,764,797
5  4  201
5  13  490
5  20  36
5  21  251
5  26  895
5  33  997
5  34  562
5  36  782
5  39  865
5  50  877
5  54  692,865
5  63  753
5  68  859
5  76  10
5  79  156
5  84  36
5  86  100,239,929
5  91  472
5  98  609
6  16  535
6  18  997
6  21  490,865
6  25  470
6  28  519
6  29  621,808,929
6  32  895
6  43  753
6  47  130,974
6  49  63
6  59  319
6  61  877
6  62  100,239,470
6  64  779
6  72  974
6  82  929
6  84  319
6  86  779
6  92  553
6  93  470,997
7  1  232
7  9  929
7  14  609
7  25  743
7  33  36,684
7  34  22,63,743,974
7  37  649
7  48  808
7  53  429,689
7  58  779
7  67  623
7  68  100,679
7  69  100,216,239,835
7  75  982
7  88  877
7  94  470
8  7  470
8  13  113
8  14  232
8  16  490
8  27  221
8  29  652
8  31  753
8  39  113
8  40  797
8  57  429
8  58  28,877
8  63  113
8  64  113
8  77  470
8  78  140,743
9  1  232
9  12  261,895
9  13  609
9  20  974
9  26  802
9  29  116
9  44  470
9  46  485
9  58  522
9  64  522
9  75  232
9  76  201,488,865
9  82  488,865
9  90  470
10  13  140,488,811
10  16  113,689
10  22  865
10  25  470
10  26  470,562,802
10  29  204,429
10  33  417,974
10  35  263,535,609
10  38  28,877
10  39  553
10  41  417
10  52  232
10  61  216,711
10  63  319,991,997
10  75  140
10  100  519
11  2  207,955
11  8  865
11  22  623,865
11  25  997
11  28  207,955
11  36  859
11  37  140
11  40  865
11  43  470,753
11  47  10
11  52  538,978
11  56  609
11  59  609
11  61  865
11  64  367,538,978
11  66  487
11  77  472
11  79  140
11  82  763
11  94  974
11  95  140
11  98  63
11  99  579
12  1  62,209
12  5  974
12  6  232,877
12  7  609,974
12  24  865
12  29  371
12  38  609,743
12  39  997
12  40  459
12  41  997
12  42  865,895
12  43  836
12  45  997
12  46  877
12  57  488,865
12  66  36,734
12  68  808
12  69  820
12  70  553
12  73  865
12  82  502,609
12  91  195,393
12  95  63
12  99  187
12  100  116,472
13  2  232
13  7  100,239,649
13  10  950,983
13  11  319,877
13  12  535,865
13  16  201,519
13  21  663
13  26  627,911
13  29  289
13  38  488,811
13  47  488,865
13  59  621
13  61  232,689
13  69  982
13  70  997
13  76  36,261,895
13  80  820,835
13  91  153
13  93  609,779
13  99  10,557
13  100  692
14  6  232
14  7  808
14  11  263,600,666,884
14  17  974
14  18  753
14  28  84,779,865,982
14  37  488,811
14  40  650
14  46  63
14  52  488,865
14  61  195,393
14  70  216,711
14  71  553
14  75  609
14  78  797,929
14  86  502
14  98  689
15  1  116
15  4  813
15  5  538,978
15  8  553
15  17  929
15  41  684
15  60  978
15  70  487
15  72  538,553,978
15  76  251
15  79  251
15  97  865
15  100  474,644
16  2  140
16  5  367
16  7  198,470,820
16  15  371,519
16  18  820
16  27  865
16  31  609
16  37  931
16  44  130
16  46  813
16  50  63,319
16  66  535
16  68  429
16  69  198,764
16  73  609
16  79  470,974
16  84  727,811
16  90  982
16  91  835
17  1  251
17  4  261,895
17  10  221
17  12  877
17  22  997
17  23  490
17  26  859
17  32  100,239
17  35  470,553
17  39  22,779
17  42  802
17  49  929,974
17  52  487
17  63  190,358,367,725
17  65  859
17  68  974
17  73  997
17  88  190,358,725
17  92  490
17  93  198,820
17  94  10
17  95  859
17  96  753
18  3  232,261,895
18  6  931
18  7  429
18  11  865
18  18  997
18  22  997
18  24  997
18  28  232
18  45  459,931
18  47  734
18  53  429,609
18  62  646
18  63  727,811
18  76  519,929
18  87  865
18  92  519
18  94  502,895
18  99  319
19  3  36,195,393
19  22  535
19  26  22,627
19  38  146,527
19  39  782
19  45  36
19  48  371,753
19  50  727,811
19  54  997
19  57  763
19  64  487
19  65  978
19  79  538,978
19  82  198,820
19  85  470
19  86  519,689
19  95  116
19  99  36,130
20  4  319
20  10  367
20  21  198,764
20  23  519
20  25  929
20  28  367,743
20  35  575,952
20  42  113
20  47  429
20  51  865
20  59  140
20  64  974
20  77  563
20  79  487
20  88  779
20  93  779
20  94  982
20  97  36,753
21  8  140
21  13  198,820
21  26  28,877
21  27  459
21  43  367
21  48  289
21  59  562
21  62  207,955
21  70  140,326,734
21  74  895
21  77  929
21  89  460
21  97  28,116,367,877
21  100  140,398
22  1  609
22  19  877
22  29  94,813,820
22  31  367
22  32  802
22  34  153
22  40  485
22  44  982
22  68  371,689,835
22  71  460,929
22  95  600,666,884
23  4  251
23  7  460,470
23  8  187,470
23  26  140
23  55  140,207,232,417
23  56  753
23  59  22
23  60  487
23  67  140
23  78  130
23  81  470
23  83  319
23  84  429
23  88  251
23  97  375,931
24  1  198,820
24  4  865
24  8  982
24  9  375
24  19  52,931
24  21  684
24  22  487,684
24  25  140,232
24  27  997
24  61  931
24  62  727,811
24  64  734
24  67  94,820
24  71  538,978
24  72  487,974
24  77  472
24  78  859
25  1  519
25  4  232
25  6  519
25  8  997
25  12  997
25  17  263
25  18  367,859
25  27  63,470
25  29  319,417
25  32  911
25  33  130,459
25  34  187
25  38  820
25  42  911
25  51  997
25  53  371
25  55  232
25  72  734
25  75  198,764
25  86  130,535
25  97  303,728,865
25  98  84,198,538,820
26  3  36
26  13  859
26  16  779
26  19  865
26  33  684
26  34  487
26  37  460
26  43  820
26  46  371
26  52  734
26  56  198,367,820
26  62  232,459
26  63  496
26  75  140
26  80  371,839
26  83  274,443,673
26  84  371
26  90  221
26  94  232,487
26  96  140,367
26  97  94,820
27  3  206,562
27  11  727,811
27  25  470
27  28  652,950,982,983
27  29  663
27  32  627
27  39  684
27  58  865
27  59  524
27  65  487
27  74  802
27  77  600,666,859,884
27  81  100,239
27  85  733
27  94  195,393,487
28  2  519
28  7  982
28  14  609
28  16  865,877
28  17  734
28  32  733,797
28  34  63,997
28  44  274,443,673
28  49  113
28  52  522
28  53  10
28  54  679
28  61  303,728
28  67  180,261,556,895
28  73  684
28  74  911
28  75  198,820
28  90  535
28  92  127
28  93  522
28  94  982
28  97  198,764
28  99  140
29  3  393,870
29  7  261,851
29  12  684,931
29  20  859
29  33  982
29  34  734
29  35  52
29  36  962
29  39  859
29  41  562,929
29  57  375,472
29  58  488,811
29  62  496
29  66  221
29  74  627
29  75  66,195,393
29  78  116
29  85  535
30  7  289
30  9  684
30  18  950,983
30  23  127
30  25  502
30  29  692
30  31  198,820
30  33  221
30  35  198,646,820
30  42  488,627,811
30  49  538,978
30  61  84,684,959
30  68  289
30  72  113
30  75  116,146,527
30  80  519
30  86  982
30  90  859
30  91  839
30  97  201,274,443,460
31  7  146,527
31  9  135
31  17  502
31  21  519
31  32  529
31  34  609
31  35  982
31  47  371
31  50  496
31  58  997
31  73  146,527
31  74  529
31  76  127,763
31  77  116
31  83  820
31  98  959
31  100  94,820
32  1  190,358,725
32  8  770
32  9  538,978
32  12  94,820
32  14  140,146,326,527
32  20  859
32  22  367,535,734
32  24  10,684
32  27  982
32  33  997
32  39  962
32  40  859
32  42  190,358,725
32  50  522
32  57  135,563
32  58  487
32  71  66
32  79  375,820
32  90  244,470
32  97  843
33  8  859
33  16  843,931
33  25  839
33  26  153,663,859
33  39  140,326,522
33  40  997
33  47  763
33  70  63
33  79  135
34  4  663
34  5  610,859
34  18  63
34  20  502,991,997
34  23  130,146,527
34  25  502,982
34  31  950,983
34  33  684
34  58  813
34  61  843
34  72  140
34  80  929
34  85  97,982
34  89  650
35  13  36,535
35  21  127,460
35  23  140
35  25  982
35  36  201,553,579
35  40  684
35  41  600,666,884
35  59  929
35  63  950,983
35  69  263,460,839
35  76  502
35  84  289
35  87  22,251
35  92  140,326,692
35  94  113
35  97  684,813
36  2  198,820
36  7  982
36  8  982
36  16  303,663,728
36  20  734
36  22  684
36  27  684
36  28  140,485
36  29  10,496
36  30  877
36  34  684
36  37  502
36  47  289
36  49  820
36  59  502
36  62  610,763
36  68  209,959
36  84  496
36  90  820
37  1  663
37  4  519,763
37  21  66,859
37  28  303,728
37  50  931
37  52  190,358,725
37  54  398
37  66  997
37  78  66,779
37  90  459
37  92  398,684
37  97  251
38  2  146,527
38  6  997
38  8  52
38  11  52,496,997
38  17  557
38  25  251,519
38  29  398
38  32  663
38  38  140
38  42  997
38  54  684
38  55  519
38  56  146,527
38  57  371
38  69  66,470
38  72  140,326
38  75  94,820
38  88  684
38  91  130
38  98  859
38  100  502
39  1  664
39  6  684
39  8  411,454,684
39  11  684
39  14  198,393,820,870
39  15  140
39  18  579,786
39  19  261,303,895,997
39  37  303,728,929
39  40  743
39  41  153,502,820
39  48  367
39  58  734
39  59  153
39  81  273
39  86  959
39  87  261,895,997
39  95  997
39  97  663,950,983
40  6  274,443,673
40  13  859
40  19  684
40  20  84
40  22  950,983
40  24  974
40  36  116,835
40  46  94,146,527,820
40  53  84
40  66  251,579,786
40  74  663
40  77  94,820
40  80  116,502
40  86  982
40  88  743
40  89  859
40  93  485,636,831
40  94  734
40  97  535,684
40  98  487
