1  9  904
1  10  251,716
1  15  692
1  18  519,529,802,915
1  21  242
1  36  789
1  38  593
1  50  525
1  65  412
1  66  502
1  68  234,329,527
1  77  782
1  83  94
1  84  688
2  4  470,764
2  6  782
2  14  519
2  17  216,530,531,827
2  31  28,329,808,877,936
2  33  504,627
2  35  490
2  38  251
2  40  558
2  42  409,470
2  55  224,688
2  61  251,716
2  67  340
2  69  319,504,627
2  72  409,529
2  76  904,957,997
2  77  801
2  78  417
2  79  319
2  90  827
2  91  519
2  95  357
3  2  393,745,888
3  3  519
3  5  300,725
3  8  251,716
3  27  32,727
3  29  324,349
3  30  290,655
3  32  412
3  33  216,290
3  38  190,781,859
3  40  377,388,835
3  42  646
3  46  412,904
3  50  156,655,703
3  51  813
3  53  393
3  56  519
3  58  251,716
3  73  290
3  84  290,782
3  89  22,243
3  91  562,835
3  94  183,472,504,627
3  95  904
3  97  207,490,813,955
4  6  962
4  11  782
4  18  682
4  24  646
4  30  682
4  32  808
4  34  216,530,531
4  39  340,801
4  52  946
4  55  245,916
4  59  319,593
4  63  997
4  68  367,813,997
4  70  207,955,985
4  72  371,786
4  77  861,904
4  78  369
4  85  957
4  87  290
4  89  957
4  90  688
4  91  66
4  94  324,349
5  8  189,516,531,596,904,928
5  9  661,863
5  10  487
5  12  409
5  17  646
5  20  688
5  35  983
5  40  881
5  42  371,982
5  44  985
5  47  724
5  48  820
5  50  417
5  57  562,717,949
5  62  519
5  66  79,214,299
5  71  593
5  82  668,692
5  91  350
5  92  522
5  95  519
5  97  251,827
6  5  319
6  6  201,553,579
6  10  734
6  14  216,668
6  15  490,522
6  21  680
6  28  290
6  35  58
6  37  324,349
6  38  190,296,422
6  39  650
6  47  242
6  54  861
6  63  684
6  74  579,740
6  79  827
6  81  377,388
6  85  393,870
6  86  682
6  87  242
6  90  127
6  98  470,764
6  100  646
7  1  522
7  2  531,983
7  8  278,710
7  10  531
7  11  251,716
7  19  527
7  32  367,700,824
7  35  801
7  40  432,816
7  44  875,978
7  52  127
7  70  232,502
7  73  725
7  79  409
7  84  174
7  85  519
7  87  242,680
7  97  724
8  3  22
8  4  224,460
8  5  865
8  10  143,955
8  11  531
8  12  508
8  14  519
8  23  278
8  28  214,257
8  30  717,949
8  31  472
8  34  508
8  42  721,846
8  48  319
8  52  875
8  53  58,916
8  58  290
8  62  997
8  63  997
8  65  531
8  66  174
8  70  244
8  78  94
8  88  223
8  89  174
8  90  201
8  92  251,412,716
8  94  770
8  95  127
9  1  94
9  5  668
9  13  827
9  18  808
9  24  216,530,531
9  25  663
9  31  531
9  32  371
9  40  848
9  41  417
9  48  417
9  49  985
9  50  143,955
9  52  593
9  63  319
9  64  519
9  65  680,789
9  77  962
9  81  216
9  83  899
9  85  240,946
9  96  946
10  1  116
10  2  94
10  9  680
10  13  113,688
10  20  143,319,955
10  29  412
10  35  624,639,662
10  42  813
10  53  624,639,662
10  63  684,727,811
10  73  531
10  75  508
10  92  116
10  96  801
10  97  113
11  3  319,502,782
11  4  916,950
11  5  263
11  6  669
11  12  371
11  14  706
11  18  911
11  31  345
11  32  58
11  34  289
11  40  839
11  57  985
11  60  802
11  66  22,801
11  69  727,811
11  73  427
11  74  409
11  84  962
11  91  22,562
11  97  251
12  1  982
12  12  957
12  20  190,525,781,859
12  24  216,490,530,531
12  31  371
12  35  678
12  48  727,811
12  50  883
12  52  99,206,725
12  61  470,531,764
12  62  827
12  64  367
12  71  319
12  78  224
12  80  522
12  96  329,519,913
13  5  496,575,952
13  13  190,358,725
13  26  319
13  27  16,216,230,530,531,600
13  30  519
13  43  997
13  48  911
13  51  12
13  57  562
13  64  94
13  65  369
13  68  279,422
13  71  739
13  77  680
13  82  637
13  84  58,66,590,958
13  87  28,877
13  93  508,593
14  3  127
14  5  165
14  7  997
14  8  409
14  15  242
14  17  224
14  21  143,955
14  22  985
14  23  620
14  24  457
14  30  835
14  31  519
14  39  700
14  42  801
14  53  840
14  57  460
14  73  116,997
14  78  242
14  85  875
14  86  508
14  89  207,216,955
14  98  460
14  100  688
15  2  516,596
15  8  245,579
15  11  802
15  12  357,721,846
15  16  997
15  27  739
15  35  915
15  37  770
15  40  17,397
15  45  519
15  48  717
15  49  904
15  54  829
15  55  216
15  57  96,331
15  58  531
15  67  80,307,625
15  74  278
15  79  727,811
15  89  232
15  92  345
15  94  688
15  96  700
16  11  911
16  12  875,904
16  19  417
16  24  802
16  27  216,289,530,531
16  28  725
16  33  547,808
16  36  94
16  38  16,230
16  40  290
16  45  646
16  46  801
16  47  680
16  56  251,738,958
16  59  801
16  60  290
16  63  496
16  74  620
16  76  680
16  80  251,716
16  81  881
16  86  29,251,461
16  93  251,716
17  1  296
17  6  962
17  7  290
17  8  371
17  9  263
17  10  345
17  14  127,599,792
17  17  80,201,307,625
17  18  524
17  19  725
17  27  109
17  28  140,326,427,655
17  31  327
17  32  15
17  34  324,349,387
17  37  242
17  40  488,778
17  44  99
17  45  200,367,412,491
17  47  724
17  48  957
17  56  516,596
17  59  727,811
17  60  682
17  65  454,722
17  69  156
17  84  524
17  96  143,877,955
18  2  327
18  6  753
18  7  840
18  13  28
18  14  600,808
18  25  519,663,682
18  26  224
18  37  123,432
18  42  938
18  46  329
18  48  470
18  53  776
18  56  300
18  59  13
18  62  434,507
18  74  224
18  75  412
18  80  688
18  82  319
18  83  600,666,884
18  84  547
18  88  770
18  90  24,679
18  91  63,153
18  94  412
18  99  109
19  5  637,782
19  11  669
19  13  717,865,949
19  16  904
19  19  196
19  20  950
19  27  688
19  29  920
19  32  289,786
19  33  371
19  34  94,360,754,960
19  37  678
19  39  156
19  43  684
19  58  66,590,958
19  61  345,460
19  64  733,946
19  66  524
19  71  827
19  72  721,846
19  77  829
19  84  201,553,579
19  86  519,913
19  94  434,507
19  98  51
19  99  519
20  1  13
20  2  579
20  3  727,811
20  7  417
20  9  16,145
20  11  753
20  15  883
20  17  508
20  23  143,955
20  27  156
20  31  289
20  40  995
20  47  116
20  49  680,859,904
20  53  143,434,507
20  60  143,251
20  73  206,345
20  78  215
20  84  669
20  87  263,427
20  88  717,949
20  91  204
20  95  496,808
21  1  61
21  2  815
21  8  214,257
21  10  647,671,739,791
21  11  345
21  12  801
21  13  912
21  14  695
21  16  680
21  22  978
21  29  239,457,531,637,802
21  31  140
21  34  13,600,770
21  37  682
21  44  955
21  45  832
21  46  592,680
21  55  215,711,956
21  58  327
21  61  327
21  64  579
21  68  185
21  69  240
21  79  668
21  83  261,895
21  86  781
21  88  319,997
21  94  531
22  3  496
22  10  982
22  11  327
22  17  912
22  19  75,765
22  30  96,331
22  31  706
22  33  289
22  34  633
22  39  15,663
22  40  237,914
22  46  700
22  50  832,899
22  67  393,870
22  71  109
22  72  738
22  77  916
22  81  140,326
22  89  74,637,661,863
22  94  58
23  4  983
23  10  296
23  11  245,815
23  16  16,145,329,936
23  22  99
23  24  367,911
23  25  943
23  30  547
23  40  502
23  44  99,206,660
23  48  245,627
23  49  680
23  51  79,221,299
23  55  661,863
23  56  786
23  59  143
23  60  840,911
23  62  738
23  64  187
23  73  327
23  76  684
23  79  912
23  81  661,684,863
23  84  579,786
23  87  206
23  91  929
23  96  487
24  11  367
24  14  429
24  15  116
24  19  457
24  23  725
24  32  140
24  37  592
24  43  623,846
24  48  96,232
24  53  2,242,689
24  54  957
24  57  51,174
24  59  931
24  61  815
24  62  835
24  64  371
24  66  700
24  68  251
24  69  29
24  70  519
24  71  519,913,967
24  73  815
24  77  16,145
24  79  371,496,508
24  82  221,593
24  96  417
24  99  127,646
25  7  75,765
25  16  791
25  17  398
25  18  251,417
25  29  58,792
25  31  327,671
25  33  240
25  35  15
25  39  592
25  48  216,234,496
25  49  16,145
25  56  519,579
25  59  496
25  67  508
25  69  496
25  70  36
25  72  801
25  74  224
25  85  621
25  89  320
26  6  367
26  7  684
26  17  733
26  21  156
26  31  187
26  36  682
26  37  460,655
26  39  636
26  46  531
26  50  957
26  51  689
26  56  279
26  58  547
26  66  502
26  68  457
26  72  143
26  73  925
26  74  58,489
26  77  700
26  78  877
26  79  149
26  80  239,802
26  81  623,846
26  87  166,245,320,460
26  90  808
26  93  522
27  4  140,155,378
27  7  623,846
27  8  307,721,846
27  10  289,498
27  21  647,671,739,791
27  23  427
27  24  97,485,627
27  31  770,815
27  35  378
27  36  216,530,531
27  42  655
27  51  15
27  52  427
27  56  178,227
27  60  178,227
27  62  538,928,959
27  72  178,227
27  79  960
27  80  345
27  82  398,727,792,811
27  90  209,429
27  91  417
27  94  432,572,706
27  96  592
27  99  367
28  5  792
28  7  525
28  11  925
28  18  429
28  19  252,324
28  22  955
28  27  855
28  33  140
28  34  58
28  36  71
28  38  29
28  44  182
28  45  496
28  46  58
28  49  240,655,791
28  52  206
28  62  572
28  65  873
28  71  859
28  73  166,245,320
28  78  252,324
28  84  815
28  89  519
28  90  371
28  91  517
28  94  143,599
28  99  621
28  100  245
29  10  327
29  14  221
29  15  680
29  18  781
29  21  289,498
29  31  925
29  35  58
29  37  432
29  38  877
29  40  17
29  41  985
29  42  187,733
29  44  599
29  45  733
29  46  16,145
29  55  592
29  75  663
29  88  579
29  96  63
30  8  815
30  9  298,575,791,952
30  12  775,846,991
30  16  684
30  17  97
30  23  489
30  25  663
30  31  277
30  35  242,478,689
30  49  562
30  50  621
30  53  572
30  65  71
30  71  496
30  74  557
30  77  669
30  79  711,875,956
30  82  929
30  83  13,556,609,980
30  93  531
30  100  525
31  10  815
31  12  99,206,938
31  13  524
31  22  660
31  23  206
31  25  781,943
31  26  974
31  31  52
31  35  658
31  39  251,369
31  43  216,711
31  50  655
31  63  623,846
31  74  91
31  83  61,146,527
31  84  753
31  88  13
31  92  94,168,820
31  93  345
31  100  367
32  8  925
32  16  779
32  21  251
32  27  615
32  34  245
32  38  728
32  49  29,522
32  50  305,454
32  52  490
32  54  389,875
32  59  61,865
32  60  781
32  62  216,223,711,871
32  64  877,972
32  65  389
32  67  58,462,519,592
32  71  130
32  74  721,846,916
32  84  621
32  92  149
32  94  13,359
32  95  174
33  3  808
33  12  367,960
33  17  916
33  20  24,728
33  22  161,460,664
33  29  143
33  34  974
33  36  129
33  38  427,660
33  46  873
33  47  668
33  49  791
33  60  627
33  62  931
33  64  457
33  66  592,878,972,991,997
33  72  593,663
33  79  633
33  85  29
33  92  286,815
33  93  327
33  96  734
33  97  244
34  6  753
34  10  925
34  15  832,899
34  17  240
34  19  786
34  24  959
34  26  496,655
34  42  97
34  46  389,791,931
34  52  166,245,320,865
34  58  925
34  60  875
34  61  946
34  64  557
34  68  592
34  75  29,700
34  76  791
34  77  753
34  79  245
34  80  327,558
34  85  877
34  89  500
34  92  915,925
34  93  116
34  95  775,846,991
34  97  156,959
34  98  79,299
34  100  733
35  3  130
35  9  600,649,717
35  12  187
35  13  535
35  17  58,462
35  22  599
35  23  647,671,739,791
35  31  959
35  36  287,593,655
35  38  143
35  45  599
35  46  717
35  47  24,820
35  52  452
35  53  592
35  59  130,983
35  71  251,865
35  76  623,846
35  77  367,791
35  84  367
35  94  873
35  96  15
35  99  733
36  20  454,496
36  29  127
36  33  29
36  36  116,331,548
36  37  74,637
36  61  925
36  66  369
36  79  422
36  80  331
36  85  182
36  87  52
36  95  429
36  99  29,429
37  7  508,786
37  8  277
37  9  52
37  11  277
37  12  633
37  20  130,140,155
37  25  943
37  26  255,959
37  29  389
37  32  547
37  46  15
37  50  255
37  52  624
37  56  165
37  60  592
37  61  877
37  64  13,839
37  69  127,652,765
37  72  865
37  75  599
37  78  786
37  80  925
37  81  324,349,498
37  88  497,929
37  91  245
37  93  36,815
38  4  51,840
38  6  367
38  12  245
38  15  331
38  17  215
38  29  353,359
38  30  255,815
38  31  695
38  34  13
38  36  885
38  41  562
38  46  13
38  58  277
38  71  24,615
38  77  717,950,983
38  82  496
38  87  678
38  93  663
38  94  201,929
38  96  252,324
39  1  94,820
39  2  678
39  13  599,895
39  15  678
39  25  636
39  45  593,600
39  46  61,353
39  48  519,649
39  50  529
39  63  912
39  66  74,637
39  67  706
39  73  94,820
39  79  130,792
39  80  277
39  84  74,553
39  91  359
39  94  389
39  95  371
40  12  143,583
40  25  636
40  26  621
40  28  255
40  32  353
40  34  929
40  35  199
40  37  51,727,910
40  47  637
40  48  167
40  49  717
40  50  75,239,765,802
40  53  199
40  56  592
40  58  815
40  61  51
40  64  61,721,846
40  65  885
40  67  155,369,621
40  75  287,831
40  78  680
40  81  600
40  86  234
40  88  307
40  90  912
40  92  277
40  93  925
40  94  240
40  96  289,498,786,997
