1  9  904
1  10  251,716
1  15  692
1  18  519,529,802,915
1  21  242
1  36  789
1  38  593
1  50  525
1  65  412
1  66  502
1  68  234,329,527
1  77  782
1  83  94
1  84  688
1  101  216
1  103  519
1  107  80,307,625
1  122  519
1  128  985
1  131  813,957
1  132  519
1  133  412
1  138  58,800
1  154  801
1  156  692
1  160  770
1  162  80,307,625
1  164  422,504,627
1  166  58
1  167  519
1  175  682
1  180  502
1  182  562
1  185  261
1  188  251
1  190  692
1  192  224
1  195  224,245
1  197  393,538,870,928
1  205  140,326
1  208  185
1  219  221,319
1  220  94
1  222  174
1  225  224,367,824
1  226  224
1  235  579
1  244  156,703
1  249  401
2  4  470,764
2  6  782
2  14  519
2  17  216,530,531,827
2  31  28,329,808,877,936
2  33  504,627
2  35  490
2  38  251
2  40  558
2  42  409,470
2  55  224,688
2  61  251,716
2  67  340
2  69  319,504,627
2  72  409,529
2  76  904,957,997
2  77  801
2  78  417
2  79  319
2  90  827
2  91  519
2  95  357
2  105  655
2  107  174
2  109  207,955
2  113  278
2  114  692
2  115  12
2  118  44,469
2  124  174,319
2  132  224
2  137  623
2  139  786
2  143  290,393,870
2  145  174
2  147  412
2  148  682
2  150  983
2  158  957
2  162  251,716
2  166  624,639,662
2  169  223,957
2  173  327,671,974
2  180  725
2  182  22
2  189  58
2  190  502,646
2  191  717,949
2  193  224,409
2  194  216
2  195  127,711,956
2  196  22
2  203  519,827
2  206  242
2  213  319
2  228  519,688,740
2  229  224,319
2  231  525
2  238  206
2  239  22
2  240  904
2  242  350
2  243  827
2  248  519
2  249  734
3  2  393,745,888
3  3  519
3  5  300,725
3  8  251,716
3  27  32,727
3  29  324,349
3  30  290,655
3  32  412
3  33  216,290
3  38  190,781,859
3  40  377,388,835
3  42  646
3  46  412,904
3  50  156,655,703
3  51  813
3  53  393
3  56  519
3  58  251,716
3  73  290
3  84  290,782
3  89  22,243
3  91  562,835
3  94  183,472,504,627
3  95  904
3  97  207,490,813,955
3  108  28,877
3  113  242
3  115  904
3  116  412
3  123  58
3  130  377,388
3  135  985
3  141  242
3  145  143
3  146  489,957
3  148  186
3  153  519
3  157  58,290
3  160  278
3  162  531
3  170  393,870
3  171  985
3  180  143
3  189  782
3  191  224
3  197  94
3  203  519
3  213  727,811
3  218  899
3  219  727,811
3  221  251,716
3  226  261
3  232  417
3  233  522,688
4  6  962
4  11  782
4  18  682
4  24  646
4  30  682
4  32  808
4  34  216,530,531
4  39  340,801
4  52  946
4  55  245,916
4  59  319,593
4  63  997
4  68  367,813,997
4  70  207,955,985
4  72  371,786
4  77  861,904
4  78  369
4  85  957
4  87  290
4  89  957
4  90  688
4  91  66
4  94  324,349
4  102  682
4  105  251,257,700
4  111  174
4  119  206
4  123  931
4  125  519,646
4  130  153
4  132  417,985
4  136  957
4  141  680
4  142  12
4  147  168
4  149  143,955
4  153  94
4  168  417
4  174  800
4  178  946
4  184  58
4  197  143,412,800,955
4  198  519
4  205  983
4  209  290
4  210  156
4  217  174
4  219  207,955
4  220  801
4  230  432
4  237  290,985
4  243  840
4  244  579
4  245  740
4  248  127
4  249  367,824
5  8  189,516,531,596,904,928
5  9  661,863
5  10  487
5  12  409
5  17  646
5  20  688
5  35  983
5  40  881
5  42  371,982
5  44  985
5  47  724
5  48  820
5  50  417
5  57  562,717,949
5  62  519
5  66  79,214,299
5  71  593
5  82  668,692
5  91  350
5  92  522
5  95  519
5  97  251,827
5  102  216,530,531
5  103  692,808
5  104  234,463
5  109  232
5  114  108
5  122  522
5  124  470,725,764
5  126  2,650
5  132  127
5  133  531,558
5  139  143
5  140  417
5  148  489
5  149  646
5  155  174
5  157  725
5  162  525
5  163  412
5  166  319
5  171  679
5  177  859
5  179  22
5  185  242,801
5  197  621
5  199  274,443,646,673
5  201  251,716,801
5  207  519
5  208  221
5  210  319
5  224  646
5  233  116
5  236  409
5  238  380,620,938
5  241  28,94,877,931
5  243  912
5  247  324,349
6  5  319
6  6  201,553,579
6  10  734
6  14  216,668
6  15  490,522
6  21  680
6  28  290
6  35  58
6  37  324,349
6  38  190,296,422
6  39  650
6  47  242
6  54  861
6  63  684
6  74  579,740
6  79  827
6  81  377,388
6  85  393,870
6  86  682
6  87  242
6  90  127
6  98  470,764
6  100  646
6  114  398
6  126  58,329
6  128  251
6  129  224,770
6  134  12
6  136  680
6  138  820
6  140  813
6  141  531
6  147  531
6  151  251,319,716
6  155  508
6  164  137,434,507
6  165  802
6  172  242
6  179  535
6  184  455
6  185  278,579,786
6  186  340
6  189  962
6  194  802
6  199  367
6  208  668
6  210  251,502
6  215  957
6  218  519
6  219  496
6  221  531
6  227  263
6  235  782
6  238  263
6  241  263,682
7  1  522
7  2  531,983
7  8  278,710
7  10  531
7  11  251,716
7  19  527
7  32  367,700,824
7  35  801
7  40  432,816
7  44  875,978
7  52  127
7  70  232,502
7  73  725
7  79  409
7  84  174
7  85  519
7  87  242,680
7  97  724
7  101  345
7  106  800
7  110  801
7  115  206
7  136  156
7  139  910
7  140  329,725,936
7  143  207,955
7  150  525
7  155  738,910
7  156  692
7  159  516,596
7  161  974
7  162  345
7  163  531
7  168  75,290,765
7  172  470
7  173  668
7  175  562
7  177  224
7  179  470,764
7  184  371
7  186  22,80,307,625,789
7  197  29,700
7  201  216,519
7  202  417,432
7  203  243,279,824
7  206  22,680
7  215  985
7  216  623
7  225  688,957
7  235  962
7  240  680
7  241  234
7  244  156
7  246  22,813
7  248  957
8  3  22
8  4  224,460
8  5  865
8  10  143,955
8  11  531
8  12  508
8  14  519
8  23  278
8  28  214,257
8  30  717,949
8  31  472
8  34  508
8  42  721,846
8  48  319
8  52  875
8  53  58,916
8  58  290
8  62  997
8  63  997
8  65  531
8  66  174
8  70  244
8  78  94
8  88  223
8  89  174
8  90  201
8  92  251,412,716
8  94  770
8  95  127
8  105  912
8  112  957
8  114  562
8  123  915
8  126  950
8  127  22,983
8  133  682
8  144  417
8  148  786
8  151  531
8  154  44,469,508
8  157  427
8  158  263
8  166  411,454
8  192  859
8  200  983
8  203  593
8  205  398,489
8  209  290
8  213  74,224
8  220  129
8  222  74,637
8  223  319
8  228  127
8  232  75,216,530,531,765
8  234  688,692
8  247  319
8  248  808
8  249  327
9  1  94
9  5  668
9  13  827
9  18  808
9  24  216,530,531
9  25  663
9  31  531
9  32  371
9  40  848
9  41  417
9  48  417
9  49  985
9  50  143,955
9  52  593
9  63  319
9  64  519
9  65  680,789
9  77  962
9  81  216
9  83  899
9  85  240,946
9  96  946
9  103  127
9  104  983
9  110  623
9  116  531
9  124  688,820
9  128  978
9  136  329
9  137  786
9  140  527
9  146  891
9  147  58
9  150  813
9  153  835
9  154  700
9  158  140,516,596
9  159  393,870
9  160  516,596
9  162  508
9  166  738
9  171  558
9  173  689
9  177  305,527
9  180  234
9  183  319
9  194  531,661,863
9  197  13
9  203  517
9  205  802
9  206  224,502
9  210  652,727,811
9  211  738
9  212  221
9  216  239,802
9  221  345
9  230  140
9  239  522
9  242  815
9  247  242,357
9  249  516,711,815
10  1  116
10  2  94
10  9  680
10  13  113,688
10  20  143,319,955
10  29  412
10  35  624,639,662
10  42  813
10  53  624,639,662
10  63  684,727,811
10  73  531
10  75  508
10  92  116
10  96  801
10  97  113
10  102  239,802
10  105  149
10  107  289
10  109  519,829
10  110  668
10  111  417
10  116  58
10  128  99
10  135  470,978
10  136  875
10  141  345
10  143  66,590,958
10  146  417
10  147  637
10  153  127
10  155  688
10  159  983
10  163  508
10  164  865,959
10  167  716
10  169  519
10  171  668
10  174  412
10  176  28,877
10  178  877
10  183  727
10  184  948
10  187  800
10  188  319
10  192  290
10  201  700
10  203  224
10  205  277,891,957
10  208  75,765
10  214  279,422
10  225  216,234,655,682
10  226  242
10  227  75,765
10  246  212
10  248  504,627
11  3  319,502,782
11  4  916,950
11  5  263
11  6  669
11  12  371
11  14  706
11  18  911
11  31  345
11  32  58
11  34  289
11  40  839
11  57  985
11  60  802
11  66  22,801
11  69  727,811
11  73  427
11  74  409
11  84  962
11  91  22,562
11  97  251
11  103  371
11  109  371,916
11  112  946
11  118  688
11  126  320,655
11  133  688
11  135  99
11  140  779
11  145  74,637
11  147  149,873
11  156  398
11  165  725,946
11  167  943
11  168  251
11  169  801
11  175  224,239,251,802
11  178  80,307,625
11  190  367
11  191  916
11  201  802
11  203  621
11  205  58
11  216  155,216
11  221  527,531
11  223  646
11  228  216,530,531
11  232  800
11  234  985
11  240  985
11  243  149
11  246  789,985
11  250  244
12  1  982
12  12  957
12  20  190,525,781,859
12  24  216,490,530,531
12  31  371
12  35  678
12  48  727,811
12  50  883
12  52  99,206,725
12  61  470,531,764
12  62  827
12  64  367
12  71  319
12  78  224
12  80  522
12  96  329,519,913
12  111  75,371,765
12  114  859,861
12  120  827
12  122  808
12  125  367
12  133  201
12  139  94,647,671,739,791
12  143  94
12  153  216,530,531,808
12  156  997
12  157  985
12  166  278,727,811
12  167  531
12  170  519,579,786
12  177  94
12  179  504,627
12  186  454,957
12  188  801
12  189  116
12  190  398,733
12  198  127,417
12  199  733
12  203  865
12  207  63,393,522,870
12  212  324,349,417
12  219  232
12  220  319
12  234  398
12  235  290
12  237  840
12  244  239,244,452
12  248  245
12  249  738
13  5  496,575,952
13  13  190,358,725
13  26  319
13  27  16,216,230,530,531,600
13  30  519
13  43  997
13  48  911
13  51  12
13  57  562
13  64  94
13  65  369
13  68  279,422
13  71  739
13  77  680
13  82  637
13  84  58,66,590,958
13  87  28,877
13  93  508,593
13  104  678
13  110  637
13  114  319
13  123  776
13  128  524
13  133  58
13  134  490,997
13  138  174,646
13  146  251
13  150  257,261,700
13  158  529,575,579,952
13  162  327
13  173  959
13  174  522
13  185  802
13  187  174
13  192  916
13  200  678
13  207  530,562
13  208  885
13  220  519
13  221  327
13  225  881
13  228  620
13  230  224
13  237  995
14  3  127
14  5  165
14  7  997
14  8  409
14  15  242
14  17  224
14  21  143,955
14  22  985
14  23  620
14  24  457
14  30  835
14  31  519
14  39  700
14  42  801
14  53  840
14  57  460
14  73  116,997
14  78  242
14  85  875
14  86  508
14  89  207,216,955
14  98  460
14  100  688
14  114  916
14  115  680
14  120  912
14  129  877
14  134  859
14  135  375
14  139  305
14  140  427
14  145  320,470,655
14  147  286,389
14  155  329
14  157  206
14  158  502
14  164  904
14  167  470,764
14  168  216
14  172  682
14  181  519
14  184  240,361
14  185  621,646,911
14  187  813
14  197  168
14  199  84,97
14  208  637,770,883
14  218  224
14  220  835
14  221  815
14  222  156,216
14  225  485,516,711
14  227  252,324,417
14  228  983
14  238  223,290
14  241  781
14  246  26
15  2  516,596
15  8  245,579
15  11  802
15  12  357,721,846
15  16  997
15  27  739
15  35  915
15  37  770
15  40  17,397
15  45  519
15  48  717
15  49  904
15  54  829
15  55  216
15  57  96,331
15  58  531
15  67  80,307,625
15  74  278
15  79  727,811
15  89  232
15  92  345
15  94  688
15  96  700
15  101  327,661,863
15  105  269,875
15  110  214
15  121  94,470
15  124  319
15  130  324
15  138  239,452,820
15  141  529
15  152  504,627
15  154  15
15  156  881
15  158  646
15  163  470,764
15  164  680
15  165  300
15  169  875
15  177  439,781
15  182  113
15  188  214
15  191  32,727
15  194  224
15  198  808
15  205  938
15  207  329
15  229  646
15  231  127,377,388
15  237  2,58,432
15  239  786,920
15  241  13
15  244  883
15  249  904,925
16  11  911
16  12  875,904
16  19  417
16  24  802
16  27  216,289,530,531
16  28  725
16  33  547,808
16  36  94
16  38  16,230
16  40  290
16  45  646
16  46  801
16  47  680
16  56  251,738,958
16  59  801
16  60  290
16  63  496
16  74  620
16  76  680
16  80  251,716
16  81  881
16  86  29,251,461
16  93  251,716
16  101  508
16  102  331
16  126  58,820
16  129  240
16  130  881
16  138  733
16  145  200,359,491
16  149  367
16  152  538,928
16  153  350
16  159  678
16  160  123,432
16  161  419
16  167  460
16  169  127,668
16  170  44,469
16  171  434,507
16  172  982
16  180  991,997
16  181  127,305
16  182  153
16  185  116
16  190  663
16  194  916
16  199  985
16  200  378,519
16  206  271
16  209  531
16  222  621
16  234  457
16  239  143
16  242  245
16  250  504,627
17  1  296
17  6  962
17  7  290
17  8  371
17  9  263
17  10  345
17  14  127,599,792
17  17  80,201,307,625
17  18  524
17  19  725
17  27  109
17  28  140,326,427,655
17  31  327
17  32  15
17  34  324,349,387
17  37  242
17  40  488,778
17  44  99
17  45  200,367,412,491
17  47  724
17  48  957
17  56  516,596
17  59  727,811
17  60  682
17  65  454,722
17  69  156
17  84  524
17  96  143,877,955
17  108  143,955
17  109  389,592
17  111  289
17  126  730
17  127  58
17  135  727,955
17  136  251
17  137  58
17  139  178,227,289,498,820
17  148  875
17  149  58,679
17  155  957
17  156  485
17  160  13
17  165  245
17  167  636,835
17  171  242,245
17  180  427
17  185  627
17  187  412,820
17  192  215,305
17  196  174
17  201  127
17  203  143,955
17  208  592
17  212  885
17  213  717,949
17  217  327
17  218  609
17  219  820,929
17  221  327
17  229  496
17  230  289
17  232  412,457
17  243  875
17  247  904
17  250  700
18  2  327
18  6  753
18  7  840
18  13  28
18  14  600,808
18  25  519,663,682
18  26  224
18  37  123,432
18  42  938
18  46  329
18  48  470
18  53  776
18  56  300
18  59  13
18  62  434,507
18  74  224
18  75  412
18  80  688
18  82  319
18  83  600,666,884
18  84  547
18  88  770
18  90  24,679
18  91  63,153
18  94  412
18  99  109
18  112  319,920
18  121  813
18  124  865
18  129  13
18  136  99,206
18  139  367
18  148  242
18  156  684
18  157  375
18  161  331,961
18  167  531
18  179  367,824
18  181  439,781
18  201  600,655,815
18  203  875
18  204  663
18  206  22,832,899
18  209  689,725
18  215  875
18  217  815
18  219  519
18  225  500
18  232  916
18  236  371
18  237  572,727,910
18  242  22
18  247  298
19  5  637,782
19  11  669
19  13  717,865,949
19  16  904
19  19  196
19  20  950
19  27  688
19  29  920
19  32  289,786
19  33  371
19  34  94,360,754,960
19  37  678
19  39  156
19  43  684
19  58  66,590,958
19  61  345,460
19  64  733,946
19  66  524
19  71  827
19  72  721,846
19  77  829
19  84  201,553,579
19  86  519,913
19  94  434,507
19  98  51
19  99  519
19  111  140
19  112  127
19  113  216,680,955
19  116  470
19  118  716
19  120  143,245,770,955
19  123  216,530,531
19  124  240
19  126  693
19  129  29
19  134  684
19  136  652,802
19  141  593
19  152  216
19  157  519
19  163  460,957
19  166  620
19  167  519
19  171  637
19  174  519,820
19  175  215,781
19  182  79,204,299
19  184  800
19  188  781
19  191  215
19  203  422
19  204  957
19  208  13,772,786
19  210  22,496
19  212  234,463,883
19  221  815
19  228  224
19  233  331
19  234  375
19  235  725
19  236  109,195,393
19  237  223,871
19  241  881
19  247  957
20  1  13
20  2  579
20  3  727,811
20  7  417
20  9  16,145
20  11  753
20  15  883
20  17  508
20  23  143,955
20  27  156
20  31  289
20  40  995
20  47  116
20  49  680,859,904
20  53  143,434,507
20  60  143,251
20  73  206,345
20  78  215
20  84  669
20  87  263,427
20  88  717,949
20  91  204
20  95  496,808
20  104  579
20  105  327
20  106  412
20  114  355,522,527,727,811
20  124  982
20  126  624
20  128  955
20  131  143,955
20  134  305,623,846
20  140  715
20  142  234
20  151  319,345
20  152  298
20  153  22,762
20  154  327,671
20  169  637
20  177  862
20  180  206
20  189  669
20  195  808
20  197  298,412
20  209  959
20  212  490
20  218  460
20  221  925,954
20  225  848,916
20  234  127
20  239  116
20  250  429,946
21  1  61
21  2  815
21  8  214,257
21  10  647,671,739,791
21  11  345
21  12  801
21  13  912
21  14  695
21  16  680
21  22  978
21  29  239,457,531,637,802
21  31  140
21  34  13,600,770
21  37  682
21  44  955
21  45  832
21  46  592,680
21  55  215,711,956
21  58  327
21  61  327
21  64  579
21  68  185
21  69  240
21  79  668
21  83  261,895
21  86  781
21  88  319,997
21  94  531
21  125  733
21  138  412,931
21  141  327,502
21  143  216
21  146  216,234
21  147  915
21  148  143
21  149  733
21  153  429
21  158  180,205,663,991,997
21  160  929
21  162  815
21  164  2
21  167  839
21  171  680,792
21  175  13
21  181  429,862
21  187  320,504,524,627,655
21  188  94
21  191  389
21  198  429
21  200  692
21  205  661,875
21  208  725,998
21  212  123,216,432,530,531
21  215  519
21  220  13,305
21  226  646
21  236  80,307,625
21  241  367
21  247  216,234
22  3  496
22  10  982
22  11  327
22  17  912
22  19  75,765
22  30  96,331
22  31  706
22  33  289
22  34  633
22  39  15,663
22  40  237,914
22  46  700
22  50  832,899
22  67  393,870
22  71  109
22  72  738
22  77  916
22  81  140,326
22  89  74,637,661,863
22  94  58
22  106  234
22  118  531
22  142  367
22  144  140,326
22  146  820
22  149  251
22  155  216,234
22  159  94,859
22  177  13
22  180  245
22  181  802
22  186  875
22  188  13,496
22  189  753
22  194  840
22  202  234,463
22  204  409
22  207  417
22  209  58
22  214  502,684
22  216  350
22  219  250,660
22  223  251,367,727,786,811
22  225  251
22  228  186
22  229  655
22  242  239,802
22  250  957
23  4  983
23  10  296
23  11  245,815
23  16  16,145,329,936
23  22  99
23  24  367,911
23  25  943
23  30  547
23  40  502
23  44  99,206,660
23  48  245,627
23  49  680
23  51  79,221,299
23  55  661,863
23  56  786
23  59  143
23  60  840,911
23  62  738
23  64  187
23  73  327
23  76  684
23  79  912
23  81  661,684,863
23  84  579,786
23  87  206
23  91  929
23  96  487
23  105  422,815
23  107  58,74,156,462,553
23  127  782
23  136  182
23  146  556,980
23  152  661,863
23  153  839
23  157  835
23  164  572
23  165  911
23  173  637
23  176  782
23  179  472
23  192  439,487,781
23  194  345
23  197  286,649
23  200  398
23  204  943
23  206  502
23  207  786
23  209  58,972
23  228  289
23  232  955
23  233  94,820
23  234  201
23  237  914
23  238  575,952
23  242  143,865
24  11  367
24  14  429
24  15  116
24  19  457
24  23  725
24  32  140
24  37  592
24  43  623,846
24  48  96,232
24  53  2,242,689
24  54  957
24  57  51,174
24  59  931
24  61  815
24  62  835
24  64  371
24  66  700
24  68  251
24  69  29
24  70  519
24  71  519,913,967
24  73  815
24  77  16,145
24  79  371,496,508
24  82  221,593
24  96  417
24  99  127,646
24  103  289,398
24  109  454
24  113  489
24  114  142,389
24  118  524
24  127  948
24  128  660
24  130  485,591
24  131  417
24  133  873
24  134  439,781
24  140  954
24  146  938
24  147  508
24  157  156
24  158  307
24  159  66
24  163  873
24  166  489,496
24  169  269,700
24  174  835
24  177  802
24  193  371
24  194  327,600
24  201  58
24  202  242
24  205  99
24  208  929
24  210  36
24  212  156
24  213  215
24  216  661,863
24  220  700
24  223  143
24  226  916
24  227  52,829
24  232  29,700
24  236  621
24  243  216,422
24  246  71
24  249  223,680
25  7  75,765
25  16  791
25  17  398
25  18  251,417
25  29  58,792
25  31  327,671
25  33  240
25  35  15
25  39  592
25  48  216,234,496
25  49  16,145
25  56  519,579
25  59  496
25  67  508
25  69  496
25  70  36
25  72  801
25  74  224
25  85  621
25  89  320
25  108  329
25  115  324,349
25  118  345
25  122  429
25  123  997
25  129  127,765,929
25  130  240,848
25  135  660
25  137  350,904
25  140  599,786
25  146  786
25  151  740
25  155  58,462
25  156  859
25  158  36
25  160  116
25  175  143
25  188  508
25  190  943
25  194  815
25  205  689
25  208  289
25  214  143,955
25  216  143
25  223  201
25  231  881,957
25  237  417
25  240  16,143,145,955
25  246  261
25  247  727,811
25  248  429
26  6  367
26  7  684
26  17  733
26  21  156
26  31  187
26  36  682
26  37  460,655
26  39  636
26  46  531
26  50  957
26  51  689
26  56  279
26  58  547
26  66  502
26  68  457
26  72  143
26  73  925
26  74  58,489
26  77  700
26  78  877
26  79  149
26  80  239,802
26  81  623,846
26  87  166,245,320,460
26  90  808
26  93  522
26  103  808
26  104  663
26  106  29,700
26  108  66
26  110  350,700
26  116  873
26  118  946
26  120  123,432
26  121  279,422
26  124  496
26  125  97
26  130  29
26  131  244
26  133  174,240,488
26  137  680
26  140  983
26  144  206,562
26  147  353
26  158  875
26  159  305,621
26  171  190,950
26  178  508
26  187  240
26  192  519
26  193  621
26  194  289
26  195  688
26  196  74,637,782
26  197  915
26  200  706
26  210  130
26  226  174
26  232  599
26  235  187,201,553,579
26  239  178,227
26  241  485
26  245  393,870
26  246  369
27  4  140,155,378
27  7  623,846
27  8  307,721,846
27  10  289,498
27  21  647,671,739,791
27  23  427
27  24  97,485,627
27  31  770,815
27  35  378
27  36  216,530,531
27  42  655
27  51  15
27  52  427
27  56  178,227
27  60  178,227
27  62  538,928,959
27  72  178,227
27  79  960
27  80  345
27  82  398,727,792,811
27  90  209,429
27  91  417
27  94  432,572,706
27  96  592
27  99  367
27  103  429
27  108  52
27  110  733
27  112  496
27  115  16,145,600
27  126  738
27  134  878
27  136  627
27  147  792
27  148  32,727
27  149  209
27  150  269,682
27  151  327,496,727,811
27  156  156
27  165  216,530,531
27  170  327,671
27  172  496
27  173  369
27  177  985
27  178  959
27  192  661,863
27  199  562
27  202  680
27  205  224
27  211  957
27  216  174
27  223  130
27  229  367
27  232  840
27  234  957
27  235  547
27  240  562
27  243  216,530,531
27  246  140,782
28  5  792
28  7  525
28  11  925
28  18  429
28  19  252,324
28  22  955
28  27  855
28  33  140
28  34  58
28  36  71
28  38  29
28  44  182
28  45  496
28  46  58
28  49  240,655,791
28  52  206
28  62  572
28  65  873
28  71  859
28  73  166,245,320
28  78  252,324
28  84  815
28  89  519
28  90  371
28  91  517
28  94  143,599
28  99  621
28  100  245
28  106  367
28  109  190,599
28  111  786
28  114  116,496
28  122  371
28  137  522
28  143  22,621,717,949
28  144  393,870,985
28  157  135,839
28  163  51
28  173  527
28  178  692
28  179  2
28  197  29,700
28  205  182,215
28  216  263
28  220  287,496
28  229  130
28  241  52
28  245  186,324,349
28  250  369
29  10  327
29  14  221
29  15  680
29  18  781
29  21  289,498
29  31  925
29  35  58
29  37  432
29  38  877
29  40  17
29  41  985
29  42  187,733
29  44  599
29  45  733
29  46  16,145
29  55  592
29  75  663
29  88  579
29  96  63
29  105  255
29  109  955
29  111  100,239
29  120  13
29  128  599
29  130  324,349
29  131  261
29  137  116,143
29  141  815
29  146  251
29  147  190,818
29  148  277,891,983
29  151  496
29  152  649
29  153  899
29  162  562
29  163  389
29  164  791
29  167  51,243,279,824
29  168  579,786
29  175  234
29  187  261
29  190  636
29  194  813,925
29  202  727,859,910
29  208  792
29  218  916
29  223  733
29  234  875,997
29  235  557,655
29  236  508
29  241  61
29  243  661,863
29  245  206
30  8  815
30  9  298,575,791,952
30  12  775,846,991
30  16  684
30  17  97
30  23  489
30  25  663
30  31  277
30  35  242,478,689
30  49  562
30  50  621
30  53  572
30  65  71
30  71  496
30  74  557
30  77  669
30  79  711,875,956
30  82  929
30  83  13,556,609,980
30  93  531
30  100  525
30  107  155,251
30  109  479
30  110  792
30  113  66,206,460,562,590,958
30  114  130
30  119  881
30  121  982
30  129  116,529,915
30  131  875
30  148  206,592
30  150  305
30  152  167,827
30  156  848
30  159  478,624,639,662
30  165  289
30  166  251
30  172  680
30  179  460
30  180  367
30  186  206
30  188  130
30  198  371
30  204  371,875
30  205  627
30  209  873
30  212  592
30  226  22
30  229  733
30  239  592
30  240  791
30  243  600
30  248  216,234
30  250  245
31  10  815
31  12  99,206,938
31  13  524
31  22  660
31  23  206
31  25  781,943
31  26  974
31  31  52
31  35  658
31  39  251,369
31  43  216,711
31  50  655
31  63  623,846
31  74  91
31  83  61,146,527
31  84  753
31  88  13
31  92  94,168,820
31  93  345
31  100  367
31  113  289,498
31  118  815
31  122  94,820
31  124  319
31  127  378
31  134  802
31  136  524
31  141  991,997
31  143  547
31  148  556,980
31  153  527
31  155  579
31  167  327
31  171  417
31  172  130,624
31  177  412,457
31  184  385,624
31  185  22,94,489,820
31  191  535
31  192  63,862
31  194  277
31  197  599
31  218  51
31  237  17
31  247  563
32  8  925
32  16  779
32  21  251
32  27  615
32  34  245
32  38  728
32  49  29,522
32  50  305,454
32  52  490
32  54  389,875
32  59  61,865
32  60  781
32  62  216,223,711,871
32  64  877,972
32  65  389
32  67  58,462,519,592
32  71  130
32  74  721,846,916
32  84  621
32  92  149
32  94  13,359
32  95  174
32  104  378
32  106  599
32  113  547
32  115  791
32  122  470
32  123  156
32  125  835
32  127  361
32  132  808
32  136  592
32  137  16,145,221
32  145  244
32  149  624,639,662,820,827
32  155  307,538,820,928
32  160  489
32  162  156,925
32  170  22
32  176  263,957
32  180  36
32  190  859
32  199  664
32  200  859
32  206  255
32  207  592
32  211  538,928
32  214  174,959
32  218  198,820
32  220  15
32  225  652
32  230  240
32  231  454
32  241  324,349
32  242  829
32  245  457,579,786
32  248  271
32  249  655
32  250  216,234
33  3  808
33  12  367,960
33  17  916
33  20  24,728
33  22  161,460,664
33  29  143
33  34  974
33  36  129
33  38  427,660
33  46  873
33  47  668
33  49  791
33  60  627
33  62  931
33  64  457
33  66  592,878,972,991,997
33  72  593,663
33  79  633
33  85  29
33  92  286,815
33  93  327
33  96  734
33  97  244
33  103  371
33  110  15,508
33  112  130
33  118  925
33  121  684
33  124  875
33  126  244
33  128  396,961
33  131  369
33  132  429
33  141  663
33  144  63
33  151  130
33  156  623,846
33  158  899
33  161  32,647,671,727,739,791
33  163  353
33  166  130
33  169  824
33  171  221
33  175  61
33  176  859
33  179  599
33  187  29,590
33  198  519
33  202  17
33  205  772
33  209  389,624,639,662
33  218  230
33  221  925
33  234  859
33  238  52
33  242  603
33  245  127,621
34  6  753
34  10  925
34  15  832,899
34  17  240
34  19  786
34  24  959
34  26  496,655
34  42  97
34  46  389,791,931
34  52  166,245,320,865
34  58  925
34  60  875
34  61  946
34  64  557
34  68  592
34  75  29,700
34  76  791
34  77  753
34  79  245
34  80  327,558
34  85  877
34  89  500
34  92  915,925
34  93  116
34  95  775,846,991
34  97  156,959
34  98  79,299
34  100  733
34  101  29,461
34  102  417
34  103  232
34  113  562
34  116  389
34  120  929
34  123  684
34  124  99,206,496
34  133  389
34  143  815
34  148  182
34  151  130,289
34  154  58,462,689
34  155  143
34  157  562
34  159  862
34  163  29
34  165  165,627
34  170  839
34  171  140,155
34  173  140
34  190  36
34  192  734
34  209  427
34  212  929
34  213  496
34  215  835
34  224  733
34  225  524,655
34  228  91,808
34  230  914
34  234  99,206,562
34  242  331
34  244  307
34  247  500,835
34  250  253,369,500
35  3  130
35  9  600,649,717
35  12  187
35  13  535
35  17  58,462
35  22  599
35  23  647,671,739,791
35  31  959
35  36  287,593,655
35  38  143
35  45  599
35  46  717
35  47  24,820
35  52  452
35  53  592
35  59  130,983
35  71  251,865
35  76  623,846
35  77  367,791
35  84  367
35  94  873
35  96  15
35  99  733
35  105  118,925
35  108  593
35  109  245
35  110  224,972
35  123  658
35  130  251
35  131  75,765
35  137  174,982
35  139  239
35  142  143,583
35  144  562
35  159  802
35  162  454
35  163  663
35  169  429
35  180  579,786
35  182  929
35  186  508
35  194  261
35  197  61
35  201  429
35  203  727
35  204  99,206
35  205  678
35  208  116
35  211  519
35  215  245,839
35  218  51,215
35  230  17
35  246  153
35  248  174,801
36  20  454,496
36  29  127
36  33  29
36  36  116,331,548
36  37  74,637
36  61  925
36  66  369
36  79  422
36  80  331
36  85  182
36  87  52
36  95  429
36  99  29,429
36  104  519
36  113  661,863
36  115  717
36  116  375
36  119  485
36  121  113
36  123  199
36  132  371
36  141  460,925
36  150  478
36  156  324,349
36  158  610
36  160  75,765
36  165  877
36  170  689,782
36  178  155,508
36  179  51,572
36  185  15
36  186  592
36  187  287,831
36  188  234
36  189  216,530,531
36  195  524
36  200  214
36  201  15
36  212  772
36  214  647,671,739,791
36  220  839
36  229  97
36  230  159,215
36  231  485
36  234  135
36  239  94,820
36  247  649
37  7  508,786
37  8  277
37  9  52
37  11  277
37  12  633
37  20  130,140,155
37  25  943
37  26  255,959
37  29  389
37  32  547
37  46  15
37  50  255
37  52  624
37  56  165
37  60  592
37  61  877
37  64  13,839
37  69  127,652,765
37  72  865
37  75  599
37  78  786
37  80  925
37  81  324,349,498
37  88  497,929
37  91  245
37  93  36,815
37  102  621,781,962
37  104  478,600
37  116  353
37  131  140
37  135  350
37  142  637
37  144  252,324,417
37  145  221,375
37  146  624
37  148  680,772
37  151  925
37  154  959
37  155  240
37  161  289,498
37  166  983
37  168  251
37  174  599
37  180  621
37  184  29
37  188  61
37  195  215,429
37  201  277,627
37  213  96,331,389,997
37  214  113
37  216  359,575,952
37  224  97
37  227  603,786
37  231  531
37  235  367,815
37  237  159
37  248  371
37  249  791
38  4  51,840
38  6  367
38  12  245
38  15  331
38  17  215
38  29  353,359
38  30  255,815
38  31  695
38  34  13
38  36  885
38  41  562
38  46  13
38  58  277
38  71  24,615
38  77  717,950,983
38  82  496
38  87  678
38  93  663
38  94  201,929
38  96  252,324
38  120  116
38  124  182
38  126  624
38  127  800,949
38  132  562,916
38  137  791
38  141  899
38  145  135,496,885
38  150  66
38  152  912
38  155  250,660,861
38  168  214,257,786
38  171  572
38  172  460
38  174  94,820
38  176  575,875,952,962
38  177  61,385
38  179  502
38  189  116,140,367,548
38  217  925
38  218  243,279,824
38  226  74,637
38  227  389
38  228  429,621
38  231  982
38  236  206
38  244  94
39  1  94,820
39  2  678
39  13  599,895
39  15  678
39  25  636
39  45  593,600
39  46  61,353
39  48  519,649
39  50  529
39  63  912
39  66  74,637
39  67  706
39  73  94,820
39  79  130,792
39  80  277
39  84  74,553
39  91  359
39  94  389
39  95  371
39  102  289
39  103  519
39  106  556
39  108  865
39  110  393,745,888,916
39  113  417
39  114  94,820
39  115  878
39  127  478
39  128  296,781
39  130  62
39  131  655
39  135  599
39  139  861
39  143  61
39  144  786
39  147  221
39  152  127,497
39  155  682
39  163  500
39  164  223,717,871
39  165  865
39  179  223,871
39  180  592
39  185  527
39  192  600
39  194  911
39  195  371
39  200  972
39  202  678
39  204  182,636
39  205  959
39  209  840
39  211  931
39  212  116,389
39  222  251,661,863
39  228  879
39  231  848
39  233  74,637
39  242  389,527,782
39  245  997
40  12  143,583
40  25  636
40  26  621
40  28  255
40  32  353
40  34  929
40  35  199
40  37  51,727,910
40  47  637
40  48  167
40  49  717
40  50  75,239,765,802
40  53  199
40  56  592
40  58  815
40  61  51
40  64  61,721,846
40  65  885
40  67  155,369,621
40  75  287,831
40  78  680
40  81  600
40  86  234
40  88  307
40  90  912
40  92  277
40  93  925
40  94  240
40  96  289,498,786,997
40  119  289
40  126  498
40  128  234
40  132  417
40  138  599
40  139  624
40  143  519
40  156  859
40  161  535
40  166  360
40  167  925
40  181  371
40  186  369
40  187  127,765
40  189  950,983
40  192  389
40  203  118
40  209  206
40  211  243,279,824
40  216  52
40  221  66,277
40  222  652
40  226  840
40  228  371
40  229  429
40  243  118,269
40  247  680
40  248  500
40  249  255,717
40  250  877
