1  2  490
1  5  519
1  9  519
1  12  646
1  14  997
1  18  109,957
1  22  931
1  23  997
1  30  782,801
1  34  836
1  37  487
1  38  470
1  41  789
1  43  982
1  49  663
1  53  502
1  58  490
1  62  646
1  67  28,877
1  68  156,782
1  69  319,409,663
1  73  319
1  75  663
1  76  663
2  3  801
2  7  519
2  11  519
2  16  646
2  29  109
2  32  808
2  33  519
2  35  519
2  36  808
2  38  562
2  42  991,997
2  46  319
2  56  519
2  60  782
2  65  782
2  70  836
2  72  487
2  78  28,802,877
2  79  899
2  82  808
2  89  522
2  90  802
2  92  519
2  100  290
3  9  700
3  13  519
3  21  808
3  32  519
3  34  692
3  35  319
3  38  801
3  46  727,811
3  49  367
3  56  734
3  57  997
3  58  808
3  63  319
3  64  393,487,870
3  69  371,519,808
3  70  371
3  72  801
3  79  470,600,666,884
3  83  801
3  87  411,454
3  94  789
3  100  725
4  3  28,877
4  4  393,870
4  13  789
4  14  319,320,655
4  20  357
4  21  371
4  22  206,562,808,946
4  24  409
4  31  502
4  35  127
4  37  519
4  42  679
4  47  409,535
4  48  663
4  63  997
4  65  962
4  68  251
4  74  957
4  81  519
4  86  801
4  89  519
5  6  957
5  7  369
5  8  997
5  10  519
5  18  409
5  22  371
5  25  692
5  35  802
5  37  329,734,936
5  44  562
5  45  836
5  47  519
5  48  535,943
5  50  522
5  51  66
5  59  28,877
5  62  692
5  71  28,579,646,877
5  72  801
5  73  621,811
5  82  371,646
5  89  156
5  91  216,490,522
5  94  782
6  3  263,700
6  5  519
6  7  116
6  8  22,684
6  13  319
6  22  733
6  26  22
6  27  109
6  35  470
6  37  997
6  38  319,700
6  39  409
6  40  782
6  44  319
6  52  836
6  55  957
6  68  409,579,962
6  69  371
6  74  519,962
6  75  808
6  76  943
6  80  409
6  86  519
6  90  911
6  91  411,454
6  94  387
6  96  409
7  5  519
7  6  725
7  8  319
7  11  835
7  12  522
7  13  562
7  15  28
7  17  411,454,801
7  20  109,997
7  21  367,824
7  26  221
7  30  28,877
7  34  519,522
7  35  808
7  36  519
7  46  411,454
7  50  957
7  51  319
7  55  519
7  56  10,519
7  62  22
7  63  663
7  70  700
7  72  692,997
7  74  127,201,553,579
7  76  221
7  79  801
7  81  899
7  85  28,519,525,646,877
7  88  290
8  2  734
8  4  679
8  7  487,782
8  12  319
8  13  243,279,824,982
8  26  487
8  34  234
8  36  127,371
8  37  127
8  39  290,650
8  60  22
8  64  782
8  71  367
8  77  207,955
8  80  519
8  84  525
8  85  454
8  86  127,579
8  87  206,562
8  88  519
8  90  219
8  93  411,454
8  96  782
8  97  22,692
9  1  663
9  2  427
9  8  232
9  9  127,429
9  12  516,711
9  17  393,870
9  22  97
9  24  371
9  25  367,522,824
9  29  650
9  31  931
9  36  946
9  38  496
9  42  808
9  46  802
9  48  529,801
9  57  487
9  62  409
9  68  652
9  69  140,289,721,846
9  74  669
9  75  371,943
9  79  300
9  84  454,525
9  86  808
9  94  646
9  96  127,244
9  99  801
10  4  320,655
10  5  127
10  18  525
10  21  579
10  29  22,801
10  37  808
10  38  195,393
10  39  84,522,725
10  41  516,596
10  46  288
10  48  28,877
10  49  535,997
10  54  646
10  55  216,234,679
10  57  801
10  60  962
10  64  962
10  65  201,409,553,579
10  66  66,319,409,775,846,991
10  67  516,596,931
10  71  263,957
10  73  904
10  77  22,801
10  79  519
10  80  502
10  84  22,636
10  85  519
10  91  140
10  94  367
10  95  487,679
11  2  820
11  9  781
11  10  519
11  12  140,470,959
11  14  519,727,811
11  15  522
11  19  663
11  28  290,319,516,596
11  32  127
11  35  727,811
11  43  319
11  49  943
11  50  216
11  53  319,579
11  56  808
11  71  733
11  72  700
11  76  782
11  77  700
11  79  261,895
11  80  789
11  84  319,387,692,991,997
11  95  646
11  96  808
11  97  44,469,519
11  99  700
12  1  206,562
12  3  15,575,952
12  17  700
12  19  621
12  21  289
12  24  722
12  26  782
12  37  216,234
12  43  727,811
12  53  727,811
12  58  409
12  59  263
12  67  319
12  71  216,234
12  73  743
12  75  663
12  81  808
12  83  487
12  94  71
12  96  519,962
13  2  206
13  5  195,393,808
13  7  195,393
13  15  263
13  17  263
13  20  290
13  21  398
13  27  621
13  29  84
13  31  946
13  37  429,684
13  41  454,722
13  45  234
13  50  22,717,949
13  52  801
13  61  502
13  69  782,943
13  72  393,870
13  74  369
13  76  300,808
13  79  201
13  82  289
13  84  727,811
13  87  387
13  88  835
13  89  116
13  91  387,646
14  12  519
14  18  371
14  20  684
14  21  94,820
14  24  721,846
14  29  190,296,422
14  30  263
14  31  127
14  34  290
14  37  579
14  40  487
14  43  319
14  47  959
14  48  398,472
14  51  519,727,811
14  58  371
14  79  982
14  80  357,835
14  81  808
14  82  367
14  92  232,801
14  95  562
14  97  519
15  10  127
15  12  127
15  16  109,232
15  21  579
15  34  725
15  39  427
15  42  802
15  46  22
15  49  684,801
15  50  116
15  52  234,700
15  60  201,553,579
15  66  519
15  69  636,801
15  78  290,911
15  80  409
15  81  387
15  89  519
15  90  156
15  91  116,646
15  92  363
15  97  398
16  5  201,553,579
16  10  127,525,801
16  11  207,955
16  13  727,811
16  16  522
16  22  289
16  23  684
16  24  398,801
16  30  700
16  34  427
16  35  982
16  36  700,808
16  38  329,375,936
16  45  216,234
16  52  646
16  53  663,991,997
16  65  669
16  66  195,393,835
16  68  371
16  74  753
16  77  127,429
16  79  490,609
16  91  22,717,949
16  92  22
16  93  409
16  94  962
17  5  519,669
17  9  808
17  15  575,943
17  40  808,997
17  42  371
17  45  120,263,500,594
17  50  525
17  61  470
17  66  206,562
17  78  263
17  80  454,722
17  81  609
17  86  187
17  94  519
17  97  327,671
17  99  127,429
18  5  835
18  10  319,409
18  11  808
18  18  454
18  20  621
18  27  387,522
18  28  725
18  32  371,808
18  35  429
18  36  15
18  46  496
18  47  127
18  48  232
18  49  636
18  62  371
18  63  946
18  66  371
18  69  140,938
18  72  22,997
18  73  802
18  74  367
18  79  835
18  88  692,725
18  91  367
18  92  519,700
18  94  127,201,553,579
18  96  519
19  8  623,846
19  9  127,429
19  17  263
19  21  140
19  28  727,811
19  31  808
19  34  206
19  42  209
19  45  575,952
19  55  209
19  57  319,911
19  58  289,371
19  67  263
19  68  721,846
19  75  636
20  5  429
20  7  206,562,579,734
20  8  496,529
20  10  371,727,808,811
20  12  700
20  17  801
20  19  243,743,801
20  28  320,655
20  31  877,957
20  39  371
20  55  500
20  60  669
20  62  409
20  63  943
20  72  15
20  79  198,820
20  80  904
20  81  198,820
20  89  29,251
20  90  251,692,700
20  96  429
20  97  127,502
21  4  621
21  11  839
21  14  472
21  24  938
21  25  398
21  33  801
21  34  116
21  38  15,135,813
21  47  371,490
21  49  700
21  50  319
21  52  367
21  61  207,955
21  70  120,594
21  78  575,952
21  94  429,669,885
22  1  943
22  12  496
22  13  496
22  15  116,801
22  16  116,519,621
22  20  190,296,422
22  23  243
22  25  519
22  27  116
22  31  727,811
22  33  692
22  35  627
22  40  522
22  42  911
22  45  187
22  52  692
22  63  877
22  79  839
22  84  782
22  85  782
22  91  360,754
22  100  727,811
23  8  63,216,711
23  12  367
23  15  232
23  22  140
23  28  427
23  31  206,562
23  40  519
23  53  130
23  54  367
23  56  488,865
23  60  753
23  61  232,375
23  64  22
23  70  290
23  71  575,952
23  72  15
23  74  288
23  75  140
23  78  725
23  85  839
23  86  519,801
23  89  127
23  92  524
23  95  367
23  100  427
24  2  10
24  6  562
24  8  519
24  11  232
24  12  835
24  18  621
24  24  530,531,621
24  25  835
24  27  94,820
24  29  700
24  30  522
24  38  485
24  48  859
24  50  959
24  57  700
24  62  371
24  73  195,393,496
24  74  66
24  84  946
24  88  427
24  94  263
24  96  669
25  1  946
25  3  52,621
25  12  94,429,820
25  17  387
25  19  553,700
25  20  725
25  22  393,870
25  28  579
25  30  15
25  33  700
25  34  429
25  35  496
25  37  500
25  39  243,635,721,846
25  42  140,627
25  43  496
25  44  22,808
25  46  387
25  47  808
25  48  232,398
25  52  398
25  54  579,733
25  56  22,763
25  58  140,721,846
25  62  307
25  64  371
25  65  371,753
25  73  553
25  77  781
25  79  700
25  84  360,754
25  89  490,808
25  90  22,689
25  96  753
25  99  781
26  4  244
26  5  371,839
26  12  97
26  14  244
26  19  15
26  31  216,234,496
26  33  429
26  36  243
26  43  66
26  53  943
26  54  307
26  56  371
26  62  525
26  65  367
26  67  727,811
26  69  646
26  73  911
26  81  146,527
26  85  575,801,952
26  87  393,487,870
26  90  911
26  92  490,955
26  93  243,519
26  94  692,733
26  96  187,367,371
26  100  496
27  6  216,234
27  11  429
27  13  22
27  18  801
27  21  187,307
27  28  251,529
27  29  15,502
27  47  429,801
27  50  319,911,997
27  61  36
27  62  367,454,991,997
27  69  530,531,621
27  77  522
27  78  320
27  79  15,251
27  97  689,808,859
28  6  427
28  13  71,929
28  19  320,655
28  34  371,700
28  44  204,429
28  46  525
28  66  700
28  82  140
28  83  700
28  84  496
28  85  273,700
28  88  206
28  91  733
29  10  429,808
29  11  284
29  12  371
29  13  130,502
29  23  319
29  26  929
29  28  206,727,811
29  31  371
29  32  289
29  34  140,326,859
29  35  130
29  40  263
29  48  263,636,846,957
29  50  727,811
29  52  120,594,733
29  70  232,289
29  72  216,711
29  76  429
29  77  369
29  93  300,519
29  97  357
30  1  263
30  2  20,741
30  9  263
30  11  371,519
30  17  679,700
30  18  938
30  21  100,239
30  22  63
30  27  957
30  31  130
30  32  300
30  37  371
30  45  557
30  48  859
30  50  496
30  57  15
30  60  782
30  62  502,877
30  64  782
30  66  206,562
30  72  63,859
30  82  733
30  87  28,63,679,877
30  93  371
30  94  398
30  97  429,835
31  2  519
31  10  700
31  16  320,655
31  17  575,621,952
31  20  427
31  21  859
31  27  190,296,422
31  28  166,245,320,663
31  30  52,116,859
31  40  116,575,952,962
31  48  216,234,700
31  51  496
31  52  15
31  53  140,326
31  56  808
31  60  367
31  62  782
31  74  371
31  80  94,820
31  84  130
31  89  429
31  95  562,943
32  5  839
32  10  429
32  16  94,244,273,820
32  17  15
32  19  244,943
32  31  232
32  32  140,165
32  49  636
32  55  733,808
32  56  243
32  64  263,621,669
32  67  496
32  70  519
32  72  782
32  76  165,562
32  82  97
32  85  496
32  95  209,733
32  97  429,839
33  4  206,562,679
33  7  839
33  8  15,130
33  12  15
33  14  684
33  20  206,623,846
33  22  997
33  34  116
33  38  779
33  46  130
33  47  71
33  59  575,952
33  60  950,983
33  62  97
33  71  500
33  76  371,636
33  78  206
33  86  835
33  90  500,627
33  94  52
33  97  371,904
34  5  140
34  9  808
34  14  496
34  18  29
34  23  496
34  29  243,635
34  30  962
34  32  429
34  34  243
34  35  813
34  37  779
34  40  94,820
34  46  911
34  47  263
34  49  579,733
34  52  636,831
34  55  429
34  63  562
34  65  950,983
34  81  300
34  84  398
34  86  700
34  87  263,669
34  88  166,245,320
34  92  232
34  93  721,846
34  94  97
34  96  243,279,824
34  100  206
35  6  500
35  10  15
35  14  130
35  15  15,490
35  20  904
35  23  130
35  25  116,839
35  29  219
35  36  28,896
35  41  263
35  47  684
35  48  519
35  49  97,563
35  51  130
35  56  429
35  58  100,239
35  61  135
35  64  753
35  68  669
35  74  500
35  77  871,888
35  87  753,997
35  88  700
35  92  808
35  99  369
36  9  429,575,952
36  11  277
36  18  500
36  27  29
36  29  243,692
36  32  100,239
36  36  429
36  39  490
36  40  839
36  43  130
36  45  946
36  49  684
36  50  627
36  52  797
36  56  153
36  58  959
36  59  52
36  63  636
36  66  15,522,839
36  67  575,952
36  72  734
36  75  100,239,943
36  77  116,959
36  79  813
36  80  885
36  81  198,764
36  87  360,367,754
36  93  801
36  94  360,754
37  7  307
37  10  721,846
37  19  636
37  20  29
37  28  496
37  33  398
37  34  636,831
37  37  959
37  41  52
37  46  782
37  57  496
37  64  367
37  65  721,846
37  69  839
37  70  636,831
37  78  245,320
37  87  734
37  93  938
37  96  808
37  97  371,959
38  1  575,952
38  15  94,820
38  17  15,209
38  27  360,754
38  36  877
38  40  140
38  45  877
38  49  307
38  64  289
38  68  753
38  71  557
38  76  929
38  83  127
38  87  209
38  88  15,859
38  93  387,422
38  95  97
38  96  244,371,950,983
39  1  636,877
39  6  779
39  7  288
39  9  371
39  14  839
39  29  22
39  31  500
39  33  859
39  47  530,531,621
39  64  140
39  67  52
39  68  557
39  69  187,496
39  71  97
39  78  209
39  79  146,527
39  84  454
39  87  950,983
39  89  94,371,652,820
40  8  997
40  12  135,610
40  22  877
40  28  130,201,244,307,496,899
40  34  15
40  38  130
40  45  797
40  48  15,52
40  55  997
40  56  371
40  61  519
40  67  579
40  83  734,781
40  84  859
40  86  15,789
40  89  490
40  90  627
40  91  97
40  92  429
40  93  360,530,531,621,754
