1  2  490
1  5  519
1  9  519
1  12  646
1  14  997
1  18  109,957
1  22  931
1  23  997
1  30  782,801
1  34  836
1  37  487
1  38  470
1  41  789
1  43  982
1  49  663
1  53  502
1  58  490
1  62  646
1  67  28,877
1  68  156,782
1  69  319,409,663
1  73  319
1  75  663
1  76  663
1  106  733,797
1  111  782
1  113  519
1  115  801
1  118  367,824
1  124  808
1  125  621,646
1  126  519
1  127  519
1  128  300
1  133  290,319,320,522,655
1  141  562
1  143  997
1  148  663
1  150  470
1  153  357
1  159  801,997
1  161  502
1  169  646
1  174  808
1  178  801
1  179  519
1  181  782
1  182  156,782
1  187  525,646
1  190  519
1  196  319,522
1  200  319
1  201  28,877
1  208  470,692
1  211  646
1  213  522
1  215  997
1  218  782,836
1  227  997
1  236  692
1  241  692
1  242  519
1  246  516,596
1  248  319,579
2  3  801
2  7  519
2  11  519
2  16  646
2  29  109
2  32  808
2  33  519
2  35  519
2  36  808
2  38  562
2  42  991,997
2  46  319
2  56  519
2  60  782
2  65  782
2  70  836
2  72  487
2  78  28,802,877
2  79  899
2  82  808
2  89  522
2  90  802
2  92  519
2  100  290
2  106  367
2  107  836
2  110  156,519
2  113  393,870
2  117  367
2  120  679
2  122  369,522
2  124  522
2  131  519
2  139  525,997
2  140  357,782
2  142  946
2  147  522
2  149  739
2  150  140
2  151  156,522
2  154  319,357,679
2  156  502,519
2  157  470
2  163  329,936
2  164  470
2  167  782
2  168  692
2  179  319
2  184  782
2  185  899
2  189  646
2  192  562
2  197  357
2  198  409
2  201  487
2  205  529
2  214  802
2  215  28,877
2  216  997
2  228  692
2  231  319,519
2  234  369,490
2  237  579
2  241  802
2  247  808
3  9  700
3  13  519
3  21  808
3  32  519
3  34  692
3  35  319
3  38  801
3  46  727,811
3  49  367
3  56  734
3  57  997
3  58  808
3  63  319
3  64  393,487,870
3  69  371,519,808
3  70  371
3  72  801
3  79  470,600,666,884
3  83  801
3  87  411,454
3  94  789
3  100  725
3  104  519
3  105  519
3  107  522
3  112  663
3  114  207,946,955
3  125  663,743
3  147  801
3  148  409,836
3  149  319
3  151  802
3  155  409,782
3  161  496
3  163  206,234,562,779,899
3  164  274,443,673
3  173  28,371,877
3  174  66
3  176  522
3  180  490
3  185  600,666,884
3  192  802
3  194  502,789
3  203  802
3  204  663
3  206  801
3  208  109
3  214  319
3  227  156
3  233  319
3  235  109
3  237  187
3  241  525,529,802
3  242  371
3  247  371
3  248  522
3  249  519
4  3  28,877
4  4  393,870
4  13  789
4  14  319,320,655
4  20  357
4  21  371
4  22  206,562,808,946
4  24  409
4  31  502
4  35  127
4  37  519
4  42  679
4  47  409,535
4  48  663
4  63  997
4  65  962
4  68  251
4  74  957
4  81  519
4  86  801
4  89  519
4  103  319,522
4  108  109
4  109  959
4  116  487
4  120  782
4  126  579
4  137  290,357,409
4  138  470
4  141  646
4  149  251
4  151  251
4  158  899
4  160  836
4  161  290
4  164  84
4  167  290
4  168  519
4  174  371
4  175  808
4  185  727,811
4  191  409
4  198  519
4  200  663
4  204  195,393,535
4  218  234,962
4  234  801
4  235  519,522,621
4  239  470
4  243  409
5  6  957
5  7  369
5  8  997
5  10  519
5  18  409
5  22  371
5  25  692
5  35  802
5  37  329,734,936
5  44  562
5  45  836
5  47  519
5  48  535,943
5  50  522
5  51  66
5  59  28,877
5  62  692
5  71  28,579,646,877
5  72  801
5  73  621,811
5  82  371,646
5  89  156
5  91  216,490,522
5  94  782
5  103  290
5  111  962
5  115  700,808
5  131  206,562
5  132  782,801
5  137  725,801
5  139  991,997
5  145  931
5  146  319
5  148  516,596
5  149  251,522
5  155  371
5  157  319
5  161  519
5  175  371
5  176  579
5  180  290
5  192  911
5  200  487,943
5  203  320,655
5  207  109,319
5  209  393,870,946
5  210  470,522
5  212  957
5  213  221
5  218  201,553,579
5  223  140
5  229  66,782
5  232  997
5  234  692
5  237  244
5  246  519
6  3  263,700
6  5  519
6  7  116
6  8  22,684
6  13  319
6  22  733
6  26  22
6  27  109
6  35  470
6  37  997
6  38  319,700
6  39  409
6  40  782
6  44  319
6  52  836
6  55  957
6  68  409,579,962
6  69  371
6  74  519,962
6  75  808
6  76  943
6  80  409
6  86  519
6  90  911
6  91  411,454
6  94  387
6  96  409
6  102  519,692
6  105  371
6  108  300
6  109  319
6  112  22,943
6  123  646
6  133  727,811
6  139  375
6  143  516,596
6  154  904
6  157  727,811,997
6  161  127,130,320,655,908
6  162  519,802
6  168  522
6  179  727,811
6  180  522,725,801
6  186  782
6  190  127
6  192  22
6  196  116
6  197  646
6  199  367,522,692,824
6  203  357
6  208  375
6  210  375
6  215  946
6  218  669
6  225  519,801
6  228  232
6  229  290,516,596,962
6  231  496
6  234  522
6  241  734
6  243  300,371
6  249  22
7  5  519
7  6  725
7  8  319
7  11  835
7  12  522
7  13  562
7  15  28
7  17  411,454,801
7  20  109,997
7  21  367,824
7  26  221
7  30  28,877
7  34  519,522
7  35  808
7  36  519
7  46  411,454
7  50  957
7  51  319
7  55  519
7  56  10,519
7  62  22
7  63  663
7  70  700
7  72  692,997
7  74  127,201,553,579
7  76  221
7  79  801
7  81  899
7  85  28,519,525,646,877
7  88  290
7  101  519
7  113  579,786
7  116  516,596
7  119  535,562
7  125  733
7  127  409
7  136  393,870
7  144  957
7  149  652
7  151  646
7  160  234,371
7  166  319
7  171  997
7  173  263
7  181  357
7  189  522,525
7  195  454,502,722
7  197  109,219
7  201  274,367,443,673,824
7  202  519
7  205  522
7  212  646
7  216  243
7  219  562
7  220  808
7  225  700
7  228  522
7  248  496
8  2  734
8  4  679
8  7  487,782
8  12  319
8  13  243,279,824,982
8  26  487
8  34  234
8  36  127,371
8  37  127
8  39  290,650
8  60  22
8  64  782
8  71  367
8  77  207,955
8  80  519
8  84  525
8  85  454
8  86  127,579
8  87  206,562
8  88  519
8  90  219
8  93  411,454
8  96  782
8  97  22,692
8  102  398
8  103  727,811
8  105  127
8  109  263,801
8  110  459
8  113  519,808
8  116  808
8  128  22
8  130  802
8  133  127,725,820
8  137  427,700
8  143  997
8  155  519
8  156  263
8  163  470,502
8  165  522
8  167  201,553,579
8  168  485,646
8  176  319
8  178  700
8  184  962
8  196  22
8  198  721,846
8  206  357,700
8  209  519
8  215  684
8  221  802,946
8  228  232
8  233  519
8  245  522
8  246  109
9  1  663
9  2  427
9  8  232
9  9  127,429
9  12  516,711
9  17  393,870
9  22  97
9  24  371
9  25  367,522,824
9  29  650
9  31  931
9  36  946
9  38  496
9  42  808
9  46  802
9  48  529,801
9  57  487
9  62  409
9  68  652
9  69  140,289,721,846
9  74  669
9  75  371,943
9  79  300
9  84  454,525
9  86  808
9  94  646
9  96  127,244
9  99  801
9  102  663
9  110  949
9  114  522,801
9  115  371
9  120  470
9  124  393,870,997
9  128  946
9  131  782
9  139  243
9  144  801,943
9  159  409
9  161  470,808,959
9  162  28,243,279,824,877,946
9  169  820
9  173  725
9  187  739
9  188  409
9  189  519
9  199  519
9  205  525,663
9  209  739
9  211  127
9  219  962
9  234  522
9  247  596
9  249  22,409,835
10  4  320,655
10  5  127
10  18  525
10  21  579
10  29  22,801
10  37  808
10  38  195,393
10  39  84,522,725
10  41  516,596
10  46  288
10  48  28,877
10  49  535,997
10  54  646
10  55  216,234,679
10  57  801
10  60  962
10  64  962
10  65  201,409,553,579
10  66  66,319,409,775,846,991
10  67  516,596,931
10  71  263,957
10  73  904
10  77  22,801
10  79  519
10  80  502
10  84  22,636
10  85  519
10  91  140
10  94  367
10  95  487,679
10  115  997
10  118  290,487
10  119  472
10  121  957
10  127  371
10  145  519
10  146  409
10  148  234
10  158  646
10  159  700
10  163  120,594
10  166  801
10  167  669
10  171  221
10  193  801
10  195  700
10  197  28,877,957
10  203  997
10  204  472,646
10  210  251
10  212  393,870
10  218  496
10  222  836
10  225  127,216
10  229  669
10  235  66,116,519
10  237  140
10  238  782
10  240  207,320,655,955
10  241  398
10  245  371
10  250  490,997
11  2  820
11  9  781
11  10  519
11  12  140,470,959
11  14  519,727,811
11  15  522
11  19  663
11  28  290,319,516,596
11  32  127
11  35  727,811
11  43  319
11  49  943
11  50  216
11  53  319,579
11  56  808
11  71  733
11  72  700
11  76  782
11  77  700
11  79  261,895
11  80  789
11  84  319,387,692,991,997
11  95  646
11  96  808
11  97  44,469,519
11  99  700
11  101  836
11  109  525
11  111  201,553,579
11  113  127
11  114  522
11  122  156
11  123  329,692,936
11  124  319,684
11  126  782
11  133  522
11  134  957
11  141  409
11  147  700,789
11  148  22,371,727,811
11  151  367
11  152  899
11  159  15,997
11  162  263
11  166  525,789
11  174  289
11  176  727,811
11  177  109
11  178  127,429
11  184  201,553,579
11  185  609
11  189  127
11  194  251
11  202  127
11  205  470
11  212  904
11  214  207,955
11  216  692
11  217  692
11  222  36,959
11  230  801
11  232  502,684
11  235  835
11  243  808
11  244  519,646
12  1  206,562
12  3  15,575,952
12  17  700
12  19  621
12  21  289
12  24  722
12  26  782
12  37  216,234
12  43  727,811
12  53  727,811
12  58  409
12  59  263
12  67  319
12  71  216,234
12  73  743
12  75  663
12  81  808
12  83  487
12  94  71
12  96  519,962
12  102  997
12  118  725
12  123  367
12  133  808
12  134  782
12  135  156,646
12  139  187,243,454
12  143  519
12  145  290
12  146  663
12  158  367,808
12  160  289
12  169  243
12  173  427
12  178  781,789
12  179  28,877
12  180  427
12  183  946
12  198  127,522,801
12  199  398
12  203  300,911
12  207  734
12  212  22
12  214  727,811
12  222  234
12  226  300
12  242  243
12  247  529
13  2  206
13  5  195,393,808
13  7  195,393
13  15  263
13  17  263
13  20  290
13  21  398
13  27  621
13  29  84
13  31  946
13  37  429,684
13  41  454,722
13  45  234
13  50  22,717,949
13  52  801
13  61  502
13  69  782,943
13  72  393,870
13  74  369
13  76  300,808
13  79  201
13  82  289
13  84  727,811
13  87  387
13  88  835
13  89  116
13  91  387,646
13  103  496
13  105  808
13  111  669
13  112  835
13  113  808
13  114  516,596
13  115  743
13  122  801
13  124  516,579,596,786
13  128  802
13  131  243,279,824,957
13  138  529,650
13  143  931
13  146  808
13  150  646
13  152  931
13  153  646
13  157  982
13  165  957
13  169  367
13  171  522
13  172  957
13  174  140
13  175  140,320,655
13  181  962
13  186  692
13  188  371
13  191  371
13  200  15,636
13  201  739
13  202  808
13  213  519
13  218  753
13  221  369,525
13  224  319,490
13  226  519,522
13  234  931
13  237  522
13  241  454
13  242  28,127,663,877
13  243  371
13  244  516,596,808
13  246  127
13  250  470,684
14  12  519
14  18  371
14  20  684
14  21  94,820
14  24  721,846
14  29  190,296,422
14  30  263
14  31  127
14  34  290
14  37  579
14  40  487
14  43  319
14  47  959
14  48  398,472
14  51  519,727,811
14  58  371
14  79  982
14  80  357,835
14  81  808
14  82  367
14  92  232,801
14  95  562
14  97  519
14  102  859
14  107  156
14  115  15,553
14  116  319,371
14  118  490
14  122  525
14  124  22
14  128  911
14  131  156
14  134  371
14  144  522,997
14  146  371,727,811
14  147  116,319
14  149  201,496
14  151  652
14  152  206,327,562,671
14  157  519
14  161  429
14  168  393,870
14  169  946
14  171  219
14  175  244
14  226  502
14  228  116
14  233  835
14  237  734
14  238  319
14  248  116,802
14  249  519,522
15  10  127
15  12  127
15  16  109,232
15  21  579
15  34  725
15  39  427
15  42  802
15  46  22
15  49  684,801
15  50  116
15  52  234,700
15  60  201,553,579
15  66  519
15  69  636,801
15  78  290,911
15  80  409
15  81  387
15  89  519
15  90  156
15  91  116,646
15  92  363
15  97  398
15  109  575,700,952
15  112  636
15  121  216,234,579
15  132  700
15  136  522
15  140  519
15  141  519
15  142  369
15  144  500,684
15  159  684
15  162  911
15  166  454
15  168  398
15  172  319
15  177  722
15  179  689
15  181  997
15  186  519
15  187  109,727,811
15  192  357
15  205  116
15  206  700
15  215  579
15  219  109
15  220  371
15  227  684
15  238  663
15  239  646
15  243  801
15  246  409,535
15  247  319
15  249  371
16  5  201,553,579
16  10  127,525,801
16  11  207,955
16  13  727,811
16  16  522
16  22  289
16  23  684
16  24  398,801
16  30  700
16  34  427
16  35  982
16  36  700,808
16  38  329,375,936
16  45  216,234
16  52  646
16  53  663,991,997
16  65  669
16  66  195,393,835
16  68  371
16  74  753
16  77  127,429
16  79  490,609
16  91  22,717,949
16  92  22
16  93  409
16  94  962
16  110  727,811
16  117  319,733
16  118  206
16  120  375
16  122  290
16  125  209,943
16  132  84,201,553,579
16  140  725
16  141  127,371
16  146  371
16  148  782
16  151  911
16  166  700
16  175  320,655
16  184  669
16  187  931
16  188  646
16  192  153
16  209  127
16  216  801,802
16  217  290
16  227  579
16  232  387,646,991,997
16  236  801
16  243  938
16  247  300
16  248  997
16  249  502
17  5  519,669
17  9  808
17  15  575,943
17  40  808,997
17  42  371
17  45  120,263,500,594
17  50  525
17  61  470
17  66  206,562
17  78  263
17  80  454,722
17  81  609
17  86  187
17  94  519
17  97  327,671
17  99  127,429
17  110  251
17  111  753
17  113  429
17  114  116
17  126  127,187
17  136  63
17  141  801
17  143  579
17  144  367
17  150  375
17  156  127,206,562
17  163  579,663
17  166  490
17  167  725
17  169  502
17  170  319
17  179  263,496
17  180  957
17  181  201,553,579,684
17  184  753
17  185  198,820
17  188  371
17  198  808
17  203  263
17  208  319
17  210  201
17  211  127,367
17  219  201,553,579
17  221  911
17  223  371,646
17  225  781
17  227  207,375,955
17  228  519
17  229  427
17  232  36,360,754
17  233  727,811
17  236  357
17  239  28,877
17  241  911
17  244  367,808
17  247  779
17  248  219
18  5  835
18  10  319,409
18  11  808
18  18  454
18  20  621
18  27  387,522
18  28  725
18  32  371,808
18  35  429
18  36  15
18  46  496
18  47  127
18  48  232
18  49  636
18  62  371
18  63  946
18  66  371
18  69  140,938
18  72  22,997
18  73  802
18  74  367
18  79  835
18  88  692,725
18  91  367
18  92  519,700
18  94  127,201,553,579
18  96  519
18  114  22,931
18  118  522
18  123  219
18  125  97
18  131  393,870
18  145  835
18  148  525
18  149  251
18  153  801
18  159  684
18  160  529
18  164  375
18  175  398
18  177  621
18  185  496
18  203  775,846,991
18  205  899
18  206  781
18  209  808
18  210  116
18  220  289
18  223  946
18  237  557
18  241  904
19  8  623,846
19  9  127,429
19  17  263
19  21  140
19  28  727,811
19  31  808
19  34  206
19  42  209
19  45  575,952
19  55  209
19  57  319,911
19  58  289,371
19  67  263
19  68  721,846
19  75  636
19  101  835
19  102  839
19  109  52
19  115  684
19  116  734
19  118  166,245,320
19  124  116
19  126  808
19  129  997
19  130  22
19  135  802
19  139  646,650
19  140  427,663
19  141  997
19  145  519
19  156  562
19  162  700
19  164  300
19  166  15
19  170  522
19  171  684,997
19  177  22,71
19  180  206
19  193  700
19  194  28,877
19  196  153,319,496
19  208  957
19  209  429,579,786
19  212  801
19  214  911,997
19  225  369,490,808
19  228  519
19  230  700
19  237  10
19  240  663
19  250  156
20  5  429
20  7  206,562,579,734
20  8  496,529
20  10  371,727,808,811
20  12  700
20  17  801
20  19  243,743,801
20  28  320,655
20  31  877,957
20  39  371
20  55  500
20  60  669
20  62  409
20  63  943
20  72  15
20  79  198,820
20  80  904
20  81  198,820
20  89  29,251
20  90  251,692,700
20  96  429
20  97  127,502
20  102  22,636
20  104  982
20  122  700
20  143  156
20  145  156
20  153  957
20  167  753
20  169  742
20  170  22,140
20  174  946
20  176  557
20  177  525
20  179  263
20  185  130
20  186  962
20  188  289
20  192  877
20  199  516,711
20  202  429
20  204  943
20  207  801
20  218  646
20  220  470,535,663
20  231  130
20  234  116
20  240  244,734
21  4  621
21  11  839
21  14  472
21  24  938
21  25  398
21  33  801
21  34  116
21  38  15,135,813
21  47  371,490
21  49  700
21  50  319
21  52  367
21  61  207,955
21  70  120,594
21  78  575,952
21  94  429,669,885
21  101  234
21  103  911
21  105  429
21  114  232,519
21  126  997
21  128  165,522
21  131  63,216,234,859
21  134  216,234,962
21  137  663
21  138  516,596
21  139  84
21  145  251,725
21  151  733
21  152  600,666,689,884
21  156  808
21  157  991,997
21  159  519
21  171  487,684
21  174  877
21  175  244
21  188  66,367,721,846
21  190  808
21  193  487
21  196  22,717,949
21  201  263
21  212  367,700
21  213  127
21  216  684
21  217  522
21  224  519
21  225  871,888
21  233  496
21  236  398
21  239  375
22  1  943
22  12  496
22  13  496
22  15  116,801
22  16  116,519,621
22  20  190,296,422
22  23  243
22  25  519
22  27  116
22  31  727,811
22  33  692
22  35  627
22  40  522
22  42  911
22  45  187
22  52  692
22  63  877
22  79  839
22  84  782
22  85  782
22  91  360,754
22  100  727,811
22  117  727,811
22  123  779
22  125  553,636
22  126  429
22  133  94,820
22  137  904
22  139  393,870
22  140  127
22  145  427
22  147  71,327,671
22  148  579,621
22  150  727,859
22  152  393,609,870,959
22  153  904
22  154  496
22  160  120,594
22  173  575,952
22  179  52
22  186  201,553,579
22  187  855
22  192  357
22  193  734
22  194  320,655
22  199  835
22  202  371,789
22  204  519
22  205  357
22  214  627
22  215  187,216,700,711
22  217  398
22  219  22
22  222  519
22  230  127,429
22  236  775,846,991
22  238  859,943
22  242  263
22  247  575,779,952
22  250  251,375,522
23  8  63,216,711
23  12  367
23  15  232
23  22  140
23  28  427
23  31  206,562
23  40  519
23  53  130
23  54  367
23  56  488,865
23  60  753
23  61  232,375
23  64  22
23  70  290
23  71  575,952
23  72  15
23  74  288
23  75  140
23  78  725
23  85  839
23  86  519,801
23  89  127
23  92  524
23  95  367
23  100  427
23  108  519
23  109  727,811
23  117  496
23  120  502
23  123  692,802
23  130  911
23  139  679
23  147  959
23  163  367,609
23  164  135
23  165  357
23  166  496,734
23  175  579
23  177  522
23  180  116,166,245,320
23  182  623
23  189  116,808
23  194  579
23  211  808
23  212  502,733
23  223  721,846,877
23  226  127
23  234  116,700
23  235  127,190,290,296,422
23  242  289,519
24  2  10
24  6  562
24  8  519
24  11  232
24  12  835
24  18  621
24  24  530,531,621
24  25  835
24  27  94,820
24  29  700
24  30  522
24  38  485
24  48  859
24  50  959
24  57  700
24  62  371
24  73  195,393,496
24  74  66
24  84  946
24  88  427
24  94  263
24  96  669
24  102  500
24  103  116
24  110  689
24  111  367
24  118  52,734
24  124  140
24  127  721,846
24  131  500
24  147  15
24  149  192,955
24  151  22
24  155  319,801
24  157  684
24  158  371
24  159  127
24  163  198,820
24  168  288,808,877
24  171  692
24  175  140
24  181  669
24  195  991
24  205  904,957
24  208  621
24  209  109
24  213  522
24  216  28,896
24  217  859
24  218  519
24  220  563
24  223  801
24  224  127
24  228  94,820
24  229  166
24  235  725
24  239  263
25  1  946
25  3  52,621
25  12  94,429,820
25  17  387
25  19  553,700
25  20  725
25  22  393,870
25  28  579
25  30  15
25  33  700
25  34  429
25  35  496
25  37  500
25  39  243,635,721,846
25  42  140,627
25  43  496
25  44  22,808
25  46  387
25  47  808
25  48  232,398
25  52  398
25  54  579,733
25  56  22,763
25  58  140,721,846
25  62  307
25  64  371
25  65  371,753
25  73  553
25  77  781
25  79  700
25  84  360,754
25  89  490,808
25  90  22,689
25  96  753
25  99  781
25  109  15
25  114  243,279,824
25  116  289,727,811
25  121  187
25  123  733
25  124  782
25  129  684
25  136  116,579,786
25  137  15
25  139  243,635
25  140  859
25  141  367
25  143  127
25  157  636,813
25  160  140
25  163  502,636,831
25  166  692
25  176  496
25  177  190,296,422
25  179  575,835,952
25  180  929
25  186  801
25  187  733
25  195  411,454
25  206  369
25  208  190,296,422,931
25  209  371
25  214  232
25  218  835
25  219  153
25  226  808
25  232  156
25  235  427,700
25  243  502
25  244  307,371
25  246  307
26  4  244
26  5  371,839
26  12  97
26  14  244
26  19  15
26  31  216,234,496
26  33  429
26  36  243
26  43  66
26  53  943
26  54  307
26  56  371
26  62  525
26  65  367
26  67  727,811
26  69  646
26  73  911
26  81  146,527
26  85  575,801,952
26  87  393,487,870
26  90  911
26  92  490,955
26  93  243,519
26  94  692,733
26  96  187,367,371
26  100  496
26  107  116
26  113  692
26  116  140
26  130  836
26  133  94,820
26  134  289,369
26  137  206
26  138  84
26  139  579,623,786,846
26  147  689
26  150  496
26  154  209
26  155  808
26  156  63
26  161  36
26  176  116
26  180  94,820
26  182  859
26  186  398,669
26  187  496
26  191  801
26  197  692
26  208  135
26  211  733,808,859
26  212  621
26  216  398,959,997
26  217  997
26  227  187
26  233  398
26  239  367
26  245  721,846
26  246  733,808
26  247  663
26  248  22,562,820
26  250  579,652
27  6  216,234
27  11  429
27  13  22
27  18  801
27  21  187,307
27  28  251,529
27  29  15,502
27  47  429,801
27  50  319,911,997
27  61  36
27  62  367,454,991,997
27  69  530,531,621
27  77  522
27  78  320
27  79  15,251
27  97  689,808,859
27  101  120,594
27  104  519
27  106  195,393
27  128  627,877
27  139  329,936
27  143  251
27  146  207,955
27  148  307
27  150  610
27  153  700
27  154  371,775,846,991
27  158  251
27  161  711,786
27  162  52,808
27  187  243,454,522
27  188  140
27  194  307,991,997
27  196  204
27  197  367
27  198  429
27  206  727,811
27  218  367,636,831
27  224  808
27  225  253,369,835
27  226  94,820
27  227  135
27  230  781
27  233  516,711
27  235  839
27  240  10,943
27  244  289
27  245  116
28  6  427
28  13  71,929
28  19  320,655
28  34  371,700
28  44  204,429
28  46  525
28  66  700
28  82  140
28  83  700
28  84  496
28  85  273,700
28  88  206
28  91  733
28  102  502
28  104  127
28  108  522,621
28  114  15
28  119  22,904
28  126  127
28  127  525
28  128  116
28  132  320,655
28  136  621
28  137  775,991
28  139  201
28  143  307
28  146  232,496
28  147  496
28  148  496
28  153  232
28  155  201,553,579
28  156  36
28  160  636,831
28  163  393,870
28  173  393,870
28  175  307
28  179  839
28  189  367
28  197  263
28  198  116
28  201  84
28  203  684
28  205  375
28  207  727,811
28  209  855
28  210  135,621
28  214  519,623,846
28  217  156,427,470
28  225  429
28  226  36
28  229  753
28  239  243,367,733
28  240  946
28  241  911
28  243  289,530,531,621
28  249  692
29  10  429,808
29  11  284
29  12  371
29  13  130,502
29  23  319
29  26  929
29  28  206,727,811
29  31  371
29  32  289
29  34  140,326,859
29  35  130
29  40  263
29  48  263,636,846,957
29  50  727,811
29  52  120,594,733
29  70  232,289
29  72  216,711
29  76  429
29  77  369
29  93  300,519
29  97  357
29  104  808
29  113  429
29  115  140
29  120  127
29  121  206,398,562
29  126  371
29  128  94,782,820
29  132  753
29  133  206,470,496,562
29  135  367
29  143  621
29  146  289,519
29  155  429
29  157  623,839,846
29  168  859
29  169  733
29  171  116
29  177  454
29  183  877
29  184  367
29  192  904
29  197  733,855
29  201  516,711
29  207  621
29  219  753
29  220  982
29  222  127,519
29  231  398
29  234  22
29  236  877
29  237  488,865
29  239  135,575,952
29  241  627
29  243  140
29  248  782
29  249  398
30  1  263
30  2  20,741
30  9  263
30  11  371,519
30  17  679,700
30  18  938
30  21  100,239
30  22  63
30  27  957
30  31  130
30  32  300
30  37  371
30  45  557
30  48  859
30  50  496
30  57  15
30  60  782
30  62  502,877
30  64  782
30  66  206,562
30  72  63,859
30  82  733
30  87  28,63,679,877
30  93  371
30  94  398
30  97  429,835
30  108  165
30  110  130,959
30  112  782
30  114  490,782
30  116  130
30  119  153
30  124  496,782
30  129  846
30  138  307
30  143  524,808
30  151  627
30  155  371
30  159  140,808
30  169  277
30  171  734
30  180  216,234,700
30  186  753
30  195  500,781,802
30  196  496
30  208  727,811
30  211  429
30  215  263
30  220  367,824
30  224  429
30  234  15
30  237  931
30  238  727,811
30  245  94,801,820
30  246  97
30  247  307,789,899
30  248  692
31  2  519
31  10  700
31  16  320,655
31  17  575,621,952
31  20  427
31  21  859
31  27  190,296,422
31  28  166,245,320,663
31  30  52,116,859
31  40  116,575,952,962
31  48  216,234,700
31  51  496
31  52  15
31  53  140,326
31  56  808
31  60  367
31  62  782
31  74  371
31  80  94,820
31  84  130
31  89  429
31  95  562,943
31  108  190,296,422
31  115  387
31  119  204
31  123  911
31  134  140,288,669
31  136  94,820
31  150  307
31  155  669
31  156  782
31  157  216,711
31  161  371
31  171  216,711
31  172  387
31  173  206
31  177  116
31  178  71
31  181  367,753,824
31  192  904
31  195  363,369,911
31  197  904
31  203  575,952
31  213  432
31  218  950,983
31  226  429
31  229  367
31  235  429
31  240  519,763
31  242  52,535
31  245  116
31  247  140,326
31  249  835,839
32  5  839
32  10  429
32  16  94,244,273,820
32  17  15
32  19  244,943
32  31  232
32  32  140,165
32  49  636
32  55  733,808
32  56  243
32  64  263,621,669
32  67  496
32  70  519
32  72  782
32  76  165,562
32  82  97
32  85  496
32  95  209,733
32  97  429,839
32  103  387
32  104  808
32  106  187
32  108  29,835
32  110  519
32  113  371
32  122  490
32  123  931
32  131  623
32  132  62
32  133  429
32  135  251
32  137  22
32  139  367,470
32  140  808
32  141  808
32  145  206
32  146  636
32  147  959
32  151  502
32  163  733,991,997
32  164  931
32  165  997
32  169  997
32  173  166,245,320
32  174  904
32  176  94,820
32  185  198,234,764
32  187  97,130,525
32  201  62,109
32  207  496
32  211  371
32  213  371
32  218  700,797
32  221  454
32  222  808,835
32  223  938
32  225  839
32  227  562
32  231  931
32  244  429,733
33  4  206,562,679
33  7  839
33  8  15,130
33  12  15
33  14  684
33  20  206,623,846
33  22  997
33  34  116
33  38  779
33  46  130
33  47  71
33  59  575,952
33  60  950,983
33  62  97
33  71  500
33  76  371,636
33  78  206
33  86  835
33  90  500,627
33  94  52
33  97  371,904
33  103  94,820
33  104  429
33  109  496
33  122  15
33  123  398,627
33  124  130
33  127  801
33  132  621
33  134  753
33  136  621
33  139  28,375,519,621,896
33  142  522,904
33  152  63
33  156  997
33  157  130
33  161  562
33  163  146,527
33  164  62,165,959
33  167  621
33  170  679
33  173  959
33  175  100,239
33  178  244,871,888
33  190  429
33  192  165,319
33  201  855
33  202  521
33  204  522
33  205  94,820
33  206  496
33  207  130,190,296,422
33  212  15,775,846,991
33  213  94,820
33  217  251
33  219  490,621
33  220  997
33  223  530,531,621,946
33  225  371
33  233  839,859
33  234  502
33  241  859
33  245  94,820
34  5  140
34  9  808
34  14  496
34  18  29
34  23  496
34  29  243,635
34  30  962
34  32  429
34  34  243
34  35  813
34  37  779
34  40  94,820
34  46  911
34  47  263
34  49  579,733
34  52  636,831
34  55  429
34  63  562
34  65  950,983
34  81  300
34  84  398
34  86  700
34  87  263,669
34  88  166,245,320
34  92  232
34  93  721,846
34  94  97
34  96  243,279,824
34  100  206
34  101  636,831
34  104  244,371
34  109  130
34  110  649
34  126  371
34  127  938
34  131  180,556,809,962,997
34  138  375
34  139  733
34  143  429
34  155  496
34  160  663
34  166  130
34  167  427
34  169  779
34  176  130
34  181  216,711,904
34  185  636,831
34  186  700
34  189  490
34  191  938
34  192  204
34  194  36,454,722
34  195  387,982
34  197  615,775,846,991
34  199  859
34  200  496
34  206  15
34  208  29,496,911
34  210  743
34  212  97
34  216  700,859
34  220  684
34  222  288,797
34  230  319
34  232  623,846
34  235  206
34  237  116,525
34  246  997
34  247  782
35  6  500
35  10  15
35  14  130
35  15  15,490
35  20  904
35  23  130
35  25  116,839
35  29  219
35  36  28,896
35  41  263
35  47  684
35  48  519
35  49  97,563
35  51  130
35  56  429
35  58  100,239
35  61  135
35  64  753
35  68  669
35  74  500
35  77  871,888
35  87  753,997
35  88  700
35  92  808
35  99  369
35  103  216
35  105  522
35  115  679
35  121  500
35  137  782
35  140  429,943
35  142  288,877
35  147  959
35  148  943
35  150  962
35  156  429
35  158  97,289,789
35  163  36,198,764
35  165  904
35  183  991,997
35  190  371
35  192  140,326
35  194  140,244,326,575,952
35  195  871,888
35  196  130
35  197  387
35  201  734
35  207  15
35  221  877
35  223  187,243
35  226  959
35  229  307
35  234  288
35  246  29,371,429
35  250  116
36  9  429,575,952
36  11  277
36  18  500
36  27  29
36  29  243,692
36  32  100,239
36  36  429
36  39  490
36  40  839
36  43  130
36  45  946
36  49  684
36  50  627
36  52  797
36  56  153
36  58  959
36  59  52
36  63  636
36  66  15,522,839
36  67  575,952
36  72  734
36  75  100,239,943
36  77  116,959
36  79  813
36  80  885
36  81  198,764
36  87  360,367,754
36  93  801
36  94  360,754
36  103  130
36  111  950,983
36  113  398
36  116  779
36  126  557
36  132  743
36  138  135,355,747
36  139  97,490,502,557
36  141  835
36  143  371
36  144  700
36  145  209
36  152  198,820
36  156  371
36  163  36,982
36  167  206,950,983
36  168  621
36  170  646,727,811
36  179  52,959
36  186  859
36  200  130
36  201  243
36  204  733
36  205  500
36  207  29
36  210  135
36  215  557,877
36  220  684
36  222  839
36  224  496
36  228  859
36  230  871,888
36  233  130
36  234  859
36  235  369,371
36  236  700,859
36  242  100,239,429
36  246  474,644
36  247  496
36  250  94,820
37  7  307
37  10  721,846
37  19  636
37  20  29
37  28  496
37  33  398
37  34  636,831
37  37  959
37  41  52
37  46  782
37  57  496
37  64  367
37  65  721,846
37  69  839
37  70  636,831
37  78  245,320
37  87  734
37  93  938
37  96  808
37  97  371,959
37  105  116,371
37  108  839
37  113  621
37  133  206
37  136  524
37  144  636
37  146  263
37  148  454
37  149  116
37  155  753
37  158  140
37  159  623,721,846
37  160  797
37  163  485,636,797
37  165  116,525,775,846,991
37  166  398
37  172  679
37  173  621,721,846
37  177  29,502
37  183  36
37  185  797
37  186  367
37  189  454,733
37  197  360,575,754,952
37  201  664
37  217  206
37  218  15,733
37  224  371
37  227  232,557
37  235  166,245,320,871,888
37  236  859
37  238  496
37  244  140
37  248  94,820
37  249  839,859
38  1  575,952
38  15  94,820
38  17  15,209
38  27  360,754
38  36  877
38  40  140
38  45  877
38  49  307
38  64  289
38  68  753
38  71  557
38  76  929
38  83  127
38  87  209
38  88  15,859
38  93  387,422
38  95  97
38  96  244,371,950,983
38  107  251,636
38  113  859
38  120  135
38  122  288
38  123  97
38  132  553
38  134  367
38  135  733
38  141  429,733
38  147  94,130,820
38  148  797
38  150  733
38  152  429
38  153  387
38  158  244
38  159  216,429,711
38  162  15,877
38  164  820
38  165  94,820
38  170  116
38  171  140,326
38  178  885
38  194  652
38  200  496,931
38  203  52,165
38  211  97
38  215  15,52
38  220  636,813
38  232  216,623,711
38  239  733
38  247  130
39  1  636,877
39  6  779
39  7  288
39  9  371
39  14  839
39  29  22
39  31  500
39  33  859
39  47  530,531,621
39  64  140
39  67  52
39  68  557
39  69  187,496
39  71  97
39  78  209
39  79  146,527
39  84  454
39  87  950,983
39  89  94,371,652,820
39  105  140
39  110  652
39  119  982
39  120  859
39  130  234,782
39  133  371
39  144  733
39  145  166,245,320
39  146  575
39  149  130
39  153  15
39  155  130
39  158  146,527
39  159  371
39  165  216,234,454
39  167  29
39  172  496,500
39  174  100,239
39  181  367
39  188  100,239
39  194  71
39  195  360,621,754
39  203  216,711
39  208  627
39  219  204
39  230  496
39  237  94,820
39  248  627
40  8  997
40  12  135,610
40  22  877
40  28  130,201,244,307,496,899
40  34  15
40  38  130
40  45  797
40  48  15,52
40  55  997
40  56  371
40  61  519
40  67  579
40  83  734,781
40  84  859
40  86  15,789
40  89  490
40  90  627
40  91  97
40  92  429
40  93  360,530,531,621,754
40  110  460
40  114  307
40  115  646
40  119  782,813
40  120  209
40  127  243,279,824
40  130  120,594
40  135  911
40  140  371
40  141  97
40  146  100,239
40  152  371
40  153  165,432,775,846,991
40  154  209
40  155  950,983
40  158  652
40  163  63,813
40  168  371
40  169  36
40  170  502
40  175  646
40  180  15
40  182  180,556,809,962
40  187  454
40  188  733
40  189  97
40  201  575,952
40  210  553
40  217  166,245,320,652
40  221  627
40  240  877
40  241  251
40  243  100,187,239
