1  2  490
1  3  801
1  9  519
1  10  519
1  13  519
1  15  28
1  20  357
1  21  808
1  23  997
1  24  409
1  29  109
1  34  836
1  35  519
1  42  991,997
1  45  836
1  46  319
1  48  663
1  49  663
1  50  522
1  58  490
1  60  782
1  61  502
1  62  646
1  66  66,319,409,775,846,991
1  68  156,782
1  73  319
1  74  957
1  75  663
1  94  789
1  95  487,679
1  104  519
1  111  782
1  118  367,824
1  124  808
1  126  519
1  128  300
1  136  393,870
1  144  957
1  145  931
1  155  409,782
1  157  470
1  158  899
1  159  801,997
1  160  836
1  167  782
1  176  522
1  180  490
1  192  562
1  197  357
1  199  367,522,692,824
1  202  519
1  203  802
1  205  529
1  206  801
1  210  470,522
1  211  646
1  213  522
1  219  562
1  221  802,946
1  223  140
1  227  997
1  229  66,782
1  242  519
1  257  300,808
1  266  409
1  267  519
1  271  470,997
1  273  502,782
1  284  216,519
1  289  519
1  290  519
1  297  692,782
1  300  646
1  311  485
1  313  739
1  318  522
1  330  525,836
1  331  519,802,946
1  333  319,519
1  335  290,663
1  338  156
1  340  470
1  345  502
1  347  290,802
1  349  156,290
1  351  519,801
1  354  319,502,997
1  355  997
1  357  519,646,899
1  358  319
1  360  519
1  363  529
1  367  28,877
1  378  409,739
1  379  801
1  381  899
1  382  663
1  384  156
1  389  28,877
1  392  470
1  406  28,877
1  407  562
1  417  219,300
1  423  290
1  440  663
1  443  646
1  444  525
1  446  522
1  453  487,516,596
1  454  502
1  455  66
1  457  319
1  461  801
1  466  28,877
1  470  156,801
1  481  789
1  482  782
1  496  409
1  497  519,579
2  5  519
2  17  411,454,801
2  20  109,997
2  23  684
2  29  650
2  34  692
2  35  319
2  40  782
2  43  982
2  44  562
2  47  409,535
2  49  367
2  50  957
2  53  502
2  55  957
2  56  519
2  57  997
2  58  808
2  63  319
2  65  782
2  69  319,409,663
2  79  899
2  82  808
2  84  525
2  88  290
2  90  802
2  97  22,692
2  110  156,519
2  122  369,522
2  126  579
2  130  802
2  133  290,319,320,522,655
2  139  525,997
2  140  357,782
2  141  562
2  147  522
2  151  156,522
2  159  409
2  160  234,371
2  161  502
2  163  329,936
2  168  692
2  169  646
2  170  319
2  174  808
2  175  808
2  176  579
2  179  519
2  184  782
2  191  409
2  192  802
2  198  409
2  204  663
2  209  393,870,946
2  216  997
2  223  371,646
2  233  319
2  234  369,490
2  249  519
2  255  808
2  264  300
2  273  946
2  275  789
2  278  802
2  284  997
2  285  522
2  286  519
2  287  409
2  288  22,357,931
2  292  782
2  303  127
2  310  997
2  311  319
2  318  808
2  324  109
2  329  663,957
2  333  679
2  339  946,957
2  341  66,409,782
2  351  263
2  355  684
2  358  692
2  364  579
2  369  22
2  371  22
2  375  369
2  378  692
2  380  22,290
2  396  522
2  397  946
2  408  319
2  418  663
2  426  156,357
2  435  470
2  439  646,974
2  450  931
2  451  329,516,596,936
2  456  300
2  460  997
2  461  109
2  464  109
2  465  127
2  469  502
2  479  22
2  480  140
2  483  319,529
2  484  646
2  496  371
2  498  646
2  499  109
3  1  663
3  6  957
3  8  997
3  12  646
3  27  109
3  28  290,319,516,596
3  36  808
3  38  470
3  40  487
3  42  679
3  43  319
3  49  535,997
3  50  216
3  54  646
3  56  734
3  59  28,877
3  62  692
3  63  997
3  64  393,487,870
3  66  519
3  67  28,877
3  71  28,579,646,877
3  72  487
3  76  663
3  89  522
3  97  44,469,519
3  102  519,692
3  119  535,562
3  120  679
3  126  782
3  131  519
3  137  290,357,409
3  139  991,997
3  141  646
3  143  997
3  148  663
3  151  802
3  154  319,357,679
3  155  371
3  157  319
3  159  700
3  166  319
3  174  66
3  175  371
3  177  109
3  192  911
3  194  502,789
3  201  28,877
3  205  522
3  208  470,692
3  216  243
3  219  962
3  224  319,490
3  225  519,801
3  237  579
3  242  371
3  244  519,646
3  247  808
3  248  319,579
3  249  22
3  251  522
3  253  22,216
3  257  525
3  267  263,835
3  273  962
3  276  522
3  278  911
3  279  28,319,877
3  282  801
3  283  319
3  288  782,946
3  289  801
3  304  357,470
3  305  66
3  309  22
3  313  28,221,877
3  314  519
3  317  409
3  319  156
3  321  692
3  333  727,811
3  338  207,955
3  341  519
3  343  801
3  351  387
3  352  290
3  359  329,646,936
3  360  22,263,835
3  363  22,207,955
3  365  519
3  368  820
3  374  535
3  378  109,525,801
3  380  725,782
3  392  290
3  394  319
3  399  329,808,936
3  403  28,877
3  405  663
3  407  411,454
3  408  727,782,811
3  419  393,870
3  427  409,519
3  440  300
3  444  789
3  447  663
3  450  140
3  452  319,516,596
3  458  808
3  459  411,454
3  461  502
3  463  300
3  467  782
3  471  957
3  484  522
3  489  290
3  500  290
4  8  22,684
4  14  997
4  26  22
4  27  621
4  29  22,801
4  31  502
4  32  808
4  42  808
4  45  234
4  61  470
4  62  22
4  70  836
4  71  367
4  73  621,811
4  78  28,802,877
4  84  454,525
4  90  911
4  93  411,454
4  94  782
4  96  409
4  97  519
4  101  519
4  105  519
4  110  459
4  113  519
4  116  487
4  117  367
4  123  646
4  126  127,187
4  129  997
4  138  470
4  139  375
4  141  409
4  142  946
4  150  470
4  152  899
4  161  496
4  164  470
4  166  801
4  168  519
4  171  997
4  177  722
4  180  290
4  187  525,646
4  196  319,522
4  200  319
4  217  692
4  228  692
4  230  801
4  237  187
4  241  692
4  248  522
4  251  319
4  275  22,692
4  282  363
4  284  684,739
4  291  329,734,936
4  293  140
4  295  646
4  296  789
4  302  156
4  305  409
4  309  743
4  311  663
4  312  522
4  313  522
4  316  579,801
4  317  300,836
4  318  140
4  319  327,671
4  323  116
4  325  801
4  326  997
4  329  782
4  333  519
4  334  519
4  335  519,562,725,899
4  341  522
4  344  409
4  348  490,621
4  351  579
4  353  319,369
4  355  290
4  359  519,562
4  369  156
4  370  692
4  373  957
4  374  327,671
4  376  519
4  384  519
4  385  519,801
4  389  519
4  390  22
4  391  692
4  394  522
4  406  519
4  411  519
4  414  470
4  416  22,802
4  421  109
4  431  319
4  438  357,789,802
4  439  367
4  440  127
4  441  802
4  444  802
4  450  367,516,596
4  451  529,957
4  456  393,870
4  458  802
4  461  801,931
4  465  519,692,808
4  466  22,562
4  470  409
4  481  801
4  483  663
4  485  22,663
4  488  490,516,596
4  490  802
4  499  899
5  4  393,870
5  8  319
5  9  700
5  12  522
5  20  290
5  22  931
5  24  371
5  27  387,522
5  30  782,801
5  31  931
5  32  519
5  34  519,522
5  36  519
5  38  562
5  45  216,234
5  46  727,811
5  47  519
5  49  943
5  51  66
5  53  319,579
5  57  487
5  61  207,955
5  62  409
5  64  782
5  76  943
5  80  409
5  87  411,454
5  89  519
5  92  519
5  102  398
5  108  109
5  126  808
5  133  727,811
5  134  957
5  141  519
5  143  516,596
5  145  519
5  148  409,836
5  149  739
5  156  502,519
5  161  290
5  163  206,234,562,779,899
5  175  140,320,655
5  178  801
5  195  454,502,722
5  196  116
5  198  519
5  207  109,319
5  208  109
5  214  802
5  220  808
5  222  836
5  234  801
5  235  109
5  241  802
5  249  22,409,835
5  250  490,997
5  251  363,522
5  252  409,997
5  257  28,877
5  261  519,646
5  264  519,596,646
5  265  290
5  268  357
5  271  684
5  272  519,596
5  273  789
5  275  319
5  277  470
5  278  646
5  281  519
5  283  519
5  284  808
5  288  519
5  289  700
5  292  962
5  297  962
5  302  319,646
5  303  650
5  305  371
5  306  319
5  312  116
5  318  116
5  319  802
5  330  234,319
5  331  962
5  333  127
5  339  300
5  349  251
5  353  288,519
5  354  22
5  355  300,725
5  371  300,367
5  376  801
5  380  962
5  384  319
5  386  663
5  388  290
5  394  116
5  403  140,326
5  405  943
5  408  579
5  409  319,502,734
5  410  28,802,877
5  415  519
5  416  329,936
5  417  692
5  418  502
5  425  470,529
5  427  679
5  428  519,801
5  432  490
5  433  519
5  438  485
5  446  409
5  455  519,801
5  456  802,991,997
5  461  621,700
5  475  899
5  477  801,997
5  478  802,820
5  482  290
5  489  808
6  2  734
6  3  28,877
6  9  127,429
6  11  519
6  26  221
6  28  725
6  35  127
6  36  127,371
6  37  487
6  45  120,263,500,594
6  48  535,943
6  50  22,717,949
6  58  409
6  63  663
6  66  195,393,835
6  70  371
6  74  519,962
6  76  221
6  77  207,955
6  81  519
6  87  206,562
6  90  219
6  93  409
6  96  782
6  97  398
6  103  319,522
6  106  733,797
6  114  207,946,955
6  123  329,692,936
6  124  522
6  130  22
6  131  206,562
6  146  319
6  149  319
6  153  357
6  154  904
6  156  263
6  158  646
6  164  274,443,673
6  166  525,789
6  168  522
6  171  221
6  173  28,371,877
6  177  621
6  187  739
6  189  646
6  192  22
6  198  721,846
6  199  519
6  209  519
6  210  375
6  211  127
6  218  782,836
6  221  369,525
6  222  36,959
6  224  519
6  225  700
6  229  290,516,596,962
6  230  700
6  232  997
6  235  519,522,621
6  237  244
6  239  470
6  249  519,522
6  256  300
6  259  802
6  260  22,957
6  263  692
6  270  290
6  273  553,579
6  277  535
6  282  782
6  287  692
6  301  808
6  302  251,319
6  311  22,943
6  329  962
6  331  127
6  332  646,679
6  336  801,931
6  338  519
6  344  371
6  347  725
6  351  22
6  355  623,846
6  362  290,931
6  363  789
6  365  140,326
6  368  28,519,865,877
6  379  519
6  381  600,666,801,884
6  384  127,663
6  386  319
6  388  725
6  390  357
6  391  516,596
6  392  470
6  397  127
6  405  646
6  408  216,519,646
6  423  957
6  426  216,490,646
6  429  319
6  433  127,596
6  435  982
6  438  490
6  441  522
6  448  319
6  456  36,692
6  466  263,502,579
6  483  962
6  484  319
6  486  836
6  498  490
6  499  621
6  500  700
7  5  519
7  8  232
7  11  835
7  12  319
7  16  646
7  17  393,870
7  20  684
7  21  371
7  22  206,562,808,946
7  29  84
7  34  234
7  37  519
7  38  801
7  46  411,454
7  54  367
7  64  962
7  67  516,596,931
7  68  251
7  70  700
7  72  801
7  78  290,911
7  79  470,600,666,884
7  87  387
7  88  519
7  93  243,519
7  99  801
7  100  290
7  102  663
7  103  290
7  105  371
7  108  300
7  109  959
7  115  801
7  123  367
7  124  393,870,997
7  125  621,646
7  140  519
7  146  409
7  147  801
7  153  646
7  157  727,811,997
7  159  15,997
7  161  519
7  163  470,502
7  167  290
7  169  820
7  171  522
7  175  244
7  176  319
7  179  319
7  189  522,525
7  192  357
7  197  646
7  199  398
7  204  195,393,535
7  205  525,663
7  207  734
7  212  957
7  213  221
7  214  319
7  215  997
7  216  692
7  218  234,962
7  228  232
7  229  669
7  240  207,320,655,955
7  244  516,596,808
7  251  529,727,811
7  254  519
7  257  243,319,522,801
7  258  393,870
7  261  319,911
7  262  66,519
7  263  621
7  272  470
7  275  66
7  279  535
7  281  127
7  282  663
7  285  946
7  287  398
7  290  519
7  291  10
7  293  646
7  295  470
7  297  398
7  299  22,156,490
7  300  367
7  305  721,846
7  307  109,487
7  313  109
7  319  911
7  321  519,579
7  327  802
7  329  367
7  331  300,802
7  334  320,655
7  338  232
7  347  290
7  364  28,234,877
7  365  127
7  368  263
7  370  782
7  379  700
7  386  263,727,811
7  388  957
7  398  28,519,877
7  401  522
7  406  579
7  408  140,496
7  413  525,959
7  422  519
7  425  319
7  426  127,367,904
7  427  127
7  439  997
7  446  371
7  447  109,522
7  448  692
7  449  300
7  459  516,596,801
7  461  700
7  473  357
7  492  663
7  493  646
7  494  692
7  498  747
7  500  127,429,908
8  12  516,711
8  13  789
8  14  319,320,655
8  16  109,232
8  17  700
8  19  663
8  21  367,824
8  23  243
8  29  190,296,422
8  33  519
8  35  802
8  39  409
8  47  959
8  49  684,801
8  54  579,733
8  56  10,519
8  59  263
8  65  962
8  69  371,519,808
8  72  801
8  74  127,201,553,579
8  77  22,801
8  79  801
8  85  28,519,525,646,877
8  90  156
8  102  997
8  105  127
8  110  949
8  119  472
8  123  219
8  127  519
8  134  782
8  137  725,801
8  140  725
8  144  801,943
8  155  519
8  164  84
8  165  522
8  180  522,725,801
8  183  946
8  189  519
8  198  127,522,801
8  201  487
8  207  801
8  212  646
8  214  207,955
8  217  290
8  230  127,429
8  234  692
8  236  692
8  244  367,808
8  246  516,596
8  248  496
8  250  470,684
8  252  490
8  256  156
8  259  911
8  274  525
8  281  808,943
8  282  502
8  287  371
8  288  127
8  289  28,221,579,877
8  290  22,519
8  298  109,519,579
8  299  470
8  300  802
8  308  957
8  311  519
8  313  700
8  320  319
8  324  727,811
8  327  219,911
8  328  127
8  332  621
8  340  109
8  349  725
8  351  779
8  352  725
8  355  522
8  366  692
8  370  319,859
8  378  646
8  379  15
8  385  127
8  388  216,234
8  394  663
8  395  409
8  403  263
8  408  127
8  409  646
8  413  28
8  417  274,443,673
8  418  28,877
8  422  835
8  424  957
8  428  127,485
8  435  931
8  440  943
8  441  263,519
8  443  367
8  446  116
8  456  692
8  458  525,663
8  466  187,525
8  467  782,959
8  480  516
8  483  727,811
8  486  234
8  494  398,519
8  499  190,261,296,422,646,895
9  5  519
9  6  725
9  7  519
9  10  519
9  11  207,955
9  12  140,470,959
9  17  263
9  24  722
9  25  692
9  27  116
9  31  946
9  34  290
9  36  946
9  38  319,700
9  49  636
9  58  371
9  65  201,409,553,579
9  69  371
9  75  808
9  81  899
9  88  835
9  94  387
9  108  519
9  110  727,811
9  115  700,808
9  116  516,596
9  119  22,904
9  122  156
9  128  22
9  133  127,725,820
9  144  522,997
9  145  290
9  148  516,596
9  153  801
9  161  127,130,320,655,908
9  163  120,594
9  164  375
9  169  243
9  174  371
9  175  320,655
9  178  700
9  180  427
9  183  877
9  185  899
9  187  109,727,811
9  191  371
9  194  251
9  201  274,367,443,673,824
9  205  470
9  214  727,811
9  220  371
9  221  911
9  225  127,216
9  226  300
9  234  522
9  235  66,116,519
9  241  525,529,802
9  242  243
9  246  519
9  248  116,802
9  257  522
9  261  727,811
9  271  36,307
9  274  116
9  277  357,516
9  278  802
9  301  997
9  303  84,519
9  305  369
9  313  855
9  317  371
9  324  496
9  327  221,627
9  329  201,553,579
9  332  319
9  335  369,600,666,884
9  336  290
9  343  663
9  349  357,946
9  353  22,663
9  358  522
9  365  808
9  369  251
9  372  44,469
9  376  700
9  378  371
9  391  470
9  399  300
9  402  66
9  403  319
9  404  393,870
9  409  367
9  410  487
9  412  519,946
9  413  519
9  417  959
9  425  663,802
9  427  808
9  432  522
9  436  525,808
9  446  721,846
9  448  692
9  454  502
9  458  371,911
9  460  519
9  461  15,957
9  468  801
9  470  371
9  478  865
9  485  519
9  487  519
9  488  579,899
9  489  371
9  500  22
10  2  427
10  7  369
10  11  808
10  13  319
10  22  371
10  31  127
10  36  700,808
10  46  802
10  48  529,801
10  50  116
10  55  519
10  68  409,579,962
10  78  263
10  80  519
10  81  808
10  84  22,636
10  93  300,519
10  94  646
10  97  327,671
10  101  836
10  108  522,621
10  110  251
10  111  962
10  114  522,801
10  116  808
10  117  319,733
10  120  782
10  124  319,684
10  135  156,646
10  139  243
10  141  127,371
10  142  369
10  143  997
10  147  700,789
10  159  684
10  160  289
10  162  519,802
10  167  201,553,579
10  196  22
10  202  127
10  203  320,655
10  209  739
10  210  251
10  217  522
10  218  201,553,579
10  220  289
10  225  781
10  226  519,522
10  235  835
10  239  646
10  240  663
10  244  307,371
10  245  522
10  247  371
10  249  371
10  251  319,663
10  252  684
10  256  165,300
10  257  28,263,496,896
10  260  957
10  261  367,522
10  271  623,846,982
10  274  959
10  278  490,808,911
10  281  789
10  285  44,469
10  289  263
10  290  782
10  292  319
10  293  646
10  294  519
10  295  28,877
10  306  28,877
10  310  684
10  312  94
10  320  519
10  325  522,700
10  328  66
10  332  263
10  334  127
10  335  261,895
10  341  232
10  342  802
10  344  525
10  349  519
10  350  519
10  352  470
10  357  127
10  359  835
10  360  369,839
10  363  371
10  368  243,279,575,824,952
10  378  387
10  381  261,663,895
10  390  367
10  391  579
10  406  307
10  408  646,669
10  410  84,579
10  411  959
10  413  692
10  424  522
10  428  679
10  429  28,877
10  436  44,469
10  442  519
10  443  733
10  446  943
10  452  319,579
10  454  22,991,997
10  457  646
10  458  943
10  459  387
10  462  290
10  463  579
10  473  319,579,782,786
10  476  216
10  480  646
10  483  496
10  484  470
10  486  516,596
10  489  28,725,877
10  493  663
11  6  562
11  9  781
11  11  839
11  15  522
11  19  621
11  22  733
11  33  801
11  34  725
11  39  290,650
11  40  808,997
11  43  727,811
11  52  836
11  54  307
11  67  319
11  69  140,289,721,846
11  72  692,997
11  74  669
11  84  319,387,692,991,997
11  91  216,490,522
11  92  232,801
11  94  367
11  97  127,502
11  101  835
11  107  836
11  115  371
11  116  319,371
11  121  957
11  123  779
11  127  409
11  128  946
11  136  522
11  137  427,700
11  140  427,663
11  146  663
11  148  234
11  150  140
11  156  127,206,562
11  158  367,808
11  164  300
11  169  367
11  173  263
11  176  727,811
11  188  409
11  190  519
11  191  801
11  192  153
11  193  801
11  194  28,877
11  196  153,319,496
11  197  109,219
11  203  357
11  205  116
11  206  357,700
11  216  801,802
11  220  470,535,663
11  223  946
11  226  502
11  232  502,684
11  243  409
11  249  502
11  255  519
11  257  470,877
11  258  140,367
11  261  496,733
11  264  28,877
11  270  519
11  275  727,811
11  277  472
11  279  263
11  289  836
11  296  290
11  299  375
11  300  808
11  303  221
11  306  263
11  315  319
11  318  663
11  321  801
11  324  621
11  328  158,247,487
11  331  911
11  334  808
11  337  22
11  359  519
11  362  319
11  368  519
11  370  727,811
11  378  700
11  379  931
11  380  201,553,579
11  384  522
11  385  290,808
11  388  802
11  391  307
11  392  516,596
11  402  319
11  404  156
11  405  263
11  406  519
11  409  243,496,779
11  423  725,911
11  427  371
11  430  519,579,899
11  437  808
11  438  290,470
11  439  684
11  441  207,955
11  442  367,522
11  449  519,684
11  465  429,621
11  469  206,562
11  470  700
11  471  957
11  472  899
11  473  470,522
11  478  284
11  479  522
11  487  997
11  489  522
11  494  692
11  497  187
11  498  470
12  5  127
12  7  116
12  11  232
12  20  621
12  27  94,820
12  28  727,811
12  31  808
12  34  427
12  35  470
12  41  789
12  48  28,877
12  49  700
12  50  525
12  56  808
12  57  801
12  60  22
12  69  782,943
12  71  263,957
12  75  371,943
12  76  782
12  80  502
12  81  808
12  89  156
12  95  646
12  96  127,244
12  100  725
12  104  982
12  112  663
12  114  522
12  115  997
12  123  692,802
12  126  997
12  132  782,801
12  135  802
12  140  127
12  148  22,371,727,811
12  152  931
12  157  982
12  158  371
12  160  529
12  162  28,243,279,824,877,946
12  164  135
12  167  669
12  177  22,71
12  178  127,429
12  181  782
12  184  962
12  186  782
12  193  700
12  200  663
12  202  808
12  209  127
12  212  393,870
12  214  911,997
12  230  781
12  234  522
12  235  127,190,290,296,422
12  241  734
12  243  300,371
12  254  127
12  256  997
12  264  165,367
12  269  802
12  276  300,801
12  279  470
12  286  127
12  309  502
12  315  22,66
12  317  519
12  321  487
12  328  251
12  347  911
12  358  398,692
12  359  22
12  368  195,393
12  371  957
12  381  411,454,470
12  384  327,671,808
12  391  274,443,673
12  392  725
12  394  789
12  396  319
12  400  195,393
12  409  369,991
12  412  525,727,811
12  414  22
12  417  84,802
12  425  911
12  428  244
12  430  663
12  433  251
12  435  692
12  441  911
12  450  579,646
12  453  646
12  454  997
12  456  289,743
12  459  470
12  467  962
12  478  116,911
12  479  369,516,596
12  483  669
12  489  135,263
12  490  519
12  493  519,782
12  494  646
12  496  371
12  497  997
13  1  206,562
13  12  519
13  14  519,727,811
13  15  263
13  17  263
13  25  367,522,824
13  26  487
13  28  320,655
13  30  28,877
13  34  206
13  37  329,734,936
13  38  496
13  40  522
13  44  319
13  45  575,952
13  46  288
13  51  319
13  52  801
13  53  727,811
13  55  216,234,679
13  65  669
13  66  206,562
13  72  700
13  76  300,808
13  78  575,952
13  80  789
13  85  454
13  92  363
13  95  562
13  96  808
13  97  689,808,859
13  103  727,811
13  109  319
13  113  393,870
13  116  734
13  120  470
13  121  216,234,579
13  129  684
13  139  187,243,454
13  152  206,327,562,671
13  156  562
13  158  251
13  159  684
13  163  579,663
13  165  957
13  166  454
13  175  398
13  180  957
13  190  127
13  195  700
13  201  739
13  218  669
13  224  127
13  225  369,490,808
13  226  127
13  227  156
13  234  931
13  238  782
13  241  398
13  247  596
13  257  367,579,824
13  259  290
13  260  190,296,422
13  279  375,519
13  280  470
13  282  232
13  285  663
13  286  801
13  297  957
13  300  371
13  307  621
13  308  646
13  309  393,870
13  311  679
13  315  490
13  317  801
13  319  801
13  328  429
13  334  187,835
13  342  319
13  343  502
13  346  156,997
13  349  427
13  357  808
13  361  319,409,470
13  374  367,824
13  375  243,739
13  376  15,519
13  377  782
13  378  367
13  384  943
13  386  692
13  387  789,957
13  388  206,579,786
13  392  733
13  400  409
13  402  319
13  407  207,955
13  408  187
13  410  62,300
13  416  779
13  426  516,596
13  428  808
13  445  320,655,692
13  451  470
13  455  127
13  456  109,487,516,596
13  458  684
13  459  700,904
13  477  684
13  484  733
13  486  836
13  495  519
13  497  525
13  500  490
14  1  943
14  4  679
14  9  808
14  13  562
14  14  472
14  18  109,957
14  21  579
14  22  97
14  25  398
14  32  127
14  37  997
14  38  195,393
14  42  802
14  43  319
14  46  22
14  62  371
14  63  946
14  67  263
14  78  725
14  80  357,835
14  84  727,811
14  96  519,962
14  100  727,811
14  118  290,487
14  134  371
14  135  367
14  138  529,650
14  145  835
14  146  808
14  147  116,319
14  150  646
14  167  725
14  168  485,646
14  169  946
14  177  525
14  185  600,666,884
14  187  931
14  189  127
14  194  320,655
14  197  28,877,957
14  200  487,943
14  206  700
14  219  109
14  225  871,888
14  239  28,877
14  243  808
14  244  289
14  246  109
14  252  371
14  260  801
14  265  725
14  272  525
14  273  454,529,722
14  277  470,904
14  285  943
14  288  904
14  292  646
14  302  733
14  307  502
14  308  579
14  315  127
14  327  52,263
14  328  371
14  329  216,234
14  331  165
14  333  496
14  343  700
14  344  525,721,846
14  353  502
14  363  289,521
14  365  739
14  370  496
14  375  109
14  379  801
14  387  22
14  389  232
14  400  371
14  407  187
14  410  307
14  417  62
14  420  216,290
14  421  522
14  437  207,371,955
14  438  375,725
14  442  490
14  443  692
14  446  801
14  453  516,596
14  456  398,621
14  457  519
14  464  487,621,997
14  467  557
14  486  221
14  489  251
14  495  127
15  8  623,846
15  10  127
15  29  700
15  39  84,522,725
15  45  187
15  46  496
15  51  519,727,811
15  56  488,865
15  58  289,371
15  61  232,375
15  75  663
15  79  300
15  89  116
15  99  700
15  102  859
15  103  496
15  109  263,801
15  113  579,786
15  120  375
15  125  663,743
15  128  802
15  131  782
15  146  371,727,811
15  148  782
15  156  808
15  159  519
15  163  367,609
15  168  393,870
15  170  522
15  172  957
15  176  557
15  180  206
15  185  727,811
15  186  692
15  187  855
15  188  371
15  192  877
15  198  808
15  205  899
15  208  375
15  213  519
15  226  808
15  231  319,519
15  233  519
15  234  116
15  240  244,734
15  241  454
15  243  371
15  246  127
15  247  529
15  249  692
15  252  801
15  260  700
15  263  28,398,877
15  267  329,931,936
15  270  725
15  273  663
15  283  195,393
15  287  387
15  289  187,525
15  290  127
15  295  470
15  297  201,553,579
15  301  684
15  304  243,279,824
15  318  274,443,610,673
15  321  398
15  323  727,811,957
15  325  127,429
15  329  733
15  330  594
15  334  371
15  337  22,700,957
15  338  127,320,655
15  353  290,679
15  354  684
15  356  232
15  357  801
15  362  908
15  364  369
15  366  931
15  368  808
15  369  519
15  376  393,835,870
15  377  962
15  379  839
15  388  911
15  389  127
15  391  859
15  392  579,700
15  401  84
15  403  519,997
15  408  516,596,753
15  410  575,952
15  411  127,519
15  413  575,952
15  415  646
15  426  22,579,652,717,949
15  436  859
15  438  454,722
15  441  835
15  444  319,454
15  445  244
15  449  367,516,596,623,824,846
15  452  519
15  453  734
15  455  808
15  461  991,997
15  476  525
15  477  22,562
15  483  753
15  485  519
15  487  116,127
15  488  307
15  493  946
15  496  289
15  498  496
15  500  22
16  2  820
16  3  263,700
16  4  320,655
16  7  487,782
16  8  496,529
16  17  801
16  21  289
16  23  319
16  27  957
16  39  427
16  43  496
16  46  387
16  47  127
16  48  398,472
16  52  234,700
16  62  409
16  69  636,801
16  73  904
16  77  700
16  79  519
16  82  371,646
16  91  411,454
16  92  22
16  94  71
16  96  519
16  97  357
16  103  911
16  108  165
16  110  689
16  113  519,808
16  116  289,727,811
16  119  153
16  127  371
16  128  911
16  131  243,279,824,957
16  134  216,234,962
16  138  516,596
16  141  801
16  157  519
16  160  120,594
16  165  357
16  174  289
16  180  116,166,245,320
16  188  646
16  201  263
16  203  997
16  206  781
16  207  727,811
16  209  808
16  211  127,367
16  217  398
16  218  496
16  222  234
16  231  496
16  237  140
16  251  116
16  254  519,663
16  257  94,692,820,997
16  259  725
16  260  15
16  262  127
16  265  84
16  278  627,808
16  279  472
16  281  836
16  298  621
16  301  232
16  306  519,727,811
16  307  470
16  315  727,811
16  317  234
16  320  519
16  322  221
16  328  201,369
16  331  429
16  335  127,427
16  336  700
16  337  15
16  339  165
16  340  529
16  348  22,206,562
16  350  522,525
16  355  946
16  356  516,596
16  357  609
16  362  727,811
16  364  263
16  369  127,562
16  371  679
16  375  855
16  392  813
16  397  808
16  398  997
16  399  165
16  401  62
16  409  10
16  411  94,820
16  414  782
16  419  802
16  430  261,895,943
16  434  502
16  452  307
16  453  579
16  457  398
16  465  398
16  467  669
16  471  300
16  473  156,997
16  479  519
16  486  234
16  487  646
16  488  957
16  490  289,911
16  493  525
16  495  409,519,808
17  5  195,393,808
17  7  195,393
17  12  127
17  13  243,279,824,982
17  29  15,502
17  30  263
17  31  877,957
17  45  557
17  49  636
17  53  663,991,997
17  58  140,721,846
17  63  943
17  67  727,811
17  71  733
17  73  743
17  79  261,895
17  85  519
17  86  801
17  93  371
17  94  962
17  96  429
17  110  130,959
17  116  140
17  120  502
17  122  801
17  128  165,522
17  133  522
17  135  251
17  139  646,650
17  143  519
17  147  71,327,671
17  154  496
17  158  97,289,789
17  167  753
17  171  219
17  173  725
17  178  781,789
17  179  727,811
17  180  929
17  183  991,997
17  186  519
17  187  733
17  189  116,808
17  199  516,711
17  200  15,636
17  205  357
17  208  319
17  212  904
17  214  627
17  226  94,820
17  234  116,700
17  242  28,127,663,877
17  246  409,535
17  247  319
17  248  997
17  249  398
17  251  650,727,811
17  252  516,563,596
17  253  22,320,655,717,949
17  256  684
17  257  116,371,575,952
17  261  357
17  265  579
17  266  371
17  270  127
17  272  127
17  275  502
17  277  375,519,982
17  278  367
17  282  692
17  313  263
17  319  140
17  327  575,952
17  332  575,952
17  339  329,689,936
17  340  375
17  341  962
17  342  911
17  348  393,870
17  349  206
17  351  700
17  353  663,725
17  357  429
17  362  663,734
17  364  28,120,594,877
17  373  319,516,596
17  380  669
17  386  943
17  392  15,135,206,221
17  398  684
17  404  899,946
17  405  393,870
17  406  263
17  414  782
17  416  655
17  420  725
17  424  116,519
17  431  727,811
17  434  562
17  440  734
17  441  244
17  447  502
17  456  190,296,422
17  458  289
17  461  519
17  466  22
17  469  991,997
17  472  600,666,884
17  477  646,931
17  484  375
17  495  371
17  496  721,846
17  497  319,369,808
17  498  516,596
18  21  398
18  27  190,296,422
18  32  371,808
18  34  116
18  39  371
18  40  519
18  47  371,490
18  52  646
18  56  22,763
18  62  371
18  64  22
18  65  371,753
18  76  429
18  79  201
18  80  409
18  81  387
18  84  782
18  85  782
18  89  519
18  91  140
18  106  367
18  113  127
18  114  516,596
18  117  727,811
18  119  204
18  122  525
18  139  84
18  142  522,904
18  146  371
18  148  525
18  149  251
18  153  957
18  173  427
18  178  71
18  180  94,820
18  182  156,782
18  183  36
18  184  201,553,579
18  186  962
18  200  496
18  202  429
18  203  300,911
18  206  369
18  217  859
18  219  201,553,579
18  220  563
18  224  808
18  227  684
18  228  522
18  229  427
18  233  835
18  236  801
18  240  10,943
18  241  911
18  246  307
18  247  300
18  254  808
18  256  165
18  257  289,684
18  260  470
18  265  427
18  268  367,470
18  269  411,454
18  275  398
18  284  429
18  285  689
18  293  801
18  300  289
18  303  216
18  305  938
18  311  97
18  312  66
18  313  470
18  318  300
18  320  127
18  322  692
18  330  454
18  332  367
18  333  127
18  338  251
18  342  692
18  347  725
18  349  319
18  354  409
18  363  232,319
18  364  263
18  368  243,742
18  371  733
18  374  579,689,786
18  391  84
18  396  727,811
18  406  143,579
18  415  835
18  417  165,300
18  425  727,811,899
18  431  409
18  432  116
18  433  808
18  435  579
18  437  232
18  440  165
18  442  127,733,801
18  447  621
18  451  663
18  455  700
18  473  116,187,290,684
18  477  409
18  484  135
18  486  579,636,831
18  489  140,427
18  490  127
18  495  429
18  497  303,727,728
19  3  15,575,952
19  12  700
19  17  387
19  18  409
19  19  243,743,801
19  20  190,296,422
19  21  94,820
19  28  427
19  30  700
19  35  808
19  37  127
19  42  371
19  52  367
19  56  371
19  62  307
19  68  652
19  70  120,594
19  83  801
19  85  839
19  89  29,251
19  92  519,700
19  95  367
19  99  127,429
19  103  116
19  115  743
19  116  130
19  131  156
19  135  733
19  140  859
19  141  997
19  147  959
19  150  375
19  151  251
19  153  904
19  157  991,997
19  163  198,820
19  165  997
19  167  621
19  170  22,140
19  171  684,997
19  179  28,877
19  181  357
19  189  367
19  197  692
19  211  808
19  213  127
19  216  684
19  217  997
19  225  253,369,835
19  228  232
19  232  387,646,991,997
19  237  522
19  240  946
19  251  357,496,943
19  252  700
19  257  263,319
19  261  130
19  268  319,931
19  269  519
19  270  835
19  272  454
19  273  71,899
19  277  135
19  278  371
19  280  899
19  281  234
19  288  496
19  290  127,579,959
19  293  244,700
19  296  319
19  305  530,531,621
19  309  931
19  310  684
19  311  943
19  314  579
19  319  627
19  321  127,734
19  334  289
19  335  609,663,808
19  349  835,877
19  355  116,522
19  358  398
19  364  636,831
19  365  109
19  367  263
19  373  579
19  375  44,469
19  376  127
19  382  522
19  383  519
19  396  835
19  400  802
19  401  579
19  408  808
19  411  946
19  417  835
19  419  579,786
19  430  609
19  436  371
19  438  367,789,824
19  439  319
19  446  938
19  451  579
19  457  367
19  461  15
19  471  319
19  472  263
19  485  808,943
19  490  808
19  491  519
20  8  63,216,711
20  15  575,943
20  17  679,700
20  18  525
20  21  579
20  32  289
20  33  692
20  38  329,375,936
20  45  946
20  48  232
20  50  319
20  55  209
20  64  371
20  71  216,234
20  73  802
20  74  369
20  84  946
20  86  519
20  88  692,725
20  89  127
20  93  721,846
20  102  839
20  103  387
20  105  808
20  108  190,296,422
20  113  808
20  114  116
20  118  725
20  139  393,870
20  143  931
20  147  15
20  149  251,522
20  152  600,666,689,884
20  155  319,801
20  157  684
20  161  470,808,959
20  163  502,636,831
20  165  904
20  168  398
20  169  502
20  171  487,684
20  173  575,952
20  174  140
20  179  689
20  181  962
20  185  609
20  188  371
20  197  367
20  201  84
20  202  371,789
20  211  733,808,859
20  217  156,427,470
20  222  519
20  225  429
20  232  36,360,754
20  236  357
20  241  904
20  242  263
20  245  371
20  251  84
20  258  646
20  260  500
20  266  721,846
20  268  579,727,786,811
20  272  808
20  284  22,216,711,717,949
20  285  84,319,371
20  286  516,596
20  296  427
20  298  190,296,422
20  307  22
20  309  319
20  314  727,811,835
20  322  409
20  332  733
20  333  779
20  337  502,820
20  338  244
20  342  529
20  344  454,779
20  345  232
20  346  802
20  354  835,962
20  357  367
20  359  153
20  361  28,877
20  365  429
20  371  97,165,209,500
20  373  519
20  377  201,519,553,579
20  380  427
20  381  387,820
20  383  127
20  390  904
20  397  522
20  399  997
20  402  369
20  405  367
20  406  387
20  407  232,360,754
20  414  375
20  418  991,997
20  423  22,216,234
20  425  319
20  431  393,870
20  436  22,289,519
20  441  232
20  444  727,811
20  447  36
20  456  29
20  457  22
20  459  525,579
20  465  519
20  466  319,516,596,692
20  474  525
20  489  116
20  498  579
21  2  206
21  11  429
21  12  496
21  15  116,801
21  16  522
21  19  553,700
21  20  725
21  22  289
21  30  522
21  31  727,811
21  35  727,811
21  37  808
21  38  15,135,813
21  48  859
21  50  959
21  53  130
21  66  371
21  67  496
21  79  982
21  82  289
21  84  360,754
21  86  127,579
21  88  427
21  100  427
21  107  522
21  110  519
21  121  187
21  124  516,579,596,786
21  125  733
21  132  700
21  134  289,369
21  136  63
21  137  663
21  149  652
21  152  393,609,870,959
21  163  393,870
21  169  742
21  174  946
21  181  997
21  185  198,820
21  186  201,553,579
21  188  289
21  194  579
21  206  727,811
21  215  28,877
21  218  753
21  219  22
21  223  721,846,877
21  243  801
21  248  219
21  250  156
21  251  263,621,808,946
21  253  319,502,519
21  256  623,846
21  257  94,820
21  259  427
21  262  127,808
21  275  496
21  279  835
21  280  600,666,884
21  286  808
21  287  360,754
21  289  15,234,454
21  290  116
21  295  263
21  296  140,519
21  298  243,279,327,671,824
21  303  243,635
21  308  470
21  311  636
21  314  187
21  317  938
21  319  700
21  321  307,700
21  325  781
21  329  669
21  340  135,621
21  345  109
21  351  329,575,936,952
21  357  733
21  359  487,808
21  365  855
21  368  733,959
21  369  808
21  375  369
21  381  375
21  384  429
21  393  369
21  395  371
21  398  263,490
21  403  127,957
21  408  429
21  425  727,811
21  442  234
21  445  398
21  446  367
21  448  206,562,727,811
21  454  997
21  456  859,911
21  459  982
21  462  263,725
21  471  263
21  477  700
21  480  802
21  483  130
21  490  627,802
21  491  319
21  498  140,326
22  10  127,525,801
22  13  727,811
22  21  140
22  23  496
22  24  721,846
22  29  243,635
22  30  15
22  33  700
22  34  429
22  35  982
22  38  485
22  39  243,635,721,846
22  40  263
22  47  808
22  49  579,733
22  52  692
22  56  808
22  62  525
22  64  782
22  68  371
22  69  140,938
22  72  393,870
22  76  165,562
22  77  127,429
22  84  496
22  86  808
22  88  206
22  90  251,692,700
22  96  669
22  109  525
22  118  490
22  120  127
22  133  808
22  136  116,579,786
22  139  679
22  143  579
22  148  579,621
22  150  727,859
22  151  646
22  153  700
22  157  636,813
22  163  733,991,997
22  165  116,525,775,846,991
22  166  700
22  175  244
22  182  623
22  192  357
22  199  835
22  203  263
22  218  646
22  227  579
22  235  725
22  237  734
22  245  721,846
22  246  733,808
22  251  22,429
22  254  801,943
22  255  357,371
22  263  263
22  264  263,835
22  265  62
22  266  94,801,820
22  276  116
22  280  529
22  282  487
22  292  663
22  294  802
22  297  669
22  299  135,251
22  301  623,846
22  307  734,982
22  317  243
22  318  371
22  320  808
22  331  877
22  332  130,877
22  334  140
22  337  502,991,997
22  338  808
22  341  835
22  344  454
22  346  684
22  349  490
22  350  808
22  353  502,943
22  358  801
22  360  943
22  361  371,409
22  362  496,727,811
22  372  327,671
22  382  116,502
22  384  689
22  389  519
22  390  263,470
22  392  166,187,245,320,579
22  396  140,525
22  398  575,952
22  399  357
22  411  808
22  418  943
22  420  427
22  422  516,596
22  425  496
22  428  371,943
22  430  801
22  434  22,357
22  435  398
22  436  140,502
22  440  140,326
22  442  700,835
22  448  398
22  450  700
22  454  329,936
22  456  801
22  466  579,957
22  468  802
22  472  609
22  473  375
22  476  522
22  479  127,288
22  485  429,579,786
22  488  261,895
22  490  911
22  493  962
22  495  127,485
23  4  621
23  7  206,562,579,734
23  11  284
23  14  244
23  19  15
23  20  427
23  21  187,307
23  31  206,562
23  32  300
23  34  371,700
23  56  243
23  63  877
23  64  263,621,669
23  66  700
23  70  290
23  87  393,487,870
23  90  22,689
23  91  387,646
23  122  290
23  124  22
23  132  84,201,553,579
23  134  140,288,669
23  139  243,635
23  141  367
23  145  519
23  148  307
23  150  496
23  151  367
23  155  808
23  157  623,839,846
23  160  140
23  171  692
23  179  263,496
23  181  201,553,579,684
23  185  496
23  186  801
23  192  904
23  196  22,717,949
23  203  775,846,991
23  205  904,957
23  208  957
23  215  946
23  219  153
23  222  127,519
23  239  375
23  244  429,733
23  247  779
23  251  94,820
23  252  579
23  254  808
23  256  251
23  257  130,575,952
23  258  733
23  259  206
23  262  369
23  268  496,733
23  273  753,885
23  277  813
23  278  422,931
23  279  409
23  280  609
23  282  700
23  283  519
23  284  109
23  288  663,839
23  289  516,557,711
23  295  575,835,952,982
23  300  911
23  301  371
23  311  636
23  315  387
23  318  22
23  328  734
23  330  496,991,997
23  333  130
23  334  839
23  342  727,811
23  347  135
23  350  116,429
23  353  427,496
23  354  839
23  362  943
23  365  371
23  366  263
23  367  562
23  373  307
23  380  753
23  381  700
23  383  802
23  387  782
23  390  782
23  405  789
23  406  307
23  409  130
23  413  454
23  414  206,562,962
23  416  243
23  424  646
23  426  307
23  429  263
23  430  187
23  434  243
23  438  71
23  443  519
23  444  911,946
23  446  811
23  447  636
23  449  835
23  456  140,700
23  457  859
23  466  398,575,952
23  473  94,725,820
23  476  116
23  484  116,727,811
23  490  251
23  491  371
23  494  398
23  495  371
23  498  454
23  500  782
24  5  201,553,579
24  7  839
24  9  127,429
24  21  100,239
24  22  140
24  25  519
24  26  782
24  28  579
24  35  429
24  39  490
24  40  116,575,952,962
24  49  97,563
24  57  319,911
24  60  962
24  62  367,454,991,997
24  69  646
24  74  753
24  76  371,636
24  77  781
24  83  487
24  91  116,646
24  94  519
24  96  753
24  104  519
24  113  429
24  127  721,846
24  132  320,655
24  133  94,820
24  137  904
24  138  84
24  142  288,877
24  143  156
24  145  156
24  162  263
24  166  490
24  168  288,808,877
24  173  393,870
24  177  522
24  184  669
24  195  991
24  201  516,711
24  202  521
24  203  684
24  204  472,646
24  213  522
24  218  519
24  225  839
24  235  427,700
24  238  319
24  239  263
24  241  911
24  244  140
24  251  371
24  259  263
24  260  782
24  278  289
24  292  669
24  294  290,393,870,911
24  296  835
24  301  289
24  304  982
24  305  422,931
24  314  557
24  316  700
24  317  398,839
24  320  429
24  327  52,692
24  329  669,753
24  330  371
24  337  244,363
24  353  206
24  355  427
24  362  130
24  363  84
24  364  307
24  366  232
24  368  429
24  373  522
24  383  911
24  387  216,234
24  390  52
24  395  721,846
24  403  127,802
24  405  52
24  408  371
24  415  562,997
24  416  28,896
24  422  243
24  423  22
24  424  355,522,747
24  426  116
24  427  429
24  430  557
24  432  94,820
24  434  153
24  438  375,427
24  441  839
24  446  530,531,621
24  448  263
24  453  22
24  455  931
24  456  15,398
24  457  727,782,811
24  460  663
24  465  127,835
24  472  198,562,820
24  476  454
24  480  496,911,943
24  485  802
24  486  411,454,797
24  489  206
24  490  429
24  491  127
24  493  454
24  495  263
24  497  557
24  498  263
24  499  609
25  5  519,669
25  7  307
25  9  263
25  29  219
25  32  140,165
25  36  15
25  37  216,234
25  38  779
25  42  209
25  44  22,808
25  47  429,801
25  56  429
25  61  36
25  65  367
25  69  530,531,621
25  74  367
25  79  490,609
25  82  367
25  89  490,808
25  92  524
25  112  22,943
25  113  692
25  124  116
25  130  911
25  131  393,870
25  138  307
25  139  579,623,786,846
25  140  808
25  149  201,496
25  151  652
25  155  201,553,579
25  158  140
25  166  15
25  168  859
25  169  733
25  170  679
25  174  877
25  188  66,367,721,846
25  195  411,454
25  205  375
25  206  496
25  209  429,579,786
25  212  22
25  218  835
25  220  982
25  230  319
25  233  727,811
25  237  557
25  242  289,519
25  245  116
25  247  575,779,952
25  257  562,859
25  260  375
25  268  734
25  269  387,911
25  271  398
25  272  808
25  274  739
25  275  130,519
25  281  454,722
25  282  700
25  285  62,684
25  288  943
25  290  371,808
25  296  243
25  297  140,263,326
25  309  393,870
25  312  156
25  316  187
25  318  562
25  320  727,811
25  321  859
25  322  234,522
25  328  375
25  335  429,522
25  349  839
25  351  782,835
25  353  835
25  363  62
25  364  116,288,663
25  368  97,277,679
25  378  84,733
25  381  609
25  385  201,429,553,579
25  389  808
25  390  97,375
25  403  261,727,811,895
25  408  610
25  419  579
25  423  427
25  434  28,896
25  439  733
25  442  15
25  446  801
25  449  579
25  451  779,943
25  452  727,811
25  455  663
25  456  579
25  472  22,490
25  473  669
25  475  600,666,884
25  481  700
25  482  427
25  486  562,929
25  495  721,846
25  500  22
26  5  835
26  14  684
26  15  232
26  18  371
26  20  206,623,846
26  22  393,870
26  28  251,529
26  41  516,596
26  51  496
26  55  500
26  57  700
26  72  22,997
26  74  288
26  75  636
26  79  835
26  81  609
26  87  28,63,679,877
26  89  429
26  91  22,717,949
26  93  801
26  94  127,201,553,579
26  109  575,700,952
26  113  429
26  115  15,553
26  123  733
26  129  846
26  130  836
26  141  808
26  143  127
26  146  207,955
26  150  610
26  151  911
26  152  63
26  154  209
26  157  216,711
26  166  496,734
26  169  277
26  170  646,727,811
26  178  244,871,888
26  188  140
26  189  490
26  199  859
26  201  62,109
26  204  943
26  212  801
26  213  432
26  214  232
26  217  251
26  223  801
26  224  429
26  229  166
26  232  156
26  236  398
26  238  663
26  241  627
26  243  938
26  252  307
26  256  652
26  263  575,859,952
26  270  808
26  274  289
26  285  289
26  286  307
26  288  636
26  290  289
26  294  835
26  296  727,811
26  297  753
26  298  689
26  302  727,811
26  314  221
26  322  801
26  323  496,579,946
26  324  190,296,422
26  325  369,470
26  329  753,943
26  346  627
26  350  371
26  354  201,553,579,782
26  359  319,429,779
26  362  470,636
26  365  615
26  368  206,562
26  373  116
26  377  835
26  385  669
26  386  490
26  394  454,722
26  395  801
26  399  371,684,957,959
26  403  627,684
26  414  393,870
26  415  839
26  416  646
26  419  911
26  429  496
26  442  22
26  444  877
26  449  839,885
26  450  15,243,279,824
26  456  22,100,239
26  460  943
26  468  307
26  473  557,753
26  479  429
26  485  911
26  488  609
26  498  579
27  6  216,234
27  10  319,409
27  17  575,621,952
27  35  627
27  36  243
27  37  429,684
27  40  94,820
27  46  525
27  51  130
27  60  201,553,579
27  63  562
27  69  839
27  73  195,393,496
27  74  66
27  76  929
27  78  320
27  79  198,820
27  82  140
27  83  700
27  86  187
27  94  429,669,885
27  96  187,367,371
27  102  22,636
27  103  94,820
27  104  127
27  113  371
27  132  753
27  133  94,820
27  138  375
27  143  251
27  145  251,725
27  146  232,496
27  147  689
27  148  496
27  149  251
27  150  307
27  156  63
27  159  127
27  160  636,831
27  161  429
27  163  146,527
27  169  997
27  170  116
27  172  319
27  180  216,234,700
27  182  859
27  186  398,669
27  193  487
27  194  307,991,997
27  198  429
27  201  855
27  208  621
27  210  201
27  218  367,636,831
27  219  753
27  231  130
27  233  496
27  237  10
27  243  502
27  246  97
27  262  808
27  270  839
27  274  109,525
27  280  663
27  283  496
27  292  221
27  301  216,711
27  307  190,296,422,502,813
27  313  367,700
27  315  782
27  319  251
27  320  808
27  335  198,206,371,820
27  341  116
27  345  621
27  348  63,562,663
27  349  22
27  351  15
27  353  166,245,320,496
27  354  669
27  358  130
27  362  711,786
27  364  733
27  365  165
27  366  575,692,952
27  374  959
27  375  288
27  386  398
27  401  307,664
27  402  727,811
27  408  490
27  416  911
27  418  263
27  421  216,234,579,621
27  423  206
27  424  127,519
27  427  201,553,579
27  433  429,734
27  436  127
27  437  946
27  439  623,727,811,846
27  449  165,307
27  452  470
27  453  579,801
27  454  36
27  457  733
27  462  427
27  467  579
27  469  63
27  472  146,527
27  475  609
27  476  22,717,949
27  478  627
27  490  652
27  491  100,239
27  493  273,669
27  495  801
28  10  371,727,808,811
28  14  496
28  19  320,655
28  22  63
28  31  216,234,496
28  36  28,896
28  42  911
28  46  130
28  47  71
28  50  319,911,997
28  58  100,239
28  66  206,562
28  72  15
28  75  140
28  80  454,722
28  81  198,820
28  82  733
28  86  519,801
28  87  263,669
28  88  166,245,320
28  90  911
28  94  263
28  107  156
28  108  29,835
28  112  835
28  117  496
28  118  206
28  122  700
28  123  911
28  128  627,877
28  130  234,782
28  131  63,216,234,859
28  134  753
28  136  621
28  137  15
28  139  329,936
28  143  307
28  152  198,820
28  155  429
28  159  140,808
28  163  36,198,764
28  164  931
28  174  904
28  177  190,296,422
28  186  753
28  187  496
28  189  454,733
28  192  904
28  201  734
28  207  621
28  208  190,296,422,931
28  209  109
28  216  28,896
28  227  207,375,955
28  228  116
28  233  398
28  234  22
28  235  839
28  239  367
28  242  52,535
28  259  575,952
28  261  97,116,904
28  264  66,575,579,952
28  270  684
28  273  367
28  274  290
28  276  367,824
28  279  496
28  280  813
28  282  398,943
28  286  15,429
28  291  820
28  308  367
28  309  727,811
28  311  839
28  314  627,839
28  316  557,781
28  322  116
28  328  135,251
28  342  490,562,663
28  345  393,870
28  348  943
28  353  991,997
28  357  700
28  361  263,496
28  372  485
28  373  496,700
28  376  808
28  378  360,615,754,997
28  385  320,655
28  386  636
28  388  627
28  393  251
28  395  938
28  402  727,811
28  403  575,952
28  406  52
28  418  522
28  424  216,234
28  425  130
28  426  733
28  432  516,711
28  435  991,997
28  436  100,239,689,808
28  446  700
28  448  398
28  449  143
28  451  579
28  453  700,733
28  456  553,782
28  471  216,234
28  478  742,808
28  479  307
28  480  367
28  482  206,669
28  485  127
28  487  623,808,846
28  492  409,943
28  495  429
28  499  198,820
29  1  946
29  5  429
29  6  427
29  8  519
29  10  429,808
29  18  454
29  20  904
29  23  130
29  27  29
29  33  429
29  41  454,722
29  48  232,398
29  56  153
29  59  575,952
29  78  206
29  79  839
29  84  130
29  87  753,997
29  88  700
29  97  429,835
29  102  500
29  103  216
29  110  649
29  119  982
29  126  429
29  130  120,594
29  132  62
29  136  94,820
29  147  496
29  148  943
29  151  733
29  153  232
29  158  244
29  160  663
29  162  911
29  173  206
29  174  100,239
29  176  496
29  178  885
29  179  263
29  187  243,454,522
29  196  204
29  197  263
29  203  575,952
29  215  684
29  221  454
29  222  808,835
29  223  938
29  224  496
29  235  429
29  242  100,239,429
29  245  94,801,820
29  246  997
29  247  663
29  248  22,562,820
29  262  579
29  268  130,375
29  272  429
29  275  422,859
29  277  206,562,839
29  281  636
29  283  206,562
29  290  140
29  292  22,929
29  293  610,733
29  294  627
29  296  839
29  297  575,952
29  300  733
29  312  251
29  318  943
29  331  627
29  333  808
29  338  429,519,652
29  344  938
29  348  22
29  349  62
29  354  367,496
29  361  375
29  363  496,519
29  375  689
29  378  62,938
29  385  371
29  386  398
29  389  429,575,952
29  398  496
29  402  22
29  403  623,846
29  405  216,234
29  410  734,911
29  411  516,596
29  414  135,201,553,579
29  426  371
29  428  946
29  433  579
29  437  519
29  452  375
29  460  127,519,623,846
29  465  808
29  478  429
29  479  63,261,895
29  485  371
29  490  371
29  493  753
30  10  700
30  12  367
30  17  15
30  22  997
30  26  929
30  29  243,692
30  31  371
30  32  429
30  34  140,326,859
30  38  130
30  40  839
30  48  263,636,846,957
30  49  684
30  55  733,808
30  56  371
30  60  669
30  68  721,846
30  77  522
30  79  700
30  80  904
30  87  360,367,754
30  91  367
30  92  490,955
30  94  692,733
30  96  243,279,824
30  105  429
30  109  52
30  111  201,553,579
30  113  398
30  114  22,931
30  115  684
30  123  931
30  124  140
30  133  206,470,496,562
30  139  201
30  146  289,519
30  155  371
30  156  36
30  159  623,721,846
30  169  779
30  171  116
30  172  387
30  175  579
30  176  116
30  177  454
30  181  669
30  185  130
30  192  165,319
30  197  733,855
30  204  519
30  208  135
30  212  367,700
30  217  206
30  219  490,621
30  220  367,824
30  227  187
30  229  753
30  243  289,530,531,621
30  247  307,789,899
30  249  835,839
30  250  251,375,522
30  252  779
30  255  289
30  256  216,711
30  257  52,375
30  267  195,839
30  268  398,621
30  275  243,279,824
30  281  427
30  282  734
30  284  855
30  290  232,808,839
30  291  488,865
30  295  375
30  296  232
30  297  859
30  307  734
30  308  375
30  310  623,846
30  314  929
30  322  398,500,929
30  323  307
30  335  943
30  336  781
30  339  959
30  345  519
30  347  427
30  348  782
30  355  206
30  356  307
30  364  943
30  368  782
30  381  15
30  382  519
30  384  490
30  391  375
30  392  97
30  393  288
30  396  454
30  397  877
30  399  289
30  407  557
30  418  36
30  422  519
30  424  116
30  425  375
30  431  496
30  434  801
30  437  289
30  451  375
30  461  127
30  468  143,700,911
30  470  251
30  472  575,952
30  479  609
30  495  938
30  496  140
30  499  198,764
31  2  10
31  4  244
31  8  15,130
31  9  808
31  10  429
31  11  371,519
31  18  621
31  20  29
31  25  835
31  30  52,116,859
31  32  100,239
31  33  398
31  35  496
31  37  579
31  47  263
31  49  307
31  55  429
31  58  959
31  60  753
31  61  135
31  64  753
31  65  950,983
31  66  15,522,839
31  82  97
31  86  835
31  88  15,859
31  93  938
31  95  562,943
31  105  522
31  109  727,811
31  114  232,519
31  115  140
31  120  135
31  121  206,398,562
31  124  782
31  126  127
31  127  525
31  131  500
31  144  500,684
31  145  427
31  146  636
31  147  959
31  155  669
31  156  782
31  159  216,429,711
31  166  692
31  170  502
31  171  734
31  186  700
31  194  36,454,722
31  201  243
31  207  496
31  210  116
31  212  502,733
31  233  516,711
31  237  488,865
31  248  782
31  251  94,496,820
31  252  367,721,846
31  254  429,700
31  258  97
31  259  52
31  265  307
31  272  579
31  273  36
31  274  94,454,820
31  277  579
31  279  371,575,952
31  285  911,959
31  291  779
31  292  367
31  299  782
31  302  496
31  311  782
31  312  158,247
31  316  369
31  322  94,820
31  323  877
31  334  221
31  342  627
31  343  263,519
31  352  427
31  358  219,232
31  359  204
31  372  263,689
31  375  615
31  378  15
31  382  94,820
31  388  621
31  389  52,802
31  392  557
31  399  140
31  400  398,911
31  403  432,808
31  406  243,279,367,824
31  409  488,839,865
31  410  165,946
31  411  429
31  420  519
31  421  116,190,296,307,422,500
31  427  209
31  434  204,904
31  438  135,904
31  441  627
31  448  859
31  452  839
31  453  562
31  458  140
31  465  859
31  480  579,733
31  484  496
31  488  198,820
31  489  201
31  494  367,859
31  497  429
32  4  206,562,679
32  12  835
32  16  116,519,621
32  17  15,209
32  24  398,801
32  28  206,727,811
32  34  116
32  44  204,429
32  57  15
32  59  52
32  60  782
32  65  721,846
32  70  232,289
32  71  575,952
32  72  15
32  84  398
32  85  575,801,952
32  92  232
32  93  387,422
32  94  398
32  96  808
32  104  808
32  105  116,371
32  111  669
32  115  387
32  122  490
32  123  398,627
32  125  209,943
32  126  371
32  131  623
32  134  367
32  138  135,355,747
32  151  22
32  161  36
32  162  700
32  172  679
32  173  166,245,320
32  181  367,753,824
32  185  198,234,764
32  186  859
32  195  500,781,802
32  203  52,165
32  208  727,811
32  213  371
32  220  997
32  226  36
32  227  135
32  228  519
32  229  367
32  232  623,846
32  234  15
32  235  206
32  236  775,846,991
32  239  243,367,733
32  246  29,371,429
32  250  579,652
32  252  684
32  257  307,700,877
32  261  835,911
32  266  938
32  269  360,754
32  278  733
32  281  71,206
32  282  636,859
32  283  130,195,393
32  288  371
32  290  429
32  298  221
32  302  97,130
32  306  575,952
32  313  733
32  318  94,820
32  320  429
32  322  835
32  324  29,130
32  335  146,527
32  336  140,326,369
32  340  190,296,422
32  342  398,496
32  344  530,531,621
32  349  904
32  359  839
32  363  140,663
32  369  429
32  373  500
32  374  516
32  377  839
32  380  166,245,320
32  384  496
32  398  839
32  405  71
32  412  877
32  414  669
32  416  244
32  418  636
32  420  22,717,949
32  424  500
32  426  94,820
32  460  130
32  466  52,307,398,859
32  471  575,952
32  472  204
32  473  367,427
32  477  502
32  479  198,820
32  485  470
32  492  636
32  494  835
32  495  52,530,531,621
32  496  801
33  2  20,741
33  6  500
33  12  94,429,820
33  13  496
33  15  15,490
33  28  166,245,320,663
33  31  130
33  36  429
33  43  66
33  48  859
33  50  727,811
33  55  997
33  60  367
33  62  502,877
33  67  575,952
33  70  519
33  72  216,711
33  87  734
33  91  360,754
33  92  808
33  94  52
33  95  209,733
33  97  429,839
33  100  496
33  102  502
33  105  140
33  110  652
33  111  753
33  125  97
33  131  180,556,809,962,997
33  133  429
33  137  206
33  143  621
33  145  206
33  147  959
33  153  387
33  155  496
33  158  146,527
33  160  797
33  167  427
33  175  140
33  195  363,369,911
33  201  664
33  204  522
33  205  94,820
33  210  135,621
33  216  398,959,997
33  223  530,531,621,946
33  227  562
33  228  519
33  229  307
33  231  398
33  238  859,943
33  239  135,575,952
33  243  140
33  248  692
33  252  801
33  253  244
33  258  251
33  261  775,839,846,991
33  272  371
33  274  206,562
33  281  166,245,320,429
33  282  621
33  284  371
33  285  664
33  287  938
33  289  802
33  290  371,519
33  294  244,908
33  295  52,97,839
33  304  904
33  308  307
33  309  782
33  319  15
33  321  808
33  329  636
33  332  97
33  334  429,557
33  337  911
33  339  877
33  347  525
33  353  36,130,946
33  354  130
33  355  166,245,320
33  360  288,636,782
33  361  130
33  366  519
33  367  216
33  370  398
33  377  669
33  378  530,531,621,664
33  381  135
33  382  943
33  384  251,636
33  385  244
33  387  562
33  388  166,245,320
33  389  911
33  392  929
33  393  679
33  396  646
33  400  627
33  403  429
33  404  600,884
33  408  307
33  411  371,835
33  432  243,279,824
33  433  371
33  435  307
33  437  982
33  442  120,594
33  446  636,733
33  451  307
33  457  97
33  458  100,239,454
33  462  52,206
33  467  519,753
33  471  165
33  477  22,733
33  479  700
33  481  127
33  496  938
34  3  52,621
34  7  288
34  10  15
34  12  97
34  13  22
34  16  320,655
34  18  801
34  21  859
34  24  938
34  27  360,754
34  34  243
34  35  130
34  36  877
34  45  877
34  48  216,234,700
34  52  398
34  60  950,983
34  64  367
34  67  52
34  71  500
34  73  553
34  74  371
34  78  245,320
34  79  15,251
34  84  454
34  87  209
34  92  429
34  99  781
34  107  116
34  109  15
34  114  243,279,824
34  116  779
34  120  859
34  126  371
34  127  801
34  132  621
34  133  206
34  137  775,991
34  139  367,470
34  140  429,943
34  143  524,808
34  144  367
34  146  263
34  148  454
34  155  753
34  156  997
34  161  711,786
34  162  52,808
34  163  36,982
34  168  621
34  171  216,711
34  172  496,500
34  173  959
34  175  307
34  176  94,820
34  179  52
34  182  180,556,809,962
34  188  100,239
34  190  808
34  194  140,244,326,575,952
34  195  387,982
34  197  904
34  200  130
34  206  15
34  209  371
34  210  743
34  215  579
34  219  204
34  220  684
34  230  871,888
34  232  216,623,711
34  233  839,859
34  235  369,371
34  241  859
34  245  116
34  247  140,326
34  250  116
34  252  530,531,621
34  254  429
34  257  165,216,711
34  260  485
34  262  429
34  268  97
34  270  429
34  276  15
34  279  721,846
34  282  36,524
34  285  496
34  292  367
34  296  646
34  298  929
34  305  187
34  309  621
34  315  496
34  320  371,743
34  321  15
34  328  398
34  329  950,983
34  332  387
34  343  487
34  348  636
34  349  357
34  353  22,839,877
34  363  130,502
34  370  130
34  375  320,655
34  376  429,579,786
34  380  502
34  382  839
34  383  808
34  385  700
34  386  859
34  391  143
34  399  779
34  400  721,846,859
34  402  288,496
34  403  198,820
34  405  621,636
34  412  454
34  417  165
34  419  627
34  423  500
34  431  22,371
34  433  652
34  435  734,813
34  436  300,959
34  437  877
34  438  206
34  442  97
34  446  15,94,820
34  448  140,326
34  450  307,610
34  453  307
34  461  808
34  463  165
34  464  684
34  466  216,234
34  469  997
34  477  15
34  479  15
34  482  166,245,320,753
34  484  221
34  491  808
34  494  97,997
34  498  300,307
35  9  429,575,952
35  13  71,929
35  16  94,244,273,820
35  31  232
35  41  263
35  46  911
35  48  519
35  52  120,594,733
35  64  289
35  72  63,859
35  77  369
35  79  813
35  80  94,820
35  81  146,527
35  90  500,627
35  94  97
35  95  97
35  97  371,904
35  106  195,393
35  118  522
35  122  15
35  128  116
35  146  575
35  152  429
35  161  371
35  165  94,820
35  166  130
35  177  116
35  179  575,835,952
35  187  97,130,525
35  192  204
35  197  615,775,846,991
35  203  216,711
35  207  130,190,296,422
35  212  621
35  215  187,216,700,711
35  217  166,245,320,652
35  222  288,797
35  228  94,820
35  236  877
35  238  727,811
35  239  733
35  248  94,820
35  252  15
35  262  371,997
35  263  743
35  264  97
35  269  627,835
35  270  427
35  273  877
35  281  371
35  291  763
35  300  140
35  306  52
35  307  29
35  308  733,820
35  312  66
35  313  781
35  315  360,371,754
35  317  209,797
35  318  84
35  333  808
35  337  782
35  341  669
35  357  371
35  358  859
35  359  367
35  362  130
35  368  52
35  374  472
35  378  187
35  379  700
35  394  71,943
35  398  52
35  402  130
35  404  261,652,895
35  405  885
35  409  763
35  414  63,753
35  426  97,931
35  427  669,721,846
35  429  575,952
35  430  198,764
35  433  135
35  446  187
35  449  156
35  453  15
35  455  429,899
35  456  627
35  458  636,782
35  463  307
35  470  781
35  471  496
35  472  929
35  473  206
35  474  329,936
35  475  146,527
35  477  97
35  479  116,782,997
35  488  216,234
35  492  357
35  498  273
36  1  263
36  5  371,839
36  10  721,846
36  11  277
36  12  371
36  14  130
36  18  938
36  37  500
36  46  782
36  47  684
36  57  496
36  61  519
36  64  140
36  68  669
36  72  782
36  74  500
36  78  209
36  81  300
36  101  234
36  111  367
36  112  636
36  113  621
36  115  679
36  124  496,782
36  125  553,636
36  132  743
36  133  371
36  139  28,375,519,621,896
36  141  835
36  151  627
36  152  371
36  153  15
36  157  130
36  163  485,636,797
36  164  62,165,959
36  166  398
36  168  371
36  169  36
36  181  216,711,904
36  186  367
36  189  97
36  200  496,931
36  209  855
36  211  429
36  213  94,820
36  215  263
36  218  950,983
36  221  877
36  226  429
36  230  496
36  231  931
36  237  931
36  238  496
36  241  251
36  243  100,187,239
36  247  782
36  252  97
36  258  429
36  261  94,820
36  279  130
36  280  232,899
36  281  797
36  285  116,636
36  289  52,120,496,594
36  293  52
36  294  470,997
36  296  206
36  297  52
36  298  300,959
36  301  140
36  313  369
36  318  62,289
36  319  689
36  321  429
36  337  959
36  350  116
36  351  779
36  358  519,700,859
36  361  959
36  375  244
36  380  367
36  382  782
36  383  429,779
36  387  454,722
36  389  371
36  397  429
36  405  733
36  408  97
36  411  470
36  414  367,997
36  415  684
36  419  307
36  421  29,94,820
36  422  579
36  431  130
36  436  165
36  439  496
36  448  859
36  449  251
36  455  369
36  461  130
36  466  721,846
36  467  367
36  473  623,846
36  482  367
36  486  387
36  487  429,733
36  488  500
36  492  904
36  493  367
36  496  530,531,621
36  499  29,273
37  1  575,952
37  8  997
37  9  371
37  18  29
37  24  530,531,621
37  28  496
37  30  962
37  37  371
37  40  140
37  41  52
37  45  797
37  50  496
37  52  15
37  53  943
37  63  636
37  67  579
37  73  911
37  77  871,888
37  80  885
37  83  127
37  86  700
37  89  94,371,652,820
37  99  369
37  103  130
37  104  808
37  109  496
37  114  15
37  118  166,245,320
37  119  782,813
37  123  97
37  126  557
37  128  94,782,820
37  143  429
37  144  700
37  149  192,955
37  150  962
37  151  502
37  154  371,775,846,991
37  159  371
37  162  15,877
37  167  206,950,983
37  175  100,239
37  179  839
37  180  15
37  181  367
37  185  636,831
37  187  454
37  190  429
37  195  871,888
37  197  387
37  204  733
37  205  500
37  207  15
37  208  29,496,911
37  211  371
37  212  15,775,846,991
37  216  700,859
37  218  700,797
37  221  627
37  222  839
37  224  371
37  227  232,557
37  234  502
37  235  166,245,320,871,888
37  236  700,859
37  245  94,820
37  250  94,820
37  255  140,904
37  257  135,470
37  278  140
37  280  519
37  288  130
37  290  307
37  296  496
37  311  439
37  315  130
37  318  140
37  319  959
37  327  929
37  331  753
37  333  429
37  336  557
37  337  36
37  342  130
37  345  63
37  347  206
37  349  243
37  351  839,931
37  353  130,636
37  357  97
37  359  779
37  360  943
37  373  130
37  376  371
37  385  15,367
37  387  500,885
37  402  496,689
37  403  146,371,496,527
37  407  244
37  415  490
37  418  116
37  420  206,243,279,824
37  424  839
37  429  52
37  435  859
37  438  135,166,245,320,454,627,722
37  439  97
37  444  627
37  452  130,496
37  456  529,929
37  458  627
37  461  36
37  467  835
37  474  516,711
37  481  429
37  483  899
37  485  808
37  487  97
37  491  130
37  496  288
37  500  782
38  2  519
38  5  839
38  12  15
38  29  22
38  31  500
38  34  636,831
38  43  130
38  47  530,531,621
38  52  636,831
38  62  782
38  71  557
38  83  734,781
38  85  273,700
38  87  950,983
38  91  733
38  100  206
38  101  120,594
38  107  251,636
38  111  950,983
38  113  859
38  115  646
38  127  938
38  144  636
38  145  209
38  153  165,432,775,846,991
38  154  209
38  155  130
38  158  652
38  161  562
38  171  140,326
38  173  621,721,846
38  184  753
38  188  733
38  192  140,326
38  194  652
38  195  360,621,754
38  196  496
38  208  627
38  215  557,877
38  223  187,243
38  226  959
38  233  130
38  234  288
38  236  859
38  237  116,525
38  249  839,859
38  254  371,636
38  255  100,239
38  260  500
38  292  496,636
38  295  135,813
38  296  521
38  297  367
38  299  652
38  300  100,239,627
38  302  496
38  303  232,371
38  307  763
38  317  28,187,896
38  318  100,239
38  320  496
38  323  130
38  326  684
38  329  367
38  333  209,429
38  334  557
38  341  753
38  345  997
38  352  206
38  355  165,877,959
38  359  727,811,929
38  364  797
38  366  52
38  369  36
38  377  753
38  381  943
38  382  36
38  386  496,627
38  393  652
38  396  610
38  402  130,782
38  403  52
38  412  808
38  413  263,398
38  422  931
38  427  753
38  428  877
38  430  636,700
38  434  36,700
38  436  429,962
38  439  216,711
38  440  808
38  441  116
38  442  839
38  443  779
38  444  195,393
38  449  652
38  451  636
38  452  135
38  457  496,839
38  459  813
38  460  621,636
38  461  429
38  462  855
38  465  429,839
38  468  627
38  469  779
38  470  369
38  473  130,216,711
38  475  198,764
38  477  371
38  481  15
38  484  97
38  485  429,636
38  486  931
38  487  371
38  491  429
38  496  187
38  497  371,496
39  19  244,943
39  22  877
39  25  116,839
39  33  859
39  34  15
39  35  813
39  37  779
39  42  140,627
39  48  15,52
39  50  627
39  53  140,326
39  68  753
39  72  734
39  75  100,239,943
39  77  116,959
39  81  198,764
39  85  496
39  89  490
39  90  627
39  104  429
39  108  839
39  110  460
39  112  782
39  114  490,782
39  118  52,734
39  122  288
39  124  130
39  132  553
39  135  911
39  136  621
39  137  22
39  139  733
39  140  371
39  141  429,733
39  143  371
39  144  733
39  148  797
39  149  116
39  150  733
39  156  429
39  163  63,813
39  164  820
39  165  216,234,454
39  176  130
39  177  29,502
39  179  52,959
39  185  797
39  190  371
39  191  938
39  196  130
39  197  360,575,754,952
39  198  116
39  210  135
39  215  15,52
39  218  15,733
39  220  684
39  225  371
39  240  519,763
39  247  496
39  248  627
39  251  130,575,775,846,952,991
39  253  496,959
39  257  579
39  259  166,245,320,627
39  262  187
39  267  52,779
39  272  307
39  276  94,502,516,711,820
39  286  371
39  293  15,97
39  294  711,786
39  302  130
39  308  496
39  311  130
39  313  575,615,952
39  318  243
39  335  116,636
39  340  29
39  341  367
39  348  782
39  351  307
39  356  865
39  358  15,692
39  359  496,733,734
39  361  135,721,846
39  372  959
39  373  959
39  377  367
39  381  146,527,636
39  386  52,130
39  394  636
39  396  496
39  401  369
39  404  621
39  410  627,877
39  412  429,931
39  422  839
39  425  135
39  431  782
39  434  775,846,991
39  437  140
39  438  562,775,846,885,991
39  440  52,763
39  442  429,636,782,831
39  446  496,997
39  455  116
39  459  15
39  462  251
39  464  734
39  466  500
39  467  307
39  469  300
39  471  130,500
39  479  94,820
39  480  636
39  484  929
39  489  52
39  493  243,877
39  495  187
39  497  130,454
39  498  165,221,575,952
40  1  636,877
40  5  140
40  6  779
40  12  135,610
40  13  130,502
40  14  839
40  15  94,820
40  18  500
40  19  636
40  28  130,201,244,307,496,899
40  37  959
40  52  797
40  62  97
40  68  557
40  69  187,496
40  70  636,831
40  71  97
40  79  146,527
40  84  859
40  86  15,789
40  91  97
40  93  360,530,531,621,754
40  94  360,754
40  96  244,371,950,983
40  97  371,959
40  101  636,831
40  104  244,371
40  106  187
40  109  130
40  114  307
40  120  209
40  121  500
40  127  243,279,824
40  136  524
40  137  782
40  139  97,490,502,557
40  141  97
40  145  166,245,320
40  146  100,239
40  147  94,130,820
40  149  130
40  155  950,983
40  156  371
40  167  29
40  175  646
40  184  367
40  193  734
40  194  71
40  201  575,952
40  207  29
40  210  553
40  211  97
40  212  97
40  214  519,623,846
40  220  636,813
40  228  859
40  234  859
40  237  94,820
40  240  877
40  246  474,644
40  247  130
40  251  502,524,877
40  257  140
40  268  135
40  270  206
40  283  206,562
40  287  530,531,621,859
40  288  36,877
40  292  130,502
40  296  20,610,741
40  298  734
40  307  991,997
40  308  97,500,929
40  313  871,888
40  319  243,279,824
40  322  859
40  331  367
40  335  198,764
40  341  187
40  342  899
40  343  36,52
40  344  187
40  347  206
40  348  997
40  349  130,664
40  353  288
40  359  97
40  364  97,636
40  367  52
40  381  360,754
40  383  371
40  384  652
40  391  664
40  395  530,531,621
40  397  94,371,820
40  398  562
40  399  500
40  404  198,820,877
40  412  371
40  413  52
40  415  733
40  416  273
40  423  166,245,320
40  441  94,519,820
40  442  371
40  443  398
40  444  521
40  450  733
40  451  135
40  453  500
40  454  216,711
40  465  371,553
40  469  165
40  470  946
40  478  277
40  484  130
40  486  307
40  491  959
40  498  307
