1  4  470,764
1  7  997
1  9  28,216,487,877
1  12  959
1  16  319,682
1  21  663
1  24  655
1  27  44,469
1  31  58,801
1  32  239,593
1  34  109
1  36  727,910
1  37  997
1  40  242
1  45  417
1  46  519
1  47  290
1  48  216
1  49  224
1  50  251,290,470,716,764
1  64  967
1  67  508
1  72  508
1  75  997
1  77  290,899
1  78  28,519,877,913,957
1  79  223
1  80  22,997
1  81  239,504,519,562,627,679,802,985
1  87  329
1  94  216
1  96  28,877
1  97  214,592
1  104  412,470
1  111  470,764
1  114  688
1  123  820
1  124  143,820,955
1  126  242,251,716
1  128  190,305
1  136  740
1  137  290,504,529,627
1  143  516,596
1  147  156
1  149  22
1  152  957
1  154  668
1  157  522
1  164  522
1  166  801,820,957
1  167  782
1  173  412
1  175  519,985
1  183  22
1  184  329,883
1  187  668
1  189  58,401
1  192  221
1  197  562
1  199  305
1  212  290
1  213  522
1  216  245
1  219  516,596
1  221  212
1  222  22,319,957
1  227  412,802
1  228  94
1  229  340
1  230  592
1  233  66
1  234  223
1  237  261,290
1  242  58
1  244  688
1  245  242
1  250  290,859
2  8  251,716
2  10  782
2  11  234
2  13  216
2  14  688,904,997
2  15  214,257,593,802
2  18  156,985
2  20  646
2  24  255
2  27  327,671
2  29  290
2  33  324,349
2  34  242,251,593
2  46  12
2  48  58
2  56  997
2  59  174
2  66  997
2  68  800,904,997
2  76  221
2  80  324,349
2  91  216,530,531,716
2  92  985
2  105  44,469
2  116  320,655,813
2  119  859
2  125  417,813,910
2  130  412
2  135  983
2  144  983
2  146  974
2  148  412,558
2  150  251,531,716
2  156  350
2  163  409
2  172  519,688,716
2  173  800
2  176  274,443,673
2  177  688
2  180  519
2  183  58,692
2  185  221,519
2  194  957
2  200  527
2  202  156
2  212  432,840
2  222  216,234,242,245
2  225  401
2  226  240
2  234  859
2  240  412,519,983
2  241  251,516,596
2  245  593
2  250  305
3  10  357,409,962
3  15  646
3  19  290
3  22  216,530,531
3  24  668
3  34  621
3  39  412
3  40  94
3  41  820
3  59  502
3  65  409
3  70  195,393
3  72  371
3  77  946,962
3  79  216,530,531
3  80  127,243,717,827,949
3  91  531
3  93  516,529,596
3  101  946
3  108  519
3  110  319,957
3  113  717,949
3  118  519
3  119  412
3  121  156
3  123  786
3  125  290,329
3  126  290,529
3  133  489
3  135  525
3  136  531
3  138  44,469
3  146  647,671,739,791
3  148  422
3  155  242
3  161  290
3  162  519
3  164  240
3  170  487
3  172  224,524
3  176  84
3  180  63,827
3  184  592
3  188  290
3  191  738
3  204  278,688
3  207  519
3  209  324,349,692
3  222  782
3  224  367,824,904
3  234  688
3  239  535
3  246  782
3  247  183,472,668
3  248  290
4  4  224,460
4  8  189,516,531,596,904,928
4  9  143,251,716,955
4  10  802
4  12  519
4  16  527
4  19  725
4  23  216,530,531
4  24  290
4  27  531
4  28  238,290
4  31  738,983
4  41  319
4  45  190,781,859
4  48  786
4  53  983
4  58  789
4  64  24
4  65  371
4  67  740
4  70  801
4  72  960
4  76  929
4  79  487
4  86  519
4  88  417
4  89  251,470,504,627,764
4  90  646
4  93  579
4  96  80,307,625
4  98  80,224,307,625
4  104  251,716
4  112  2,650
4  115  153,946
4  116  143,955
4  120  985
4  121  329,802
4  122  190
4  126  79,531,668,936
4  128  140,155,820
4  136  319
4  139  216,530,531,688,910
4  142  985
4  150  531
4  152  875
4  154  504,627
4  155  470
4  165  340
4  172  245,813
4  176  646
4  181  489
4  187  637
4  189  412
4  190  22
4  196  531
4  201  156,470,764
4  203  224
4  204  519
4  207  835
4  211  109
4  216  239,377,388,802
4  219  579
4  225  734,801
4  227  911
4  228  525
4  229  357
4  230  881
4  231  261,861,895
4  233  29,700
4  237  216,242,530,531,668
4  240  127,519,531,802
4  242  183,472
4  244  508
4  245  950
4  246  207,955,962
5  4  916,950
5  11  717,949
5  13  242
5  14  680,827
5  27  183,472
5  31  94
5  41  522
5  47  725
5  48  245
5  49  243,279,329,824
5  55  519
5  64  827
5  66  290
5  75  668,684
5  76  692
5  77  261,393,870,895
5  81  22,412,519
5  82  531
5  92  692
5  93  320,655
5  104  531,688
5  109  997
5  110  688,727,811
5  113  58,983
5  116  240
5  128  174
5  132  242
5  137  216,350,519
5  141  290
5  143  28,877
5  146  278
5  148  531
5  155  289,679,915
5  158  682,859
5  168  663,692
5  177  524
5  178  242,432
5  180  454,912
5  184  832,899
5  187  58,770
5  191  490
5  195  216
5  196  224,345
5  201  367,646
5  205  519
5  212  914,995
5  214  22
5  216  94,508,682
5  228  245,263
5  230  801
5  234  201,305
5  241  504,627
5  246  201,553,579
5  248  489
5  249  738
5  250  439,781
6  7  290
6  8  278,710
6  13  522
6  31  58,216
6  38  646,957
6  42  417
6  45  801
6  46  820,946
6  49  165,786
6  50  801
6  53  460,531
6  56  997
6  68  412,680,957
6  73  522
6  80  96,331,912
6  102  522
6  104  531
6  111  982
6  131  412
6  145  516,596
6  164  350,802
6  165  789
6  167  94
6  173  412
6  184  255
6  185  985
6  187  214
6  197  319,470,764
6  201  367,377,388
6  207  525
6  208  417
6  215  931
6  218  216,530,531
6  226  29
6  235  579,727
6  243  207,955
7  8  409
7  10  201,553,579
7  14  329,936
7  20  519
7  22  739
7  32  722
7  33  682,770
7  36  727,910
7  37  417,985
7  38  216
7  42  957
7  43  470,504,627
7  45  44,469
7  46  593
7  52  802
7  56  504,627,684
7  60  12
7  61  997
7  72  245
7  74  216
7  76  94,593
7  77  201,553,579,609
7  82  522
7  88  647,671,739,791
7  90  525
7  97  409
7  100  12,127
7  103  319,562
7  105  324,349
7  106  245
7  113  738
7  120  454,623,978
7  121  251,522,957
7  124  305
7  131  80,307,625
7  136  186,319
7  141  519
7  151  663
7  152  417
7  163  58
7  169  502,646
7  170  290,859
7  173  149
7  176  62
7  177  214
7  179  214,257
7  190  490
7  195  140,155
7  196  916
7  197  221
7  201  216,224,251,982
7  202  655
7  206  127,140,326
7  208  239,802
7  209  522
7  212  96,331
7  216  28,251,877
7  221  813
7  231  216,470,764,801,974
7  237  646,725
7  242  638
8  1  522
8  4  983
8  5  300,725
8  9  263,470,764
8  17  251
8  19  278
8  21  682,943
8  26  808
8  34  340
8  35  156,290
8  37  655
8  39  801
8  40  329,668
8  52  682
8  56  216
8  58  946
8  62  251,504,627,813
8  64  319
8  67  409
8  68  216,234
8  69  782
8  73  531,558
8  75  848
8  79  242,290
8  81  562
8  83  502
8  94  800
8  105  327,377,388,671,770,877
8  110  875
8  113  455,851
8  114  985
8  115  377,388,770
8  118  224
8  125  527
8  126  345,502
8  131  156
8  146  419
8  148  58,904
8  153  44,469
8  156  800,974
8  166  22
8  172  216,261
8  177  519,983
8  184  224
8  189  313,897
8  193  174,959
8  201  733
8  203  174,983
8  205  127,224
8  210  135,251,782
8  212  535
8  216  263
8  223  519,957
8  224  516,711
8  225  313,700,897
8  227  168
8  229  290,983
8  232  808
8  239  417,957
8  240  28,58,289,877
8  241  434,507
8  243  688
8  244  195,393
9  2  393,745,888
9  5  319
9  10  371
9  12  912
9  14  156,684,703
9  21  668
9  25  412
9  28  371,579
9  29  66,590,958
9  38  875
9  40  724,904
9  43  240
9  45  221,327,671
9  47  393
9  50  174,460,562
9  52  911
9  62  682
9  66  531,725
9  69  962
9  72  558
9  77  669
9  82  116,502
9  87  319,946
9  96  66,508,647,671,739
9  103  108
9  106  827
9  114  978
9  121  875
9  135  682
9  143  263
9  148  504,627
9  152  801
9  156  412
9  159  470,764,985
9  162  127
9  163  319
9  167  143,955
9  168  369
9  169  367
9  175  127,417
9  177  58,127
9  183  224,802
9  186  143,955
9  192  417
9  194  519
9  205  319
9  208  688
9  210  957
9  219  320,655
9  221  789
9  224  680
9  225  127,345,429
9  238  32,251,727
9  245  242
10  10  669,721,846
10  13  116
10  14  201,398
10  19  802
10  28  187,808
10  41  496,717,949
10  44  525,904
10  48  661,863
10  52  593
10  56  863
10  58  531
10  68  29,700
10  81  63,912
10  89  813
10  90  109,367
10  96  263
10  97  454,861
10  109  865
10  110  99,206
10  123  143
10  124  239,320,452,646,655
10  134  813,891
10  135  678
10  139  329
10  141  725
10  146  331,620,770,961
10  147  957
10  150  345
10  156  44,245,469
10  159  80,307,625,692,946
10  162  859
10  165  393,870
10  166  240
10  169  224
10  170  305
10  176  367
10  177  183,472,808
10  180  517,957
10  183  911
10  184  271
10  197  470,764,985
10  210  290,725
10  214  786
10  219  820
10  222  357,535
10  223  127
10  232  127
10  234  240
10  237  2,22
10  239  519
10  241  278
10  244  524,960
10  246  669
10  247  519
10  248  277,861,891
10  250  725
11  7  840
11  11  957
11  14  883
11  16  251,417
11  17  143,955
11  18  242
11  19  143,955
11  22  655
11  25  531,920
11  34  592
11  38  519
11  39  200,491
11  48  434
11  49  579,688
11  50  345,562
11  52  875
11  58  94
11  71  224
11  76  13
11  77  198,688,753,820
11  84  324,349
11  109  727,811
11  112  820
11  113  96,331
11  119  12,531,997
11  123  800
11  139  957
11  154  579,637,786
11  161  393,786,870
11  165  621
11  167  58
11  169  32,717,727,949
11  177  345,678
11  178  727,910
11  179  593
11  188  44,469
11  192  224,885,997
11  197  562
11  202  957
11  206  432,688
11  217  216
11  220  740
11  225  327
11  245  680
11  248  290
12  2  531,983
12  14  832,899
12  18  978
12  23  16,230
12  24  140
12  32  94
12  36  377,388
12  38  412
12  39  832
12  46  127
12  49  143
12  58  457,877
12  64  786
12  66  579
12  77  174,367
12  79  680
12  80  127,497,808
12  81  143
12  83  508
12  84  345,770
12  89  516,519
12  91  508
12  94  827
12  99  417
12  105  881
12  120  99
12  123  904
12  126  637
12  137  538,928
12  158  251
12  161  216,530
12  170  224
12  171  519
12  172  802,840
12  174  393,538,870,928
12  182  983
12  198  519
12  200  174,531
12  201  22,201,881
12  203  75,765
12  204  127,621
12  211  621
12  216  13,781
12  218  290
12  221  195,393,454,722
12  225  957
12  230  700
12  231  700
12  232  808
12  246  967
12  247  278
12  248  938
13  1  94
13  3  519
13  6  782
13  11  508
13  17  190,781,859
13  19  206,911
13  20  367
13  21  663
13  26  371
13  33  123,432
13  44  243
13  50  319,417
13  51  983
13  52  627
13  56  684
13  57  519,646
13  59  991,997
13  62  367
13  64  207,738,955,985
13  67  224
13  70  861
13  72  289,547,915
13  78  519
13  86  357
13  99  319
13  109  58
13  114  99
13  117  957
13  118  127
13  119  305
13  126  593,663
13  131  58
13  149  319,946
13  150  327
13  152  99,206
13  165  508
13  171  621
13  172  127,224,345
13  179  865
13  186  185
13  187  792
13  190  502
13  192  883
13  194  813
13  196  174,815
13  201  496,782,786
13  203  879
13  206  215
13  211  2,190,296,422
13  212  17
13  217  861
13  239  255,875
13  241  620
13  242  904
13  247  688
13  249  700
13  250  427
14  6  962
14  11  367
14  12  519
14  13  692
14  15  417
14  22  255
14  24  725
14  27  345
14  28  371
14  29  216
14  35  251
14  36  881
14  37  985
14  40  592,724
14  42  298
14  46  877
14  56  434,507
14  62  156
14  64  232,912
14  65  721,846
14  66  522
14  71  417
14  73  345
14  91  29,345,461,661,863
14  94  32,531,727
14  110  496
14  113  470,764
14  118  931
14  122  485
14  126  680
14  130  668
14  136  727,811
14  137  298
14  139  201
14  140  692,881
14  150  815
14  153  327,671
14  157  224
14  158  781
14  161  579,786
14  163  214
14  164  29
14  166  508,800
14  170  439,781
14  171  63
14  179  417
14  180  875
14  185  393,870
14  188  725
14  190  957
14  191  156
14  194  504,627
14  200  345
14  209  116
14  213  206,920
14  214  143
14  217  829
14  219  307
14  225  369
14  226  153
14  227  156
14  233  417,692
14  249  655
15  2  94
15  4  140,155,378
15  12  668,706,808
15  16  196,781
15  19  959
15  29  547
15  31  661,863
15  37  409
15  38  127,865
15  39  496,700
15  51  94
15  52  143,781
15  62  143,583,684
15  73  327
15  84  189,904,928
15  90  688
15  92  417
15  94  863
15  97  829
15  100  525
15  103  12,904
15  105  216,485,530,531,689
15  133  679
15  134  58
15  135  682
15  137  663
15  149  58,877
15  151  195,393
15  155  558,982
15  156  29,700,820
15  161  178,227
15  162  22,305
15  165  261,369
15  168  943
15  175  519,808
15  177  972
15  180  661,863,943
15  187  972
15  192  496,916
15  197  230,417
15  200  327
15  205  808
15  220  324,349,883
15  221  140
15  229  840
15  235  959
15  236  224,508,522
15  237  91,156,239,801,802
15  240  28,877
15  246  753
15  247  620
16  8  245,579
16  10  627
16  18  99,680
16  19  490
16  20  216,530,531
16  33  13
16  37  470
16  38  29,700
16  40  680
16  41  239,452
16  46  808,957
16  48  224
16  51  13
16  62  113
16  63  815
16  64  143,593,739
16  69  201,553,579
16  71  149,242
16  75  324,349,623,846
16  83  116
16  85  688
16  86  174
16  89  724
16  92  808
16  94  345
16  97  371,599
16  106  143,912,955
16  110  174
16  113  378
16  116  29
16  123  680
16  126  61,460,792,865
16  132  740
16  137  801
16  140  369,398,997
16  141  692
16  142  562
16  146  123,432,535
16  148  434,507
16  149  454,504,538,627,928
16  151  251,290
16  152  519,700
16  155  245
16  157  261
16  158  985
16  160  234,305,367,824
16  161  289
16  162  12
16  164  700
16  166  319,412,700
16  172  661,863
16  176  733
16  179  519
16  180  149
16  184  242
16  189  531
16  190  782,991,997
16  194  279,422
16  196  215
16  197  519
16  201  97,485
16  204  216,530,531,808
16  205  655
16  209  201
16  214  178,227
16  215  904,985
16  232  371,957
16  237  572
16  249  538,928
16  250  367
17  8  371
17  12  637
17  27  519
17  28  28,289,557,877
17  29  240
17  31  508
17  35  816
17  36  778,914
17  37  684,978
17  39  873
17  43  904
17  46  875
17  47  427
17  60  393,688,870
17  66  345,427
17  67  58
17  68  791
17  69  669
17  86  808
17  88  801
17  94  519,912
17  99  808
17  114  224
17  115  881
17  120  350
17  127  206,562
17  133  143,432,955
17  134  66
17  138  174
17  139  367,579
17  143  529
17  151  206,216,562
17  156  599
17  158  234
17  160  504,627
17  161  725
17  165  454,722
17  166  29,502,700,727,811,875
17  167  13
17  168  522,636
17  177  216,327,801
17  183  398
17  185  517,522
17  197  460
17  203  263
17  204  429
17  205  224,646
17  208  75,174,765
17  209  682,985
17  223  808
17  226  409
17  229  374
17  230  599
17  231  829
17  235  29,461
17  236  116
17  241  490
17  242  58,680
17  245  865
17  247  655
17  250  206
18  3  22
18  11  960
18  12  113
18  14  127,497,508
18  15  367
18  16  457,496,688
18  20  206
18  21  637
18  25  58,143,519,682
18  27  327
18  30  216,530,531
18  31  13
18  42  649
18  48  143
18  49  519
18  58  58,127
18  62  592
18  64  127,497,538,928
18  65  801
18  70  829
18  72  488
18  81  127,359,497
18  85  239,434,507,802
18  92  519
18  93  61
18  100  957
18  101  985
18  103  496,680
18  104  58,345
18  108  174
18  109  319
18  112  239,452
18  113  58
18  117  875
18  119  58,684
18  121  242,592,911
18  124  647,671,739,791
18  128  470
18  129  417,489
18  133  938
18  137  216,530,531
18  138  820
18  146  13
18  152  223
18  154  792
18  162  439,781
18  164  116
18  166  29
18  171  409
18  177  519,802
18  181  983
18  182  678
18  188  689
18  189  875
18  194  289,498
18  208  97,224,485
18  210  865
18  213  116,263
18  216  527,881
18  222  496,519,904
18  225  216,234,871,875,888,946,974
18  232  289
18  233  692
18  236  916
18  237  263,427
18  242  519
18  245  22,307
18  248  829
19  2  516,596
19  8  214,257
19  9  531,661,863,904
19  15  967
19  20  835
19  21  251
19  36  485
19  46  429
19  50  327
19  52  504,627
19  53  290
19  56  2,599
19  57  835
19  61  80,307,625
19  70  700
19  73  239,802,815
19  76  398
19  88  487
19  89  724
19  94  149
19  100  957
19  102  195,278,393
19  110  224
19  120  727,955
19  123  412
19  126  207,393,870,955
19  129  75,251,765
19  138  327,671
19  140  859
19  143  663
19  151  943
19  155  242
19  162  153
19  166  99,206,496,781
19  167  61,214
19  172  215,808
19  175  562
19  186  417
19  192  929
19  198  835
19  201  661,863
19  203  829
19  204  371
19  205  504,627
19  208  700
19  217  661,863,916
19  218  257,700
19  227  251
19  230  955
19  247  340
20  7  417
20  18  955
20  31  915
20  34  305
20  40  13,244
20  43  982
20  48  776
20  49  307
20  52  240
20  58  873
20  61  508
20  62  29,251,432
20  64  109,496
20  68  684,725
20  69  680
20  74  143,955
20  77  950,983
20  81  153
20  83  36
20  87  393,870
20  89  216,530,531
20  96  207,329,575,952,955
20  98  668,801
20  99  174,252,324
20  105  848
20  113  948
20  115  877
20  119  79,299,439,781,873
20  125  94,367,725
20  128  599
20  130  637
20  137  835
20  148  873
20  152  808
20  155  488
20  157  519
20  158  263
20  163  455,851
20  170  215
20  176  692
20  202  916
20  211  409,572
20  216  234,575,952
20  232  289
20  235  997
20  237  180,205,206,700
20  239  75,765
20  241  2,489,579
20  242  16,145
20  248  772
20  250  815,862
21  7  75,765
21  11  633
21  13  398
21  31  600,776
21  34  239,802
21  35  650
21  44  875
21  47  206
21  49  178,227
21  50  51
21  58  214
21  59  22,214
21  60  79,299,706
21  61  329
21  64  562,899
21  71  75,765
21  77  504,524,547,579,627,786
21  86  519
21  88  252,324
21  89  244
21  98  916
21  107  94
21  113  361
21  115  485
21  121  116,174,627,680
21  122  470,764
21  123  29,700
21  138  689
21  150  925
21  151  393,870
21  152  429
21  155  680
21  156  319
21  157  835
21  162  808
21  169  96,331
21  171  216
21  173  286
21  175  75,765
21  186  647,655,671,739,791
21  194  835
21  195  239,802
21  199  319,801
21  200  815
21  202  655
21  203  417
21  209  562
21  210  962
21  211  371
21  220  832,899
21  223  500
21  224  16,145
21  228  688
21  232  140
21  234  497
21  240  263
21  243  524
21  245  460
21  246  232
21  247  959
22  7  684
22  13  661,863
22  15  97
22  22  32,727,974
22  26  733,797
22  28  140,873
22  32  216,331,530,531
22  37  371
22  38  808
22  40  61
22  41  130
22  43  985
22  49  524
22  50  66,590,958
22  53  345
22  57  319,367
22  65  938
22  81  29,204,700
22  85  2
22  92  371
22  95  156
22  104  327
22  124  367
22  128  221
22  130  957
22  133  209
22  134  624,639,662
22  137  13,661,700,863
22  142  417
22  144  678
22  149  216,530,531
22  150  327
22  156  689
22  158  562,782
22  159  217
22  169  997
22  173  915
22  185  289
22  190  251
22  191  538,928
22  192  116,234,463
22  194  839
22  195  143
22  197  519
22  199  531
22  201  130,143
22  205  367
22  206  957
22  207  881
22  209  457
22  210  547
22  216  61,367,603
22  234  593
22  237  174
22  247  861
23  5  865
23  10  753,938
23  11  875
23  14  779,791
23  16  786
23  27  815
23  28  140,225
23  31  242,624,639,662,689
23  35  840
23  37  955
23  40  16,145
23  43  813
23  47  166,245,320
23  53  786
23  55  997
23  64  519,913
23  74  647,671,739,791
23  77  146,527
23  78  127,682
23  82  345,991,997
23  92  289
23  93  378,417
23  94  700
23  101  143,955
23  104  815,873
23  111  367
23  118  558
23  125  427,715,983
23  126  234
23  129  201
23  130  168,190
23  134  733,827
23  135  378
23  136  345
23  137  127,827
23  138  508
23  141  189,398,904,928
23  144  94
23  145  859
23  148  488
23  149  278,300,725
23  154  140,155
23  157  156,174,422,829
23  158  52,562
23  161  427
23  167  972
23  171  289,371
23  178  859,914
23  180  409
23  189  58
23  190  519
23  201  178,227,600
23  203  242,916
23  205  727,811
23  207  485
23  214  592
23  220  417
23  223  429
23  224  655,791
23  226  174,434,507
23  232  243
23  233  398
23  234  824
23  235  556,684,980
23  238  556,980
23  239  875
23  240  156,703,808
23  245  22
23  247  592
23  248  840
23  249  255
24  3  319,502,782
24  9  680
24  12  488,599,811
24  26  289
24  31  633
24  33  929
24  34  143
24  36  17,264,435,875
24  40  637,791
24  44  680
24  46  813
24  48  2,178,227
24  57  409
24  59  592,801
24  62  127,765
24  68  500,599
24  76  859
24  81  839
24  89  504,627
24  92  140,398
24  93  187,579
24  105  206,324,349
24  108  808
24  114  251,955
24  116  417
24  124  599
24  126  878,991,997
24  138  959
24  143  140
24  147  531
24  148  2
24  149  251
24  150  815
24  157  839
24  158  305
24  163  113
24  165  71
24  180  875
24  182  875
24  202  682
24  203  389
24  207  470,764
24  215  680
24  222  298,500
24  231  460
24  235  187
24  240  52,911
24  246  931
24  247  524
25  2  327
25  3  127
25  5  668
25  10  245,530,531,621
25  12  127,190,358,725
25  13  680
25  16  524
25  21  224
25  23  877
25  25  290,835,873
25  28  239,263,801
25  35  995
25  38  99,206,733
25  43  562,655
25  48  875
25  50  74,190,637,781,815,859
25  59  700
25  60  340
25  61  58,462
25  68  623,846
25  72  633,668
25  79  289,579
25  80  123,432
25  81  417
25  84  412
25  89  156,827,835
25  92  234,463
25  93  663
25  102  290
25  112  244
25  116  127,140,655,765
25  121  206
25  132  786
25  139  216,234,861
25  141  470
25  145  305
25  153  668,689
25  154  434,507
25  158  859
25  163  361
25  164  489,911
25  165  242
25  167  140
25  170  862
25  172  429,911
25  189  624,639,662,873
25  194  684
25  199  345,700,727,811
25  201  251,848
25  203  190,646
25  205  655
25  213  575,952
25  214  655
25  215  16,145,289,498
25  227  149
25  229  954,995
25  236  29,461
25  238  201
25  240  263,307,883
26  1  116
26  2  579
26  3  727,811
26  9  498
26  15  156
26  21  621
26  23  427,660
26  24  792
26  25  96,324,331,349,655,839
26  26  187
26  31  199,478
26  34  190,781,859
26  36  159,848
26  37  801
26  48  99,206
26  64  214,257
26  66  224
26  72  130
26  73  116
26  79  307,734
26  81  168,350
26  82  327
26  87  496
26  88  959
26  89  79,245,299,460
26  90  646
26  94  599
26  96  592
26  97  916
26  98  215,508,733
26  101  562,647,671,739,791
26  107  422
26  113  22,538,928
26  114  660,781
26  118  174,916
26  119  389,623,846,862
26  129  938
26  130  149
26  131  389
26  132  556,980
26  134  206
26  141  375,562
26  142  485
26  143  189,904,928
26  151  201,579,786
26  155  711,956
26  169  916
26  173  174,599
26  181  327,671
26  188  427
26  197  835
26  203  815
26  216  663
26  218  269
26  220  75
26  230  848,931
26  231  15,661,863
26  234  862
26  235  579
26  242  636
26  248  725
26  249  519
26  250  603
27  4  51,840
27  5  263
27  6  201,553,579
27  7  623,846
27  10  187
27  17  688
27  27  925
27  29  22,717,949
27  30  770
27  31  700,781
27  42  500
27  45  305
27  50  24,728
27  62  652
27  63  319,603
27  64  519,593,859
27  66  116,206,278
27  67  29,186,461
27  71  875
27  78  808
27  94  556,655,980
27  95  251
27  100  216,234,454,878
27  101  417
27  103  216
27  113  782
27  115  591
27  120  135,660
27  125  75,765
27  126  327
27  128  217
27  136  496
27  141  206
27  143  957
27  144  13,378
27  147  345,525
27  149  165,216,360,496,530,531,754,802,974
27  151  251,636
27  155  460
27  159  224
27  165  646,885
27  166  261,599
27  167  669
27  173  94
27  174  298
27  179  224,234,463
27  181  277,689,891
27  184  680
27  188  840
27  196  609
27  197  243,279,824
27  206  914
27  207  324,349,982
27  210  669
27  215  562
27  221  71,153
27  229  904
27  238  802
27  239  99,206,917,920
27  241  572
27  248  427,916
28  6  669
28  7  525
28  11  96,331,688
28  17  950
28  21  792,943
28  22  109
28  25  66,359,590,958
28  39  389
28  50  15
28  57  371
28  74  289,498
28  78  52,251
28  81  149,527
28  91  245
28  95  367
28  97  955
28  103  79,299
28  110  130
28  115  848
28  122  58
28  123  599
28  127  140,326,393,417,870
28  139  307
28  145  439,781
28  148  137
28  149  620
28  151  621
28  152  497
28  153  782
28  155  562
28  159  412
28  163  496
28  166  174,655
28  171  661,721,846,863
28  189  389
28  196  198,350,389,820
28  201  324,349,621
28  205  130,840
28  208  599,916
28  209  240
28  218  827
28  219  244
28  226  2,371
28  228  454,997
28  239  165
28  242  791
28  243  886,891
28  246  239,367,802
29  1  982
29  3  496
29  5  496,575,952
29  9  52
29  10  367
29  11  143,583
29  18  660
29  22  557,959
29  25  457,547
29  27  706
29  32  129
29  34  24,728
29  35  519
29  37  161,367,460,664
29  44  522
29  46  261
29  48  199,600
29  66  620,815
29  67  371
29  72  245
29  79  427
29  80  244
29  83  94,663,820
29  84  123,432
29  88  734
29  90  367,733
29  91  663,781
29  93  557
29  99  371
29  109  915
29  112  730
29  115  13
29  125  13,638
29  130  221,286
29  134  261
29  137  649,899
29  138  250,660
29  139  682
29  140  508
29  145  579
29  146  929
29  147  216,234,327,508,519,913
29  148  791
29  149  489,911
29  150  277,460,925
29  152  371
29  156  727,811
29  168  398
29  169  733
29  176  398
29  186  75,289,498,725,998
29  190  652,875
29  194  875
29  197  496
29  201  296
29  212  159,562
29  213  223
29  218  156
29  225  223
29  228  32,201,727
29  239  429
30  9  345,600
30  12  695
30  14  58,255,462
30  18  652
30  20  733,839
30  26  770
30  27  779
30  39  15
30  42  711,956
30  46  371
30  50  547,925
30  53  931
30  55  684,839
30  60  599
30  65  187
30  66  925
30  68  717,865
30  69  16,145,753
30  73  925
30  75  216,711
30  81  66,209,286
30  84  531
30  89  839
30  91  289
30  94  700
30  98  623,637
30  103  130
30  105  13
30  107  13,522,684
30  110  820
30  111  733
30  112  693
30  124  931
30  134  820
30  137  156,600
30  143  66
30  155  460
30  157  647,983
30  158  439,781
30  159  94,508
30  160  434,507
30  162  862
30  163  655
30  164  627
30  167  753
30  170  802,916
30  175  429
30  176  664
30  177  378,706
30  181  938
30  182  99,206
30  188  959
30  189  353
30  199  327
30  203  186
30  209  417
30  210  655
30  220  255
30  227  688
30  237  661,863
30  242  706
30  243  216
30  248  206
30  249  127
31  1  296
31  5  165
31  11  245
31  22  855
31  30  13,289
31  44  99,206,529
31  46  865
31  55  623,846
31  60  592
31  72  721,846
31  73  522
31  77  579,786
31  78  875
31  80  207,955
31  89  245,684
31  98  350,700
31  109  776
31  113  982
31  124  733
31  126  232,899
31  127  63
31  130  915
31  132  143
31  139  240,500
31  145  417
31  146  116
31  147  815
31  148  389
31  163  130,800
31  169  97
31  179  647,671,739,791
31  187  13
31  199  496,815
31  202  652
31  203  22
31  206  389
31  213  497
31  226  572
31  232  22,717,949
31  236  663
31  238  911
31  240  832,899
31  246  331
31  247  792,916
32  1  13
32  8  307,721,846
32  9  16,145,327,345
32  11  524
32  24  156,190,427
32  26  140
32  28  100,239,575,952
32  31  538,928
32  34  29,680
32  37  938
32  53  143,840
32  56  572
32  60  369
32  61  155
32  63  496
32  74  224
32  76  216,530,531
32  77  61,198,240,764
32  78  429
32  81  915
32  91  815
32  94  269
32  100  531,920
32  102  620
32  115  929
32  118  808
32  122  221
32  128  359,375
32  136  496,815
32  137  22,61,762
32  154  190
32  159  959
32  160  58,251
32  162  371
32  168  655
32  180  371,422
32  189  223
32  192  592
32  197  929
32  199  130
32  218  912
32  227  700
32  235  557
32  237  290,680
32  238  251
32  239  172
32  240  429,575,579,873,952
32  241  307
32  243  827
32  247  706
32  248  389
33  7  508,786
33  8  815
33  9  327,538,815,928
33  17  524
33  25  389
33  35  801,835
33  40  792
33  44  791
33  52  99,206
33  53  827
33  54  738
33  59  15
33  64  962
33  69  367,791
33  82  94,820
33  84  13
33  87  519,913
33  94  255
33  97  479
33  102  460,489
33  105  603,929
33  108  74,637
33  109  242,689
33  114  234
33  119  353,802,878
33  121  652
33  122  982
33  123  58,624
33  125  954
33  126  815
33  132  593
33  134  269
33  140  485
33  143  180,205
33  145  307,862
33  146  489
33  147  562,663
33  150  51
33  153  835
33  155  209
33  156  496
33  158  962
33  159  13,916
33  160  2,367,502,535
33  166  234
33  174  579,649,786
33  180  600
33  186  252,324
33  194  113
33  195  263
33  200  74,599,637
33  205  733
33  206  17
33  209  859
33  216  52
33  222  563
33  226  221
33  227  286,593
33  233  286,859
33  247  389,599
34  5  637,782
34  9  791,815
34  23  688
34  28  820,873
34  39  353
34  45  599,689
34  49  916
34  67  840
34  73  277
34  79  460
34  80  216,496
34  81  214,257
34  84  815
34  86  706
34  89  878,985
34  90  524,621
34  94  327
34  99  496
34  105  116
34  107  61
34  111  97
34  114  240
34  136  925
34  147  925
34  149  245,624,639,662
34  155  682
34  156  527
34  157  13,143
34  163  395
34  165  22
34  166  688
34  170  734
34  173  818
34  174  974
34  177  429,700
34  179  243,279,824
34  182  378
34  185  562,592
34  194  245,985
34  197  232
34  200  66,925
34  216  331,485
34  217  22,389
34  220  186
34  227  15
34  234  434,507
34  237  143
34  244  633
34  247  524
34  249  242
35  2  815
35  3  808
35  6  962
35  12  28
35  14  155,216,711
35  15  627
35  17  647,671,739,791
35  18  599
35  19  627
35  20  457
35  22  289
35  23  524
35  25  255,353
35  35  700
35  41  116,624
35  43  29
35  45  959
35  48  143,865,916
35  59  369
35  64  234,463,865
35  67  91
35  71  252,324
35  76  865
35  79  680,824
35  80  216,234,371
35  84  58
35  86  74,599,637
35  87  63
35  89  232,579
35  92  232
35  95  289,652
35  96  232
35  102  547
35  103  820
35  104  925
35  108  429
35  110  621
35  124  143
35  130  522
35  136  289
35  148  353
35  152  15,278
35  153  700
35  158  957
35  164  15,94,820
35  167  367
35  174  621
35  177  599,911,925
35  178  17
35  190  130
35  197  839
35  198  129,174
35  203  680
35  205  97
35  209  127
35  217  600
35  218  94,149,156
35  224  255
35  229  621
35  231  389,600
35  240  378
35  250  556,980
36  15  808,865
36  19  620
36  27  599
36  28  15
36  31  61
36  33  116
36  37  562,623,846
36  39  931
36  44  717
36  57  733
36  61  185
36  63  320,655
36  66  489
36  70  916
36  76  156,319
36  79  206
36  80  13,535
36  84  873
36  90  733
36  94  815
36  96  519
36  97  389
36  99  130,289
36  103  190
36  107  982
36  109  658
36  111  296
36  112  498
36  115  62
36  130  500
36  137  167,245
36  141  859
36  144  61
36  147  277
36  157  61
36  158  417
36  162  929
36  166  524
36  175  243,279,824
36  177  277,478,695
36  180  182
36  182  182
36  184  22
36  185  621
36  198  820
36  207  296
36  208  287,831
36  211  29
36  217  782
36  220  997
36  221  206,562
36  222  130,649,839
36  228  13,240
36  233  519,913
36  234  2
36  238  655
36  244  245
37  1  61
37  5  792
37  6  753
37  8  925
37  9  251,298,925
37  13  600
37  14  331
37  17  140,155
37  19  489,839
37  20  216,530,531
37  21  496,636
37  33  432,460
37  34  359
37  38  429,599
37  46  99,206
37  48  389,592,781
37  50  277,815,949
37  52  865
37  56  127,497
37  61  592,725,998
37  63  130
37  64  592,865
37  66  916
37  71  215,422
37  74  600,621
37  77  29
37  78  234
37  79  143
37  81  245,929
37  84  278,389,710
37  85  201
37  87  130
37  89  113,201,519
37  91  600
37  95  143,583
37  101  877
37  102  661
37  104  375,389
37  109  199
37  110  182
37  114  621
37  117  562
37  118  840
37  121  94,182,678,820
37  123  592
37  126  36,367,925
37  129  251,772
37  133  772
37  137  429
37  140  288,848
37  141  135
37  154  621
37  159  385
37  160  572,624,639,662
37  166  36,277
37  172  925,946
37  173  13,74,637
37  174  167
37  178  680
37  187  929
37  203  52
37  204  489
37  206  159
37  210  557,753
37  213  52
37  215  417,791
37  216  143,583,865
37  218  875
37  228  61,143,575,865,952
37  235  187
37  237  359,840
37  246  519
38  3  130
38  6  367
38  8  277
38  9  277,649,717
38  12  865
38  27  695
38  30  929
38  32  116,548,865
38  35  84
38  37  187,733
38  38  600
38  47  20,741
38  49  215
38  52  359
38  53  289
38  55  216,711
38  58  389
38  70  190
38  71  118,786
38  77  621,815
38  86  695
38  92  519
38  94  925
38  95  74,553
38  107  94,820
38  110  250,660
38  114  524,599
38  124  97
38  125  329,599,786,936
38  127  252,324
38  132  592,680
38  133  938
38  136  130
38  140  58,462
38  143  875
38  145  75,765
38  148  717
38  153  269
38  159  61,877
38  160  223,474,502,644,871
38  161  592
38  162  802
38  171  600
38  175  371
38  176  859
38  177  624,639,662
38  179  289,498
38  183  502,603
38  192  74,553,772
38  197  51
38  198  13,250,660
38  209  997
38  210  367
38  216  234
38  220  621
38  229  592
38  231  190,296
38  249  682
39  2  678
39  6  753
39  15  429
39  18  289,396,498,961
39  21  490
39  23  156
39  24  206
39  27  959
39  35  15,652
39  37  417,599
39  40  680,717
39  42  75,765
39  43  417
39  49  592
39  58  71,460
39  60  621
39  64  130,855
39  76  496
39  78  182,663
39  79  278
39  80  519,929
39  85  572
39  89  251,307
39  90  29
39  96  155,865
39  103  142
39  118  429
39  120  599
39  126  277,547,562
39  127  786
39  132  182,678
39  147  417
39  149  130,289,367,627,824,865,983
39  156  130,624,959
39  160  36
39  167  700
39  168  859
39  169  389
39  182  478
39  185  389
39  186  786
39  188  166,245,320,995
39  199  15,925
39  201  592
39  205  245,429
39  208  524,840
39  215  717
39  216  324,349
39  219  624
39  222  324,349,991
39  225  253,369,925
39  227  74,637,865
39  228  52
39  230  479
39  233  859
39  240  307,371,389,478
39  242  599
39  243  216,530,531
39  247  209,369
39  249  678
40  1  94,820
40  6  367
40  9  277,296
40  10  775,846,991
40  12  371,843
40  21  781
40  24  214,221,257
40  29  29
40  31  15
40  33  51
40  35  839
40  36  502
40  42  143,167,865
40  45  255
40  53  995
40  59  74,502,637
40  60  878
40  71  460
40  72  792
40  80  130,500
40  84  277
40  87  877
40  93  307,478
40  94  422
40  97  245
40  98  389
40  99  140
40  102  600
40  109  130
40  113  624,639,662
40  114  29,396,961
40  115  524
40  123  717
40  124  592
40  126  519,815
40  128  135,496
40  139  143
40  141  835
40  143  307
40  153  839
40  154  221,223,871
40  156  143,865
40  161  206
40  166  127,590,765
40  168  116,288
40  177  627
40  181  772,959
40  183  627
40  187  116
40  195  52
40  212  417
40  218  422
40  220  206
40  221  26
40  222  678,684
40  223  371
40  225  244
40  234  242,378,572
40  236  389
40  239  371
40  245  460
40  250  802
