1  4  470,764
1  7  997
1  9  28,216,487,877
1  12  959
1  16  319,682
1  21  663
1  24  655
1  27  44,469
1  31  58,801
1  32  239,593
1  34  109
1  36  727,910
1  37  997
1  40  242
1  45  417
1  46  519
1  47  290
1  48  216
1  49  224
1  50  251,290,470,716,764
1  64  967
1  67  508
1  72  508
1  75  997
1  77  290,899
1  78  28,519,877,913,957
1  79  223
1  80  22,997
1  81  239,504,519,562,627,679,802,985
1  87  329
1  94  216
1  96  28,877
1  97  214,592
1  104  412,470
1  111  470,764
1  114  688
1  123  820
1  124  143,820,955
1  126  242,251,716
1  128  190,305
1  136  740
1  137  290,504,529,627
1  143  516,596
1  147  156
1  149  22
1  152  957
1  154  668
1  157  522
1  164  522
1  166  801,820,957
1  167  782
1  173  412
1  175  519,985
1  183  22
1  184  329,883
1  187  668
1  189  58,401
1  192  221
1  197  562
1  199  305
1  212  290
1  213  522
1  216  245
1  219  516,596
1  221  212
1  222  22,319,957
1  227  412,802
1  228  94
1  229  340
1  230  592
1  233  66
1  234  223
1  237  261,290
1  242  58
1  244  688
1  245  242
1  250  290,859
1  252  221
1  255  156,703
1  262  224
1  267  957
1  271  357
1  272  957
1  273  535
1  274  290,522
1  277  655
1  279  985
1  282  412
1  285  692
1  292  251,688,716,801
1  299  899
1  300  216,530,531
1  306  251,716
1  309  324,349
1  313  216,530,531
1  321  238
1  322  957
1  329  58
1  332  470
1  336  290
1  339  290
1  347  504,519,627,668
1  352  143,409,955
1  353  189,904,928
1  369  531
1  374  983
1  378  22,221,234
1  380  525
1  381  28,224,877,920
1  386  668
1  387  682
1  388  412,508
1  392  579
1  394  531,801
1  396  80,307,625
1  403  527
1  405  997
1  406  946
1  410  156
1  412  813
1  413  305,692
1  420  802
1  421  519
1  425  216,827
1  434  290
1  446  991,997
1  454  668
1  455  904
1  459  717,949
1  465  904
1  470  22,94
1  477  156,412,789
1  478  290
1  485  417
1  491  216
1  493  782
1  495  371
1  497  502
2  8  251,716
2  10  782
2  11  234
2  13  216
2  14  688,904,997
2  15  214,257,593,802
2  18  156,985
2  20  646
2  24  255
2  27  327,671
2  29  290
2  33  324,349
2  34  242,251,593
2  46  12
2  48  58
2  56  997
2  59  174
2  66  997
2  68  800,904,997
2  76  221
2  80  324,349
2  91  216,530,531,716
2  92  985
2  105  44,469
2  116  320,655,813
2  119  859
2  125  417,813,910
2  130  412
2  135  983
2  144  983
2  146  974
2  148  412,558
2  150  251,531,716
2  156  350
2  163  409
2  172  519,688,716
2  173  800
2  176  274,443,673
2  177  688
2  180  519
2  183  58,692
2  185  221,519
2  194  957
2  200  527
2  202  156
2  212  432,840
2  222  216,234,242,245
2  225  401
2  226  240
2  234  859
2  240  412,519,983
2  241  251,516,596
2  245  593
2  250  305
2  258  638,957
2  260  682
2  263  127
2  265  985
2  275  290,786
2  277  156
2  278  224,251,716
2  281  251,412,716
2  285  899
2  292  174
2  303  508,519
2  306  531
2  313  223
2  314  329,801
2  321  116,786
2  324  519
2  328  508
2  330  290
2  332  109,375
2  334  357
2  336  485
2  341  58
2  355  579,786
2  357  212
2  359  717,949
2  361  299
2  364  682
2  366  319
2  373  682
2  374  28,324,349,371,877
2  382  290,983
2  385  516,596
2  386  320,637
2  387  80,185,307,592,625
2  388  244
2  391  243
2  404  224
2  405  684
2  414  206,470
2  416  183,472
2  429  782
2  431  216,684
2  442  94,663
2  445  28,621
2  457  185,251,716
2  460  836
2  467  300
2  470  288
2  482  957
2  489  223,504,802
2  494  663
3  10  357,409,962
3  15  646
3  19  290
3  22  216,530,531
3  24  668
3  34  621
3  39  412
3  40  94
3  41  820
3  59  502
3  65  409
3  70  195,393
3  72  371
3  77  946,962
3  79  216,530,531
3  80  127,243,717,827,949
3  91  531
3  93  516,529,596
3  101  946
3  108  519
3  110  319,957
3  113  717,949
3  118  519
3  119  412
3  121  156
3  123  786
3  125  290,329
3  126  290,529
3  133  489
3  135  525
3  136  531
3  138  44,469
3  146  647,671,739,791
3  148  422
3  155  242
3  161  290
3  162  519
3  164  240
3  170  487
3  172  224,524
3  176  84
3  180  63,827
3  184  592
3  188  290
3  191  738
3  204  278,688
3  207  519
3  209  324,349,692
3  222  782
3  224  367,824,904
3  234  688
3  239  535
3  246  782
3  247  183,472,668
3  248  290
3  251  417
3  252  174
3  253  183,472
3  264  234
3  273  367
3  274  66,590,958
3  278  485
3  279  94
3  280  216,530,531
3  281  216,530,531
3  285  802
3  286  409
3  292  531,700
3  296  417
3  297  63
3  301  58,985
3  305  886,891
3  309  305,457
3  315  904
3  320  663
3  324  127
3  325  504,627
3  333  156,703
3  335  487,562
3  348  324,349,522
3  353  319
3  359  801
3  362  350,558,820
3  363  682
3  365  44,469
3  369  502
3  374  678
3  375  692
3  385  886,891
3  395  815
3  403  224,457
3  408  409,801
3  409  859
3  414  417,957
3  417  740
3  429  962
3  430  16,230
3  438  216
3  441  234,663
3  446  801
3  451  813
3  456  655,801
3  460  234
3  461  412
3  465  680
3  466  223
3  469  28,216,530,531,877
3  471  800
3  483  242,299
3  496  80,307,625
3  499  216,530,531,688
4  4  224,460
4  8  189,516,531,596,904,928
4  9  143,251,716,955
4  10  802
4  12  519
4  16  527
4  19  725
4  23  216,530,531
4  24  290
4  27  531
4  28  238,290
4  31  738,983
4  41  319
4  45  190,781,859
4  48  786
4  53  983
4  58  789
4  64  24
4  65  371
4  67  740
4  70  801
4  72  960
4  76  929
4  79  487
4  86  519
4  88  417
4  89  251,470,504,627,764
4  90  646
4  93  579
4  96  80,307,625
4  98  80,224,307,625
4  104  251,716
4  112  2,650
4  115  153,946
4  116  143,955
4  120  985
4  121  329,802
4  122  190
4  126  79,531,668,936
4  128  140,155,820
4  136  319
4  139  216,530,531,688,910
4  142  985
4  150  531
4  152  875
4  154  504,627
4  155  470
4  165  340
4  172  245,813
4  176  646
4  181  489
4  187  637
4  189  412
4  190  22
4  196  531
4  201  156,470,764
4  203  224
4  204  519
4  207  835
4  211  109
4  216  239,377,388,802
4  219  579
4  225  734,801
4  227  911
4  228  525
4  229  357
4  230  881
4  231  261,861,895
4  233  29,700
4  237  216,242,530,531,668
4  240  127,519,531,802
4  242  183,472
4  244  508
4  245  950
4  246  207,955,962
4  260  829
4  269  800
4  272  859,983
4  273  688
4  282  290,531
4  288  782
4  292  345
4  293  239,802,959
4  300  621
4  302  189,904,928
4  307  221
4  315  457
4  329  143,955
4  333  519
4  337  290
4  338  216,319
4  340  58
4  342  206
4  343  682
4  344  156
4  347  127,725
4  354  957
4  356  271,655
4  358  12
4  360  84
4  364  592
4  365  238,377,388
4  368  519
4  377  417
4  381  94,290
4  383  535
4  387  417,432
4  392  579
4  395  983
4  403  801
4  406  319
4  410  251,290
4  413  290
4  414  278,290,357,558,875
4  416  519,859
4  430  877
4  436  412
4  439  224,646
4  440  558
4  441  916
4  446  409
4  448  646
4  450  409,412,802
4  456  808,886,891
4  466  531
4  472  245
4  477  531
4  478  519
4  481  290
4  486  957
4  487  58
4  490  801
4  491  80,307,625
4  494  943
5  4  916,950
5  11  717,949
5  13  242
5  14  680,827
5  27  183,472
5  31  94
5  41  522
5  47  725
5  48  245
5  49  243,279,329,824
5  55  519
5  64  827
5  66  290
5  75  668,684
5  76  692
5  77  261,393,870,895
5  81  22,412,519
5  82  531
5  92  692
5  93  320,655
5  104  531,688
5  109  997
5  110  688,727,811
5  113  58,983
5  116  240
5  128  174
5  132  242
5  137  216,350,519
5  141  290
5  143  28,877
5  146  278
5  148  531
5  155  289,679,915
5  158  682,859
5  168  663,692
5  177  524
5  178  242,432
5  180  454,912
5  184  832,899
5  187  58,770
5  191  490
5  195  216
5  196  224,345
5  201  367,646
5  205  519
5  212  914,995
5  214  22
5  216  94,508,682
5  228  245,263
5  230  801
5  234  201,305
5  241  504,627
5  246  201,553,579
5  248  489
5  249  738
5  250  439,781
5  257  985
5  259  290
5  268  251,716,904
5  274  319
5  277  232
5  279  375
5  280  28,877
5  285  357,859,911
5  289  655
5  318  329
5  327  94
5  330  516,596
5  332  251,504,627,716
5  336  427,557,688
5  347  300
5  352  371
5  356  522
5  363  531
5  366  727,811,899
5  378  516,596
5  382  531,859
5  388  29,700
5  389  983
5  393  58
5  396  300
5  400  174
5  404  378,711,786,899,904
5  405  251,716
5  406  877,904
5  408  28,877
5  409  454
5  410  66,590,958
5  414  75,765,960
5  421  127
5  423  899
5  427  623
5  431  371
5  440  66,174,904
5  444  593
5  445  682,743
5  458  290
5  462  808
5  463  224,519
5  467  504,627
5  469  319
5  471  251,412
5  473  982
5  474  519
5  477  58,802
5  478  875
5  483  489
5  495  721
5  497  109
5  498  156,692,703
6  7  290
6  8  278,710
6  13  522
6  31  58,216
6  38  646,957
6  42  417
6  45  801
6  46  820,946
6  49  165,786
6  50  801
6  53  460,531
6  56  997
6  68  412,680,957
6  73  522
6  80  96,331,912
6  102  522
6  104  531
6  111  982
6  131  412
6  145  516,596
6  164  350,802
6  165  789
6  167  94
6  173  412
6  184  255
6  185  985
6  187  214
6  197  319,470,764
6  201  367,377,388
6  207  525
6  208  417
6  215  931
6  218  216,530,531
6  226  29
6  235  579,727
6  243  207,955
6  251  224,242
6  253  650
6  257  290
6  258  143
6  260  251
6  265  417
6  277  224,269
6  279  522
6  284  801
6  285  206,232,813
6  291  519
6  294  206,562
6  300  813
6  305  504,627
6  309  127
6  313  140,950
6  316  646
6  318  519
6  319  156
6  328  216,531
6  329  369
6  332  263,647,671,717,739,791,949
6  338  637,727
6  340  827
6  343  245
6  347  245,502,646
6  352  801
6  359  174
6  362  94,143,488,955
6  365  881
6  367  875
6  368  899
6  373  371
6  378  655
6  382  94,242,688
6  386  692
6  387  29
6  392  470,764
6  395  727,997
6  400  508
6  401  417
6  406  522,680
6  409  692
6  421  32,727
6  423  600,666,884
6  427  174,522
6  428  212,592
6  439  519,916
6  440  74,637
6  443  242,724
6  446  319
6  448  290,319
6  450  531,820
6  454  801,802
6  455  180,205
6  457  734
6  465  791,827
6  466  17,684
6  473  214,240
6  474  904
6  475  801
6  479  242
6  486  535
6  488  206
6  491  508
6  496  820
6  498  398
7  8  409
7  10  201,553,579
7  14  329,936
7  20  519
7  22  739
7  32  722
7  33  682,770
7  36  727,910
7  37  417,985
7  38  216
7  42  957
7  43  470,504,627
7  45  44,469
7  46  593
7  52  802
7  56  504,627,684
7  60  12
7  61  997
7  72  245
7  74  216
7  76  94,593
7  77  201,553,579,609
7  82  522
7  88  647,671,739,791
7  90  525
7  97  409
7  100  12,127
7  103  319,562
7  105  324,349
7  106  245
7  113  738
7  120  454,623,978
7  121  251,522,957
7  124  305
7  131  80,307,625
7  136  186,319
7  141  519
7  151  663
7  152  417
7  163  58
7  169  502,646
7  170  290,859
7  173  149
7  176  62
7  177  214
7  179  214,257
7  190  490
7  195  140,155
7  196  916
7  197  221
7  201  216,224,251,982
7  202  655
7  206  127,140,326
7  208  239,802
7  209  522
7  212  96,331
7  216  28,251,877
7  221  813
7  231  216,470,764,801,974
7  237  646,725
7  242  638
7  256  242,290
7  279  190,781,859,877
7  280  663
7  284  206
7  290  290
7  291  835
7  295  245
7  296  224
7  302  904
7  311  108
7  319  251
7  320  519
7  332  531
7  334  946
7  345  522
7  357  216
7  358  216
7  359  531,700,808
7  363  251
7  365  485
7  380  983
7  381  725
7  383  58
7  398  224
7  402  519
7  405  349,985
7  414  519,913,982
7  419  782
7  429  58
7  434  290
7  437  251,716
7  444  28,877
7  449  717,949
7  453  516,596
7  455  201
7  456  22,207,955
7  460  997
7  461  29,700
7  462  371
7  463  717,949
7  474  680
7  480  859
7  481  434,507
7  484  387
7  486  531,875
7  488  487,716,738
7  489  663
7  493  962
7  495  319,801
7  497  522
8  1  522
8  4  983
8  5  300,725
8  9  263,470,764
8  17  251
8  19  278
8  21  682,943
8  26  808
8  34  340
8  35  156,290
8  37  655
8  39  801
8  40  329,668
8  52  682
8  56  216
8  58  946
8  62  251,504,627,813
8  64  319
8  67  409
8  68  216,234
8  69  782
8  73  531,558
8  75  848
8  79  242,290
8  81  562
8  83  502
8  94  800
8  105  327,377,388,671,770,877
8  110  875
8  113  455,851
8  114  985
8  115  377,388,770
8  118  224
8  125  527
8  126  345,502
8  131  156
8  146  419
8  148  58,904
8  153  44,469
8  156  800,974
8  166  22
8  172  216,261
8  177  519,983
8  184  224
8  189  313,897
8  193  174,959
8  201  733
8  203  174,983
8  205  127,224
8  210  135,251,782
8  212  535
8  216  263
8  223  519,957
8  224  516,711
8  225  313,700,897
8  227  168
8  229  290,983
8  232  808
8  239  417,957
8  240  28,58,289,877
8  241  434,507
8  243  688
8  244  195,393
8  251  44,469,836
8  252  820
8  258  504,627
8  271  109,904
8  275  143
8  278  224,531,916
8  281  531,558
8  286  371
8  289  290
8  294  216,530,531
8  297  143
8  302  516,596
8  303  960
8  304  412
8  307  245
8  324  508,808
8  328  251
8  334  80,307,625
8  337  174,655
8  342  950
8  347  527
8  348  58
8  361  412
8  365  689
8  381  427
8  384  820
8  386  398,624,639,662
8  389  216,592
8  392  187
8  398  143,955
8  401  883
8  405  457
8  409  251
8  411  409
8  415  140
8  418  290
8  424  432,688
8  429  669
8  432  94
8  437  216,530,531
8  438  593
8  441  802
8  443  180,205,538,928
8  446  684
8  452  489
8  457  216,345
8  460  120,594
8  465  257,700
8  466  174
8  469  263
8  473  296
8  475  380,620,700,938
8  481  2
8  484  66,470,764
8  488  519,734
8  494  357,636
8  495  212
9  2  393,745,888
9  5  319
9  10  371
9  12  912
9  14  156,684,703
9  21  668
9  25  412
9  28  371,579
9  29  66,590,958
9  38  875
9  40  724,904
9  43  240
9  45  221,327,671
9  47  393
9  50  174,460,562
9  52  911
9  62  682
9  66  531,725
9  69  962
9  72  558
9  77  669
9  82  116,502
9  87  319,946
9  96  66,508,647,671,739
9  103  108
9  106  827
9  114  978
9  121  875
9  135  682
9  143  263
9  148  504,627
9  152  801
9  156  412
9  159  470,764,985
9  162  127
9  163  319
9  167  143,955
9  168  369
9  169  367
9  175  127,417
9  177  58,127
9  183  224,802
9  186  143,955
9  192  417
9  194  519
9  205  319
9  208  688
9  210  957
9  219  320,655
9  221  789
9  224  680
9  225  127,345,429
9  238  32,251,727
9  245  242
9  251  327,671
9  260  329,916
9  271  251,929
9  278  345
9  283  801
9  286  531
9  289  531
9  291  859,957
9  296  216,530,531,800
9  302  579
9  322  269
9  325  240
9  344  127
9  346  782
9  348  116,185
9  368  813
9  373  721,846
9  374  289
9  379  957
9  380  454,957
9  383  345
9  389  655
9  398  647,671,739,791
9  412  214
9  414  224,985
9  419  409,962
9  424  727,910
9  433  216,655,946
9  434  504,627,800
9  438  242
9  446  496
9  447  663,668,982
9  449  216,530,531,682,916
9  450  519
9  452  300,786
9  453  12,789
9  458  740
9  461  80,168,307,329,625,936
9  462  278
9  465  269
9  471  29,700
9  472  782
9  474  371,835
9  480  305
9  481  531
9  488  116
9  498  836
10  10  669,721,846
10  13  116
10  14  201,398
10  19  802
10  28  187,808
10  41  496,717,949
10  44  525,904
10  48  661,863
10  52  593
10  56  863
10  58  531
10  68  29,700
10  81  63,912
10  89  813
10  90  109,367
10  96  263
10  97  454,861
10  109  865
10  110  99,206
10  123  143
10  124  239,320,452,646,655
10  134  813,891
10  135  678
10  139  329
10  141  725
10  146  331,620,770,961
10  147  957
10  150  345
10  156  44,245,469
10  159  80,307,625,692,946
10  162  859
10  165  393,870
10  166  240
10  169  224
10  170  305
10  176  367
10  177  183,472,808
10  180  517,957
10  183  911
10  184  271
10  197  470,764,985
10  210  290,725
10  214  786
10  219  820
10  222  357,535
10  223  127
10  232  127
10  234  240
10  237  2,22
10  239  519
10  241  278
10  244  524,960
10  246  669
10  247  519
10  248  277,861,891
10  250  725
10  252  531
10  261  319
10  262  290,983
10  264  519
10  267  234
10  271  775,846,991
10  273  733
10  279  269
10  281  58
10  284  813
10  285  329,609,835,904
10  287  357
10  295  417
10  296  519
10  305  815
10  313  58
10  317  593
10  319  224,652
10  322  28,896
10  326  409
10  332  96,331
10  333  883
10  337  22
10  344  143,288
10  354  224,234
10  355  504,627
10  357  861
10  360  143,955
10  361  531,680
10  362  263
10  384  417
10  391  717,782,949
10  408  371
10  409  957
10  411  234
10  414  174,916
10  424  412,700
10  425  313,623
10  438  243
10  441  174
10  442  519
10  451  531
10  454  127
10  461  149
10  466  345
10  467  417
10  470  13
10  472  519
10  475  904
10  476  655
10  482  668
10  484  412
10  485  529,827
10  486  472
10  489  17,240,434,507,684
10  490  224,251
11  7  840
11  11  957
11  14  883
11  16  251,417
11  17  143,955
11  18  242
11  19  143,955
11  22  655
11  25  531,920
11  34  592
11  38  519
11  39  200,491
11  48  434
11  49  579,688
11  50  345,562
11  52  875
11  58  94
11  71  224
11  76  13
11  77  198,688,753,820
11  84  324,349
11  109  727,811
11  112  820
11  113  96,331
11  119  12,531,997
11  123  800
11  139  957
11  154  579,637,786
11  161  393,786,870
11  165  621
11  167  58
11  169  32,717,727,949
11  177  345,678
11  178  727,910
11  179  593
11  188  44,469
11  192  224,885,997
11  197  562
11  202  957
11  206  432,688
11  217  216
11  220  740
11  225  327
11  245  680
11  248  290
11  253  802
11  261  28,896
11  265  978
11  273  143
11  278  327
11  282  740
11  289  522
11  290  725
11  298  357
11  303  127
11  307  516,596
11  309  655
11  311  516,596,789
11  312  739
11  313  289,624,639,662
11  318  861
11  319  740
11  320  835
11  327  290,470,764
11  331  221
11  335  682
11  340  240
11  342  380,620,938
11  343  504,711,956
11  347  457
11  349  801
11  354  216,234
11  356  519
11  360  62
11  361  58
11  376  245
11  383  327
11  384  242
11  386  519
11  388  168
11  396  508
11  399  508,786
11  400  820
11  407  329,936
11  408  721,846
11  412  516,592,596
11  413  502,531
11  414  620,813
11  415  646
11  423  261,895
11  424  201
11  433  143,239,255,802,955
11  439  215,367
11  440  369,488
11  442  519
11  444  63
11  445  592
11  447  678
11  448  733
11  449  409
11  450  58
11  452  234,891
11  454  743
11  456  371
11  465  94
11  471  599
11  479  58,369,680
11  485  663
11  487  915
11  489  29
11  490  600
11  493  579
11  497  621
11  500  434,507
12  2  531,983
12  14  832,899
12  18  978
12  23  16,230
12  24  140
12  32  94
12  36  377,388
12  38  412
12  39  832
12  46  127
12  49  143
12  58  457,877
12  64  786
12  66  579
12  77  174,367
12  79  680
12  80  127,497,808
12  81  143
12  83  508
12  84  345,770
12  89  516,519
12  91  508
12  94  827
12  99  417
12  105  881
12  120  99
12  123  904
12  126  637
12  137  538,928
12  158  251
12  161  216,530
12  170  224
12  171  519
12  172  802,840
12  174  393,538,870,928
12  182  983
12  198  519
12  200  174,531
12  201  22,201,881
12  203  75,765
12  204  127,621
12  211  621
12  216  13,781
12  218  290
12  221  195,393,454,722
12  225  957
12  230  700
12  231  700
12  232  808
12  246  967
12  247  278
12  248  938
12  252  883
12  253  519
12  258  946
12  262  66,590,958
12  265  99,251
12  266  242
12  267  143,955
12  270  80,307,625
12  271  624,639,662
12  276  58
12  283  700
12  289  417,508
12  290  375
12  291  305,875
12  296  156
12  305  827
12  308  216,782,904
12  309  717
12  312  859
12  313  58,974
12  315  579
12  318  688
12  320  409
12  322  529
12  325  802
12  336  801
12  337  943
12  356  251
12  357  242,829
12  358  79,299
12  359  345
12  361  950
12  363  251
12  373  623
12  381  127,621
12  384  680
12  398  216
12  409  439,781
12  410  143
12  411  371,470,764
12  413  398,663
12  414  840
12  416  305
12  418  2
12  420  504,627
12  421  808
12  422  94
12  424  914
12  426  412
12  429  455,851
12  433  143,985
12  435  519,815
12  442  127
12  445  432
12  446  371,599
12  453  22,680
12  456  502
12  461  508
12  464  12,519,808
12  473  183,472
12  476  487
12  483  240,576
12  489  497
12  493  669
12  495  216
13  1  94
13  3  519
13  6  782
13  11  508
13  17  190,781,859
13  19  206,911
13  20  367
13  21  663
13  26  371
13  33  123,432
13  44  243
13  50  319,417
13  51  983
13  52  627
13  56  684
13  57  519,646
13  59  991,997
13  62  367
13  64  207,738,955,985
13  67  224
13  70  861
13  72  289,547,915
13  78  519
13  86  357
13  99  319
13  109  58
13  114  99
13  117  957
13  118  127
13  119  305
13  126  593,663
13  131  58
13  149  319,946
13  150  327
13  152  99,206
13  165  508
13  171  621
13  172  127,224,345
13  179  865
13  186  185
13  187  792
13  190  502
13  192  883
13  194  813
13  196  174,815
13  201  496,782,786
13  203  879
13  206  215
13  211  2,190,296,422
13  212  17
13  217  861
13  239  255,875
13  241  620
13  242  904
13  247  688
13  249  700
13  250  427
13  252  174
13  259  224
13  260  781
13  261  531
13  264  367
13  266  28,680,877
13  267  143,583
13  268  680
13  282  802
13  283  738,958
13  290  427,504,627
13  292  201
13  298  531
13  300  261,743
13  303  808
13  313  646
13  318  271,638
13  319  319
13  332  457,957
13  335  29,58,461
13  338  212
13  340  29,369
13  349  251,716
13  355  950
13  356  243,279,824
13  358  355,747
13  363  345,781
13  366  496,600,666,884
13  369  305
13  373  835
13  378  982
13  380  224
13  384  239,452
13  385  470,764,881
13  386  959
13  391  962
13  402  377,388
13  414  251,738
13  420  663
13  429  753,948
13  430  290
13  436  319
13  437  531
13  442  13
13  451  325,394,873
13  453  454,722,782
13  459  140
13  461  94
13  468  324,349
13  496  727,811
14  6  962
14  11  367
14  12  519
14  13  692
14  15  417
14  22  255
14  24  725
14  27  345
14  28  371
14  29  216
14  35  251
14  36  881
14  37  985
14  40  592,724
14  42  298
14  46  877
14  56  434,507
14  62  156
14  64  232,912
14  65  721,846
14  66  522
14  71  417
14  73  345
14  91  29,345,461,661,863
14  94  32,531,727
14  110  496
14  113  470,764
14  118  931
14  122  485
14  126  680
14  130  668
14  136  727,811
14  137  298
14  139  201
14  140  692,881
14  150  815
14  153  327,671
14  157  224
14  158  781
14  161  579,786
14  163  214
14  164  29
14  166  508,800
14  170  439,781
14  171  63
14  179  417
14  180  875
14  185  393,870
14  188  725
14  190  957
14  191  156
14  194  504,627
14  200  345
14  209  116
14  213  206,920
14  214  143
14  217  829
14  219  307
14  225  369
14  226  153
14  227  156
14  233  417,692
14  249  655
14  256  28,66,590,680,877,958
14  264  457
14  268  325,394,873
14  269  143,692,955
14  270  531
14  276  624,639,662
14  278  300,815
14  281  525
14  282  725
14  289  470,764
14  290  836
14  296  832
14  298  345
14  300  531
14  314  319,859
14  318  243,279,824
14  319  621,680
14  320  412,647,671,739,791
14  328  201
14  329  216
14  330  725
14  332  216,234,345,575,952
14  333  387
14  334  508,538,904,928
14  335  251
14  341  815
14  351  305,409
14  356  258
14  358  878
14  359  327,579
14  370  508
14  374  140
14  376  216
14  384  910
14  388  516,596,960
14  389  620
14  402  44,469
14  404  268
14  416  600,666,706,884
14  420  943
14  421  240
14  425  661,863
14  429  504,627
14  430  725,908
14  432  13
14  439  127
14  440  791
14  447  29,378
14  449  457
14  451  388
14  452  29,143,700
14  458  186
14  460  904
14  463  96,331,813
14  465  457
14  470  558,725
14  472  711,956
14  478  840
14  484  490
14  485  655,912
14  493  216,530,531
14  497  239,802
15  2  94
15  4  140,155,378
15  12  668,706,808
15  16  196,781
15  19  959
15  29  547
15  31  661,863
15  37  409
15  38  127,865
15  39  496,700
15  51  94
15  52  143,781
15  62  143,583,684
15  73  327
15  84  189,904,928
15  90  688
15  92  417
15  94  863
15  97  829
15  100  525
15  103  12,904
15  105  216,485,530,531,689
15  133  679
15  134  58
15  135  682
15  137  663
15  149  58,877
15  151  195,393
15  155  558,982
15  156  29,700,820
15  161  178,227
15  162  22,305
15  165  261,369
15  168  943
15  175  519,808
15  177  972
15  180  661,863,943
15  187  972
15  192  496,916
15  197  230,417
15  200  327
15  205  808
15  220  324,349,883
15  221  140
15  229  840
15  235  959
15  236  224,508,522
15  237  91,156,239,801,802
15  240  28,877
15  246  753
15  247  620
15  251  680,682
15  256  547
15  261  345
15  281  327
15  284  700
15  290  234
15  301  417
15  311  454,722
15  317  801
15  319  912
15  332  327,621
15  343  592
15  349  531
15  351  371
15  353  22,232
15  355  240
15  359  815
15  374  263
15  378  367
15  388  149
15  400  562
15  405  531,978
15  408  801
15  411  224
15  415  28,251,877
15  424  240,531,725
15  434  240
15  436  531
15  437  682
15  440  599,931
15  444  522,865
15  446  721,813,846
15  452  178,227
15  458  214,985
15  461  655
15  462  289
15  465  13
15  478  99,206,995
15  489  911
15  494  216,530,531,562
15  496  522
15  497  190,296,422,991,997
16  8  245,579
16  10  627
16  18  99,680
16  19  490
16  20  216,530,531
16  33  13
16  37  470
16  38  29,700
16  40  680
16  41  239,452
16  46  808,957
16  48  224
16  51  13
16  62  113
16  63  815
16  64  143,593,739
16  69  201,553,579
16  71  149,242
16  75  324,349,623,846
16  83  116
16  85  688
16  86  174
16  89  724
16  92  808
16  94  345
16  97  371,599
16  106  143,912,955
16  110  174
16  113  378
16  116  29
16  123  680
16  126  61,460,792,865
16  132  740
16  137  801
16  140  369,398,997
16  141  692
16  142  562
16  146  123,432,535
16  148  434,507
16  149  454,504,538,627,928
16  151  251,290
16  152  519,700
16  155  245
16  157  261
16  158  985
16  160  234,305,367,824
16  161  289
16  162  12
16  164  700
16  166  319,412,700
16  172  661,863
16  176  733
16  179  519
16  180  149
16  184  242
16  189  531
16  190  782,991,997
16  194  279,422
16  196  215
16  197  519
16  201  97,485
16  204  216,530,531,808
16  205  655
16  209  201
16  214  178,227
16  215  904,985
16  232  371,957
16  237  572
16  249  538,928
16  250  367
16  254  525,997
16  256  983
16  259  216,530,531,899
16  263  655
16  268  388
16  270  412
16  274  547
16  275  725
16  276  915
16  278  224,840
16  281  815
16  282  58,801
16  290  216,530,531
16  292  127,429
16  296  29,252,324,700
16  299  156,609,703
16  315  140,155
16  316  186,522,593
16  317  224
16  319  496
16  321  646
16  322  290,325,394,873,875
16  324  29,461
16  325  781
16  341  646
16  346  962
16  349  508
16  351  96,331,599
16  353  22,519
16  354  916
16  359  925,943
16  370  861
16  375  398
16  380  678
16  391  535
16  392  679
16  393  950
16  398  215
16  402  357,881
16  407  516,596,779,904
16  412  579
16  414  371,488
16  417  186,460
16  419  216,530,531
16  422  129
16  424  58
16  437  289,345
16  439  733,808
16  440  717
16  441  558
16  442  290
16  446  224
16  448  97
16  450  290,655
16  452  938
16  456  289
16  474  221
16  477  454,722
16  483  938
16  487  655
16  489  572
16  491  556,661,863,980
16  495  307
17  8  371
17  12  637
17  27  519
17  28  28,289,557,877
17  29  240
17  31  508
17  35  816
17  36  778,914
17  37  684,978
17  39  873
17  43  904
17  46  875
17  47  427
17  60  393,688,870
17  66  345,427
17  67  58
17  68  791
17  69  669
17  86  808
17  88  801
17  94  519,912
17  99  808
17  114  224
17  115  881
17  120  350
17  127  206,562
17  133  143,432,955
17  134  66
17  138  174
17  139  367,579
17  143  529
17  151  206,216,562
17  156  599
17  158  234
17  160  504,627
17  161  725
17  165  454,722
17  166  29,502,700,727,811,875
17  167  13
17  168  522,636
17  177  216,327,801
17  183  398
17  185  517,522
17  197  460
17  203  263
17  204  429
17  205  224,646
17  208  75,174,765
17  209  682,985
17  223  808
17  226  409
17  229  374
17  230  599
17  231  829
17  235  29,461
17  236  116
17  241  490
17  242  58,680
17  245  865
17  247  655
17  250  206
17  254  96,331
17  256  946
17  257  531
17  258  216,234
17  259  289
17  262  678
17  264  298,957,963
17  265  955
17  273  802,865
17  274  655
17  276  290,776
17  277  786
17  283  15
17  286  721,846
17  288  962
17  290  206
17  298  904
17  299  198,647,671,739,791,820
17  301  692
17  303  633
17  304  688
17  308  201,553,579
17  310  206,562
17  312  305
17  323  174,261
17  326  371
17  329  661,863
17  333  216
17  335  781
17  336  367,824
17  337  912
17  349  319
17  354  313
17  355  434,621
17  359  371
17  363  327,624
17  378  367,502
17  380  688,916
17  393  915
17  403  234
17  405  99,345
17  409  398
17  426  668
17  434  412
17  438  680
17  446  36
17  450  409,627
17  451  261,327,655
17  452  305
17  453  579
17  457  931
17  460  684
17  461  286
17  469  496
17  477  911
17  479  519
17  480  439,781
17  488  22,538,928
17  493  753
17  495  496
18  3  22
18  11  960
18  12  113
18  14  127,497,508
18  15  367
18  16  457,496,688
18  20  206
18  21  637
18  25  58,143,519,682
18  27  327
18  30  216,530,531
18  31  13
18  42  649
18  48  143
18  49  519
18  58  58,127
18  62  592
18  64  127,497,538,928
18  65  801
18  70  829
18  72  488
18  81  127,359,497
18  85  239,434,507,802
18  92  519
18  93  61
18  100  957
18  101  985
18  103  496,680
18  104  58,345
18  108  174
18  109  319
18  112  239,452
18  113  58
18  117  875
18  119  58,684
18  121  242,592,911
18  124  647,671,739,791
18  128  470
18  129  417,489
18  133  938
18  137  216,530,531
18  138  820
18  146  13
18  152  223
18  154  792
18  162  439,781
18  164  116
18  166  29
18  171  409
18  177  519,802
18  181  983
18  182  678
18  188  689
18  189  875
18  194  289,498
18  208  97,224,485
18  210  865
18  213  116,263
18  216  527,881
18  222  496,519,904
18  225  216,234,871,875,888,946,974
18  232  289
18  233  692
18  236  916
18  237  263,427
18  242  519
18  245  22,307
18  248  829
18  251  234
18  254  535
18  255  525
18  256  263
18  260  592
18  273  80,201,307,625
18  280  263
18  284  261
18  288  22
18  289  460
18  291  875
18  295  800
18  296  496
18  307  929
18  308  669
18  312  109
18  314  305,525
18  316  116,367
18  317  700,813,916
18  324  429,835
18  326  508,721,846
18  329  886,891
18  331  234
18  333  143
18  336  700
18  341  96,278,331,603,636
18  342  349,727,811
18  346  808
18  349  345,682
18  351  518
18  357  320,655,680
18  360  647,664,671,739,791
18  369  214,257,991,997
18  370  29,461,829
18  380  216,530,531
18  384  835
18  385  263,579
18  388  733
18  391  508
18  393  221,738
18  394  251
18  400  250,660,663
18  405  519,859
18  407  22,579,680
18  408  263,938
18  410  359
18  411  661,721,846,863
18  414  497
18  428  682
18  431  721,846
18  433  535
18  434  29,700,725
18  436  58
18  442  66,590,958
18  447  168
18  456  232
18  466  974
18  467  692
18  473  29
18  476  624,639,662,840
18  477  71
18  479  502
18  484  174
18  485  252,324
18  487  776
18  495  245
18  497  240
18  500  2,519
19  2  516,596
19  8  214,257
19  9  531,661,863,904
19  15  967
19  20  835
19  21  251
19  36  485
19  46  429
19  50  327
19  52  504,627
19  53  290
19  56  2,599
19  57  835
19  61  80,307,625
19  70  700
19  73  239,802,815
19  76  398
19  88  487
19  89  724
19  94  149
19  100  957
19  102  195,278,393
19  110  224
19  120  727,955
19  123  412
19  126  207,393,870,955
19  129  75,251,765
19  138  327,671
19  140  859
19  143  663
19  151  943
19  155  242
19  162  153
19  166  99,206,496,781
19  167  61,214
19  172  215,808
19  175  562
19  186  417
19  192  929
19  198  835
19  201  661,863
19  203  829
19  204  371
19  205  504,627
19  208  700
19  217  661,863,916
19  218  257,700
19  227  251
19  230  955
19  247  340
19  257  216
19  262  378
19  268  621
19  276  840
19  277  972
19  282  427
19  283  519
19  287  261,904
19  289  345
19  294  960
19  295  75,212,765
19  304  997
19  323  242
19  331  531,916
19  339  242
19  341  620
19  342  496
19  348  770
19  349  251,327
19  357  661,863
19  359  636
19  366  261,895
19  370  206
19  378  579
19  380  522
19  385  307
19  386  776,792
19  392  557
19  399  836
19  402  689,904
19  406  16,145
19  407  307
19  419  201,357,553,579,931
19  423  609
19  427  58
19  430  470
19  433  738
19  437  251,345
19  448  801
19  449  251
19  463  243,279,519,535,824
19  469  174
19  476  995
19  482  500
19  484  243,531
19  488  327
20  7  417
20  18  955
20  31  915
20  34  305
20  40  13,244
20  43  982
20  48  776
20  49  307
20  52  240
20  58  873
20  61  508
20  62  29,251,432
20  64  109,496
20  68  684,725
20  69  680
20  74  143,955
20  77  950,983
20  81  153
20  83  36
20  87  393,870
20  89  216,530,531
20  96  207,329,575,952,955
20  98  668,801
20  99  174,252,324
20  105  848
20  113  948
20  115  877
20  119  79,299,439,781,873
20  125  94,367,725
20  128  599
20  130  637
20  137  835
20  148  873
20  152  808
20  155  488
20  157  519
20  158  263
20  163  455,851
20  170  215
20  176  692
20  202  916
20  211  409,572
20  216  234,575,952
20  232  289
20  235  997
20  237  180,205,206,700
20  239  75,765
20  241  2,489,579
20  242  16,145
20  248  772
20  250  815,862
20  251  120,594
20  252  216,530,531
20  258  2,500,877
20  261  327
20  262  547
20  272  519
20  275  427
20  278  916
20  279  186
20  280  575,952
20  288  655
20  289  470,764,840
20  293  143
20  298  327,957
20  308  661,863
20  311  950
20  315  22
20  320  655,943
20  324  663
20  327  840
20  333  661,863
20  335  234
20  337  74,553
20  339  827
20  340  912
20  348  915
20  364  997
20  366  609
20  372  224
20  375  127,417
20  376  983
20  377  75,765
20  378  190,781,859
20  389  369,489
20  391  29,461
20  394  345
20  403  367
20  410  700
20  412  307,972
20  413  943
20  414  74,553,633
20  418  725
20  420  2
20  423  198,820
20  428  251
20  434  840
20  436  873
20  437  327
20  438  621
20  443  329
20  446  15,801
20  447  637
20  450  127,725,885
20  452  592
20  461  13
20  466  327,497
20  467  242
20  471  840
20  479  174
20  480  662
20  481  345
20  496  508
20  497  143
20  499  959
21  7  75,765
21  11  633
21  13  398
21  31  600,776
21  34  239,802
21  35  650
21  44  875
21  47  206
21  49  178,227
21  50  51
21  58  214
21  59  22,214
21  60  79,299,706
21  61  329
21  64  562,899
21  71  75,765
21  77  504,524,547,579,627,786
21  86  519
21  88  252,324
21  89  244
21  98  916
21  107  94
21  113  361
21  115  485
21  121  116,174,627,680
21  122  470,764
21  123  29,700
21  138  689
21  150  925
21  151  393,870
21  152  429
21  155  680
21  156  319
21  157  835
21  162  808
21  169  96,331
21  171  216
21  173  286
21  175  75,765
21  186  647,655,671,739,791
21  194  835
21  195  239,802
21  199  319,801
21  200  815
21  202  655
21  203  417
21  209  562
21  210  962
21  211  371
21  220  832,899
21  223  500
21  224  16,145
21  228  688
21  232  140
21  234  497
21  240  263
21  243  524
21  245  460
21  246  232
21  247  959
21  253  2,84,706
21  256  815
21  262  478
21  265  470,660,764
21  270  531
21  271  29
21  272  305,329
21  273  240
21  282  206,873,957
21  286  345,801
21  292  781
21  294  156
21  296  558
21  297  216,251,359,530,531
21  304  201
21  308  791
21  309  599
21  315  13,307
21  318  524
21  337  636
21  344  652
21  346  201,553,579
21  352  938
21  355  29
21  359  307
21  373  251
21  377  377,388
21  382  504,627
21  385  460
21  386  242,689
21  406  531
21  407  791
21  418  427
21  419  519,904
21  421  496
21  425  661,863
21  427  350,624,639,662
21  430  562
21  432  206
21  433  289,359,498
21  434  427
21  444  517
21  461  58,155,462
21  469  575,952
21  472  962
21  473  519,972
21  480  862
21  481  327
21  484  58
21  486  345
21  488  734
21  492  579
21  495  527,711,956
21  499  504,627
21  500  300
22  7  684
22  13  661,863
22  15  97
22  22  32,727,974
22  26  733,797
22  28  140,873
22  32  216,331,530,531
22  37  371
22  38  808
22  40  61
22  41  130
22  43  985
22  49  524
22  50  66,590,958
22  53  345
22  57  319,367
22  65  938
22  81  29,204,700
22  85  2
22  92  371
22  95  156
22  104  327
22  124  367
22  128  221
22  130  957
22  133  209
22  134  624,639,662
22  137  13,661,700,863
22  142  417
22  144  678
22  149  216,530,531
22  150  327
22  156  689
22  158  562,782
22  159  217
22  169  997
22  173  915
22  185  289
22  190  251
22  191  538,928
22  192  116,234,463
22  194  839
22  195  143
22  197  519
22  199  531
22  201  130,143
22  205  367
22  206  957
22  207  881
22  209  457
22  210  547
22  216  61,367,603
22  234  593
22  237  174
22  247  861
22  260  234
22  262  815
22  268  327,791
22  275  206
22  278  165
22  281  873
22  288  782
22  290  153
22  297  16,145,781
22  298  251
22  300  553
22  301  242
22  313  593
22  317  174
22  318  251
22  320  531
22  321  340
22  332  290
22  333  359
22  337  255
22  340  127,497
22  346  669
22  360  240
22  361  576
22  368  127,216,261,530,531
22  370  502,663
22  372  174,221,329
22  377  881
22  378  206,307,562
22  381  206,508
22  388  97,579
22  391  669
22  399  29,461
22  400  904
22  402  329,646
22  411  801
22  416  439,781
22  420  740
22  424  873
22  434  29,599
22  437  815
22  439  215
22  444  116
22  452  599
22  454  637
22  456  140
22  458  113
22  461  395,779
22  465  61
22  467  245,813
22  474  518
22  481  547
22  493  914
22  495  457,829
22  498  16,230,234
23  5  865
23  10  753,938
23  11  875
23  14  779,791
23  16  786
23  27  815
23  28  140,225
23  31  242,624,639,662,689
23  35  840
23  37  955
23  40  16,145
23  43  813
23  47  166,245,320
23  53  786
23  55  997
23  64  519,913
23  74  647,671,739,791
23  77  146,527
23  78  127,682
23  82  345,991,997
23  92  289
23  93  378,417
23  94  700
23  101  143,955
23  104  815,873
23  111  367
23  118  558
23  125  427,715,983
23  126  234
23  129  201
23  130  168,190
23  134  733,827
23  135  378
23  136  345
23  137  127,827
23  138  508
23  141  189,398,904,928
23  144  94
23  145  859
23  148  488
23  149  278,300,725
23  154  140,155
23  157  156,174,422,829
23  158  52,562
23  161  427
23  167  972
23  171  289,371
23  178  859,914
23  180  409
23  189  58
23  190  519
23  201  178,227,600
23  203  242,916
23  205  727,811
23  207  485
23  214  592
23  220  417
23  223  429
23  224  655,791
23  226  174,434,507
23  232  243
23  233  398
23  234  824
23  235  556,684,980
23  238  556,980
23  239  875
23  240  156,703,808
23  245  22
23  247  592
23  248  840
23  249  255
23  251  689
23  257  66,345,590
23  283  232,519
23  286  327
23  302  680
23  304  684
23  311  363,434,507
23  315  502
23  324  245
23  325  563
23  329  827
23  331  58,277,891
23  332  815
23  334  877
23  338  216,792
23  353  502,727,811
23  354  502
23  360  579
23  373  801
23  377  485
23  379  950
23  384  886,891
23  392  802
23  394  327
23  400  417
23  402  485
23  404  680,846
23  409  859
23  412  99,206
23  414  99,206,840
23  419  127,669
23  429  361
23  436  496
23  443  593,680
23  448  725
23  449  371
23  450  427,873
23  452  287,831
23  453  668
23  454  700
23  459  156,646
23  465  912
23  469  130
23  470  61
23  472  242,378
23  473  706
23  474  846
23  476  997
23  486  99,206,474,644
23  488  10
23  490  916
23  495  530
23  498  120,594
23  499  434,507
24  3  319,502,782
24  9  680
24  12  488,599,811
24  26  289
24  31  633
24  33  929
24  34  143
24  36  17,264,435,875
24  40  637,791
24  44  680
24  46  813
24  48  2,178,227
24  57  409
24  59  592,801
24  62  127,765
24  68  500,599
24  76  859
24  81  839
24  89  504,627
24  92  140,398
24  93  187,579
24  105  206,324,349
24  108  808
24  114  251,955
24  116  417
24  124  599
24  126  878,991,997
24  138  959
24  143  140
24  147  531
24  148  2
24  149  251
24  150  815
24  157  839
24  158  305
24  163  113
24  165  71
24  180  875
24  182  875
24  202  682
24  203  389
24  207  470,764
24  215  680
24  222  298,500
24  231  460
24  235  187
24  240  52,911
24  246  931
24  247  524
24  257  327
24  269  398,412
24  272  439,678,781
24  277  522
24  285  592
24  290  245
24  292  240,815
24  295  216,252,324
24  301  680,959
24  302  16,145
24  308  717
24  319  743
24  323  242,646
24  326  29,461,801
24  328  960
24  329  600
24  331  873
24  335  216,530,531
24  337  298
24  339  912
24  340  261
24  342  290
24  347  207,955
24  355  2
24  357  26
24  362  13
24  364  432,684
24  365  848
24  370  216,530,531
24  377  848
24  381  957
24  383  815
24  392  187
24  395  957
24  401  75,765
24  402  959
24  405  127,623,846,955
24  408  530,531,621
24  410  875
24  411  251
24  422  13
24  426  637
24  429  800
24  432  61
24  436  130,389
24  437  815
24  441  313
24  446  130,938
24  448  427
24  449  647,671,739,791
24  451  815
24  453  637
24  454  957
24  456  827
24  457  801
24  458  547
24  463  735,916
24  468  502
24  474  801
24  475  680
24  493  17
24  495  143,865
24  496  116
24  497  29
24  500  165,572
25  2  327
25  3  127
25  5  668
25  10  245,530,531,621
25  12  127,190,358,725
25  13  680
25  16  524
25  21  224
25  23  877
25  25  290,835,873
25  28  239,263,801
25  35  995
25  38  99,206,733
25  43  562,655
25  48  875
25  50  74,190,637,781,815,859
25  59  700
25  60  340
25  61  58,462
25  68  623,846
25  72  633,668
25  79  289,579
25  80  123,432
25  81  417
25  84  412
25  89  156,827,835
25  92  234,463
25  93  663
25  102  290
25  112  244
25  116  127,140,655,765
25  121  206
25  132  786
25  139  216,234,861
25  141  470
25  145  305
25  153  668,689
25  154  434,507
25  158  859
25  163  361
25  164  489,911
25  165  242
25  167  140
25  170  862
25  172  429,911
25  189  624,639,662,873
25  194  684
25  199  345,700,727,811
25  201  251,848
25  203  190,646
25  205  655
25  213  575,952
25  214  655
25  215  16,145,289,498
25  227  149
25  229  954,995
25  236  29,461
25  238  201
25  240  263,307,883
25  263  957
25  275  524
25  278  916
25  282  700
25  283  243,279,519,824
25  292  369
25  294  633
25  297  517
25  300  58
25  301  859
25  307  579,943
25  312  439,781
25  315  217
25  316  733
25  320  58
25  325  911
25  328  633
25  338  661,863
25  347  96,331
25  348  776
25  351  801
25  352  530,531,621
25  353  727,782,811
25  354  245,500
25  355  123,432,652
25  358  251
25  359  74,277,637
25  366  130
25  368  808
25  370  289,916
25  372  592,929
25  373  781
25  391  753
25  397  22
25  403  289
25  405  156,327,519,660
25  410  15,206,652
25  413  224
25  414  489,592
25  419  753,808
25  423  146,527
25  433  917,920
25  437  277
25  438  865
25  441  911
25  444  859
25  458  815
25  466  824
25  467  680
25  470  782
25  472  669
25  477  251,885
25  482  637
25  486  327
25  490  700
25  499  2
26  1  116
26  2  579
26  3  727,811
26  9  498
26  15  156
26  21  621
26  23  427,660
26  24  792
26  25  96,324,331,349,655,839
26  26  187
26  31  199,478
26  34  190,781,859
26  36  159,848
26  37  801
26  48  99,206
26  64  214,257
26  66  224
26  72  130
26  73  116
26  79  307,734
26  81  168,350
26  82  327
26  87  496
26  88  959
26  89  79,245,299,460
26  90  646
26  94  599
26  96  592
26  97  916
26  98  215,508,733
26  101  562,647,671,739,791
26  107  422
26  113  22,538,928
26  114  660,781
26  118  174,916
26  119  389,623,846,862
26  129  938
26  130  149
26  131  389
26  132  556,980
26  134  206
26  141  375,562
26  142  485
26  143  189,904,928
26  151  201,579,786
26  155  711,956
26  169  916
26  173  174,599
26  181  327,671
26  188  427
26  197  835
26  203  815
26  216  663
26  218  269
26  220  75
26  230  848,931
26  231  15,661,863
26  234  862
26  235  579
26  242  636
26  248  725
26  249  519
26  250  603
26  252  58
26  253  572
26  257  682
26  259  840
26  260  94,389
26  270  58
26  273  655
26  275  178,227
26  276  199
26  280  289
26  284  15
26  287  206,460
26  291  839
26  292  871,888
26  306  345
26  315  61
26  318  829
26  319  916
26  321  592
26  322  840
26  325  29
26  341  808
26  348  123,432
26  349  815
26  352  647,671,739,791
26  362  61
26  363  439
26  381  29,461,711,956
26  383  165,725,998
26  386  658
26  389  288
26  398  289,498
26  399  143,216
26  404  65,867
26  406  470
26  413  725
26  417  808
26  419  454
26  424  865
26  426  531
26  427  94,820
26  431  661,678,863
26  432  380,938
26  433  165,661,863
26  434  127,206,287,765,831
26  435  558
26  438  195,393
26  439  429
26  442  61,835
26  446  61
26  454  531
26  458  655
26  462  620
26  463  216
26  486  182
26  487  261,776
26  492  187
26  498  877
27  4  51,840
27  5  263
27  6  201,553,579
27  7  623,846
27  10  187
27  17  688
27  27  925
27  29  22,717,949
27  30  770
27  31  700,781
27  42  500
27  45  305
27  50  24,728
27  62  652
27  63  319,603
27  64  519,593,859
27  66  116,206,278
27  67  29,186,461
27  71  875
27  78  808
27  94  556,655,980
27  95  251
27  100  216,234,454,878
27  101  417
27  103  216
27  113  782
27  115  591
27  120  135,660
27  125  75,765
27  126  327
27  128  217
27  136  496
27  141  206
27  143  957
27  144  13,378
27  147  345,525
27  149  165,216,360,496,530,531,754,802,974
27  151  251,636
27  155  460
27  159  224
27  165  646,885
27  166  261,599
27  167  669
27  173  94
27  174  298
27  179  224,234,463
27  181  277,689,891
27  184  680
27  188  840
27  196  609
27  197  243,279,824
27  206  914
27  207  324,349,982
27  210  669
27  215  562
27  221  71,153
27  229  904
27  238  802
27  239  99,206,917,920
27  241  572
27  248  427,916
27  252  156,592
27  262  840
27  263  957
27  265  161,460,664
27  268  815
27  269  369
27  270  873
27  273  359
27  278  925
27  282  186,389
27  285  261,943
27  296  599
27  303  245
27  307  636
27  309  727,811
27  311  621
27  320  498
27  330  427
27  332  2,925
27  333  839
27  334  155,649
27  348  94,700,820
27  358  496
27  372  738
27  374  457
27  382  305,678,680
27  386  655,835,859
27  388  286,307
27  389  432
27  392  331
27  394  781,815
27  406  873
27  409  875
27  411  367,781,916
27  414  538,928
27  415  610,781
27  416  862
27  419  367,727
27  420  572
27  425  912
27  429  385,624
27  430  548
27  431  113
27  437  781
27  444  575,952
27  447  149,792
27  453  307
27  454  792,911
27  455  216,530,531
27  459  535
27  463  261
27  474  496
27  483  29
27  486  815
27  490  15
27  495  916
27  499  156
28  6  669
28  7  525
28  11  96,331,688
28  17  950
28  21  792,943
28  22  109
28  25  66,359,590,958
28  39  389
28  50  15
28  57  371
28  74  289,498
28  78  52,251
28  81  149,527
28  91  245
28  95  367
28  97  955
28  103  79,299
28  110  130
28  115  848
28  122  58
28  123  599
28  127  140,326,393,417,870
28  139  307
28  145  439,781
28  148  137
28  149  620
28  151  621
28  152  497
28  153  782
28  155  562
28  159  412
28  163  496
28  166  174,655
28  171  661,721,846,863
28  189  389
28  196  198,350,389,820
28  201  324,349,621
28  205  130,840
28  208  599,916
28  209  240
28  218  827
28  219  244
28  226  2,371
28  228  454,997
28  239  165
28  242  791
28  243  886,891
28  246  239,367,802
28  251  592,781
28  260  700
28  263  156
28  271  201
28  278  779
28  282  353
28  289  255
28  290  156
28  291  99,206
28  295  307
28  296  243,279,488,824
28  297  457
28  298  775,991
28  300  873
28  301  621
28  306  327
28  307  143,865
28  318  143,206,955
28  319  127,497,840
28  320  873
28  322  99,206
28  340  624,639,662
28  344  62,359
28  346  753
28  353  496
28  366  13
28  368  261,429,895
28  374  185
28  376  600,678
28  392  982
28  397  2
28  405  808,931
28  408  504,627
28  410  547
28  413  216,427,522,991,997
28  420  186
28  428  781
28  432  409
28  437  925
28  441  943
28  442  727,808,811
28  444  52,840
28  446  915
28  477  652
28  484  820,873
28  487  242,658,689
28  489  627
28  493  562
29  1  982
29  3  496
29  5  496,575,952
29  9  52
29  10  367
29  11  143,583
29  18  660
29  22  557,959
29  25  457,547
29  27  706
29  32  129
29  34  24,728
29  35  519
29  37  161,367,460,664
29  44  522
29  46  261
29  48  199,600
29  66  620,815
29  67  371
29  72  245
29  79  427
29  80  244
29  83  94,663,820
29  84  123,432
29  88  734
29  90  367,733
29  91  663,781
29  93  557
29  99  371
29  109  915
29  112  730
29  115  13
29  125  13,638
29  130  221,286
29  134  261
29  137  649,899
29  138  250,660
29  139  682
29  140  508
29  145  579
29  146  929
29  147  216,234,327,508,519,913
29  148  791
29  149  489,911
29  150  277,460,925
29  152  371
29  156  727,811
29  168  398
29  169  733
29  176  398
29  186  75,289,498,725,998
29  190  652,875
29  194  875
29  197  496
29  201  296
29  212  159,562
29  213  223
29  218  156
29  225  223
29  228  32,201,727
29  239  429
29  251  369
29  255  883
29  257  329,815
29  258  359,572
29  265  224
29  266  263
29  267  815
29  268  340,717,816
29  274  94,815,820
29  277  225,251
29  281  389
29  285  244
29  287  51
29  289  327
29  294  393,870
29  297  127
29  302  791
29  306  815
29  308  753,813
29  317  165
29  318  592
29  321  682
29  324  839
29  331  938
29  333  360,754
29  334  167,775,846,991
29  336  206
29  339  680
29  343  240
29  345  519
29  348  13,15
29  349  781
29  354  688
29  361  140,155,865
29  363  781
29  366  61
29  368  371,609
29  371  417
29  375  808
29  381  663
29  385  485,575,952
29  392  209,234,296,463
29  413  916
29  414  938
29  424  389
29  435  127
29  442  429
29  448  206
29  449  920
29  451  925
29  452  367
29  456  519,529
29  462  140
29  466  815
29  468  319
29  473  599
29  478  116,182
29  483  680
29  487  199,214,257,658
29  488  488,599,865
29  490  865
29  498  883
30  9  345,600
30  12  695
30  14  58,255,462
30  18  652
30  20  733,839
30  26  770
30  27  779
30  39  15
30  42  711,956
30  46  371
30  50  547,925
30  53  931
30  55  684,839
30  60  599
30  65  187
30  66  925
30  68  717,865
30  69  16,145,753
30  73  925
30  75  216,711
30  81  66,209,286
30  84  531
30  89  839
30  91  289
30  94  700
30  98  623,637
30  103  130
30  105  13
30  107  13,522,684
30  110  820
30  111  733
30  112  693
30  124  931
30  134  820
30  137  156,600
30  143  66
30  155  460
30  157  647,983
30  158  439,781
30  159  94,508
30  160  434,507
30  162  862
30  163  655
30  164  627
30  167  753
30  170  802,916
30  175  429
30  176  664
30  177  378,706
30  181  938
30  182  99,206
30  188  959
30  189  353
30  199  327
30  203  186
30  209  417
30  210  655
30  220  255
30  227  688
30  237  661,863
30  242  706
30  243  216
30  248  206
30  249  127
30  252  74,637,931
30  257  925
30  259  261,895
30  264  97,127,485,649
30  269  393,745,888
30  274  496
30  279  562
30  280  52
30  281  779
30  283  242,378
30  289  116,815,960
30  298  875
30  299  289
30  312  206
30  313  140,155,982
30  314  538,928
30  316  97
30  318  389,711,956,967
30  319  130,859
30  321  369
30  327  58,460
30  332  572
30  335  663
30  337  393,870,959
30  339  22,678,762,983
30  341  429
30  347  733
30  351  938
30  354  379,637,991,997
30  368  417
30  373  839
30  375  75,411,454,765,982
30  376  378
30  380  840
30  382  58,378,439,781
30  389  239,452
30  392  557
30  406  791
30  407  717,865
30  418  572
30  426  792
30  431  216,530,531,600
30  433  172,562
30  434  995
30  438  460
30  440  695
30  442  496
30  446  261
30  453  792
30  469  156
30  472  753
30  474  530,531
30  476  255
30  479  624,639,662
30  480  802
30  481  156,703,815
30  495  130
30  496  24
31  1  296
31  5  165
31  11  245
31  22  855
31  30  13,289
31  44  99,206,529
31  46  865
31  55  623,846
31  60  592
31  72  721,846
31  73  522
31  77  579,786
31  78  875
31  80  207,955
31  89  245,684
31  98  350,700
31  109  776
31  113  982
31  124  733
31  126  232,899
31  127  63
31  130  915
31  132  143
31  139  240,500
31  145  417
31  146  116
31  147  815
31  148  389
31  163  130,800
31  169  97
31  179  647,671,739,791
31  187  13
31  199  496,815
31  202  652
31  203  22
31  206  389
31  213  497
31  226  572
31  232  22,717,949
31  236  663
31  238  911
31  240  832,899
31  246  331
31  247  792,916
31  252  389,873
31  253  599
31  272  835
31  277  174
31  282  500
31  285  627
31  288  669
31  291  862
31  295  410
31  297  234
31  300  389
31  304  240
31  310  393,870
31  311  572
31  314  439,781
31  317  74,637
31  323  215,519
31  330  206,307
31  331  313
31  336  166,245,320,524
31  337  63,649
31  353  130
31  354  485
31  355  13
31  357  678
31  359  289
31  363  234
31  364  143,955
31  365  786
31  368  198,820
31  374  725,998
31  375  296
31  383  925
31  385  51
31  388  915
31  393  929
31  394  925
31  395  678,875
31  396  58,462
31  402  592
31  405  243,279,824
31  408  500
31  416  261,599,895
31  417  371
31  420  627
31  426  389,727,811
31  429  367
31  440  288
31  441  488
31  443  649,724
31  449  289
31  450  429
31  457  10
31  463  600,840
31  467  165,234,261,463
31  472  367
31  479  835
31  484  389,982
31  487  199
31  488  502,925
31  493  950,983
32  1  13
32  8  307,721,846
32  9  16,145,327,345
32  11  524
32  24  156,190,427
32  26  140
32  28  100,239,575,952
32  31  538,928
32  34  29,680
32  37  938
32  53  143,840
32  56  572
32  60  369
32  61  155
32  63  496
32  74  224
32  76  216,530,531
32  77  61,198,240,764
32  78  429
32  81  915
32  91  815
32  94  269
32  100  531,920
32  102  620
32  115  929
32  118  808
32  122  221
32  128  359,375
32  136  496,815
32  137  22,61,762
32  154  190
32  159  959
32  160  58,251
32  162  371
32  168  655
32  180  371,422
32  189  223
32  192  592
32  197  929
32  199  130
32  218  912
32  227  700
32  235  557
32  237  290,680
32  238  251
32  239  172
32  240  429,575,579,873,952
32  241  307
32  243  827
32  247  706
32  248  389
32  251  234
32  252  389,700
32  254  66,599
32  255  454
32  257  116,548
32  266  575,952
32  267  875
32  273  240,508,911
32  278  277
32  281  353
32  282  15
32  289  519,925
32  291  182
32  296  840
32  308  367
32  311  140,155
32  314  242
32  317  221
32  319  91,678
32  322  995
32  324  371
32  328  245
32  331  355,747
32  344  957
32  347  97,535
32  361  29,461,873
32  363  234
32  365  959
32  366  146,527
32  371  957
32  375  429
32  379  216,234,393,870
32  380  378
32  393  658
32  403  916
32  404  791,916
32  405  161,460,664
32  414  995
32  416  460,609
32  417  289
32  426  558
32  429  950,983
32  437  277
32  441  379
32  443  367,678,824,865
32  445  575,727,910,952
32  448  700
32  455  680
32  457  815
32  458  216,395,530,531
32  464  371,835
32  479  943
32  492  557
33  7  508,786
33  8  815
33  9  327,538,815,928
33  17  524
33  25  389
33  35  801,835
33  40  792
33  44  791
33  52  99,206
33  53  827
33  54  738
33  59  15
33  64  962
33  69  367,791
33  82  94,820
33  84  13
33  87  519,913
33  94  255
33  97  479
33  102  460,489
33  105  603,929
33  108  74,637
33  109  242,689
33  114  234
33  119  353,802,878
33  121  652
33  122  982
33  123  58,624
33  125  954
33  126  815
33  132  593
33  134  269
33  140  485
33  143  180,205
33  145  307,862
33  146  489
33  147  562,663
33  150  51
33  153  835
33  155  209
33  156  496
33  158  962
33  159  13,916
33  160  2,367,502,535
33  166  234
33  174  579,649,786
33  180  600
33  186  252,324
33  194  113
33  195  263
33  200  74,599,637
33  205  733
33  206  17
33  209  859
33  216  52
33  222  563
33  226  221
33  227  286,593
33  233  286,859
33  247  389,599
33  255  508
33  256  52
33  257  427,547,592,660
33  260  190
33  261  727,811
33  267  99,140,206,412
33  268  782
33  270  389,815
33  272  875
33  275  190
33  276  995
33  287  775,846,991
33  288  753
33  290  166,245,320
33  293  359
33  295  711,956
33  297  717
33  305  2,603
33  309  496
33  311  71,223,307,871
33  313  17,684
33  315  791
33  316  94,820
33  317  840
33  321  251
33  328  207,251,955
33  329  624,639,662
33  331  379,929
33  341  97
33  344  664
33  349  153
33  362  624
33  364  647,671,739,791
33  365  225
33  367  263,422
33  370  389
33  373  174,599
33  377  324,349,781
33  382  558
33  384  329,367
33  385  827
33  389  600,727,910
33  397  572
33  404  717
33  413  206,215
33  419  950,983
33  426  190
33  430  427,660,865
33  460  156
33  469  52
33  479  393,636,870
33  489  58
33  494  775,846,991
33  496  94,155,820
33  497  116
33  500  58
34  5  637,782
34  9  791,815
34  23  688
34  28  820,873
34  39  353
34  45  599,689
34  49  916
34  67  840
34  73  277
34  79  460
34  80  216,496
34  81  214,257
34  84  815
34  86  706
34  89  878,985
34  90  524,621
34  94  327
34  99  496
34  105  116
34  107  61
34  111  97
34  114  240
34  136  925
34  147  925
34  149  245,624,639,662
34  155  682
34  156  527
34  157  13,143
34  163  395
34  165  22
34  166  688
34  170  734
34  173  818
34  174  974
34  177  429,700
34  179  243,279,824
34  182  378
34  185  562,592
34  194  245,985
34  197  232
34  200  66,925
34  216  331,485
34  217  22,389
34  220  186
34  227  15
34  234  434,507
34  237  143
34  244  633
34  247  524
34  249  242
34  259  609
34  268  524,925
34  275  166,245,320,592
34  288  367
34  307  700
34  309  850
34  311  524
34  314  411,454
34  320  371,636
34  328  251
34  329  624,639,662
34  333  600,974
34  345  116
34  362  289,498,575,952
34  368  146,156,527
34  369  36,599,815
34  372  240
34  380  156
34  394  700
34  395  378
34  396  155
34  399  120,178,227,594
34  401  252,324
34  406  680
34  413  327,661,863
34  421  519,556,913,980
34  425  600
34  427  174,250,660
34  435  603
34  436  353
34  442  839
34  444  995
34  446  187,216,711
34  451  224
34  455  16,145
34  457  925
34  475  15,290,791
34  478  835
34  483  772
34  488  277,624,639,662
34  491  58,156,422,462,829
34  495  190
34  499  572
35  2  815
35  3  808
35  6  962
35  12  28
35  14  155,216,711
35  15  627
35  17  647,671,739,791
35  18  599
35  19  627
35  20  457
35  22  289
35  23  524
35  25  255,353
35  35  700
35  41  116,624
35  43  29
35  45  959
35  48  143,865,916
35  59  369
35  64  234,463,865
35  67  91
35  71  252,324
35  76  865
35  79  680,824
35  80  216,234,371
35  84  58
35  86  74,599,637
35  87  63
35  89  232,579
35  92  232
35  95  289,652
35  96  232
35  102  547
35  103  820
35  104  925
35  108  429
35  110  621
35  124  143
35  130  522
35  136  289
35  148  353
35  152  15,278
35  153  700
35  158  957
35  164  15,94,820
35  167  367
35  174  621
35  177  599,911,925
35  178  17
35  190  130
35  197  839
35  198  129,174
35  203  680
35  205  97
35  209  127
35  217  600
35  218  94,149,156
35  224  255
35  229  621
35  231  389,600
35  240  378
35  250  556,980
35  252  15
35  253  911
35  257  460
35  261  496
35  265  460,916
35  277  652,717
35  278  840
35  279  728
35  285  290
35  289  633
35  299  255
35  301  678
35  303  877
35  309  130
35  310  63
35  312  855,862
35  317  261,955
35  318  380,620,938
35  327  51
35  328  232
35  329  331
35  331  353
35  335  156
35  347  429,637,985
35  352  289,498
35  357  655
35  358  781
35  359  140,535
35  371  875
35  376  143,865
35  380  524
35  381  531
35  382  862
35  389  624
35  399  592
35  405  216,599,711,815
35  408  215
35  411  600,938
35  414  245,846
35  421  429
35  428  234
35  443  244,393,745,888
35  444  695,702
35  450  206,371
35  455  655,827
35  464  79,299
35  472  950,983
35  477  353
35  478  94,820,839
35  479  63
35  483  62
35  485  899
35  495  410
35  500  223,871
36  15  808,865
36  19  620
36  27  599
36  28  15
36  31  61
36  33  116
36  37  562,623,846
36  39  931
36  44  717
36  57  733
36  61  185
36  63  320,655
36  66  489
36  70  916
36  76  156,319
36  79  206
36  80  13,535
36  84  873
36  90  733
36  94  815
36  96  519
36  97  389
36  99  130,289
36  103  190
36  107  982
36  109  658
36  111  296
36  112  498
36  115  62
36  130  500
36  137  167,245
36  141  859
36  144  61
36  147  277
36  157  61
36  158  417
36  162  929
36  166  524
36  175  243,279,824
36  177  277,478,695
36  180  182
36  182  182
36  184  22
36  185  621
36  198  820
36  207  296
36  208  287,831
36  211  29
36  217  782
36  220  997
36  221  206,562
36  222  130,649,839
36  228  13,240
36  233  519,913
36  234  2
36  238  655
36  244  245
36  256  877
36  257  367,417
36  259  995
36  264  305
36  265  599,938
36  270  925
36  272  592,862
36  277  305,850
36  285  636
36  288  929
36  289  277
36  292  925
36  298  925
36  302  717
36  306  925
36  309  502
36  314  680,813
36  316  865
36  318  190
36  331  706,888
36  333  239,802
36  338  307
36  343  432
36  346  371
36  347  165,865
36  357  251
36  358  75,130,273,765
36  359  655
36  360  307
36  364  623,727,846,910
36  367  118,575,952
36  369  738,925
36  375  360,754
36  377  234
36  379  490
36  390  94,382,386
36  395  496,603
36  402  97
36  403  215
36  405  371,865,925
36  408  187
36  409  99,206,727
36  411  840
36  413  600,815,859
36  415  263
36  425  600
36  433  538,928
36  439  389
36  441  156,636
36  449  955
36  450  721,846
36  453  878
36  458  156
36  460  216,711
36  476  931
36  481  925
36  486  925
36  489  943
36  497  29
37  1  61
37  5  792
37  6  753
37  8  925
37  9  251,298,925
37  13  600
37  14  331
37  17  140,155
37  19  489,839
37  20  216,530,531
37  21  496,636
37  33  432,460
37  34  359
37  38  429,599
37  46  99,206
37  48  389,592,781
37  50  277,815,949
37  52  865
37  56  127,497
37  61  592,725,998
37  63  130
37  64  592,865
37  66  916
37  71  215,422
37  74  600,621
37  77  29
37  78  234
37  79  143
37  81  245,929
37  84  278,389,710
37  85  201
37  87  130
37  89  113,201,519
37  91  600
37  95  143,583
37  101  877
37  102  661
37  104  375,389
37  109  199
37  110  182
37  114  621
37  117  562
37  118  840
37  121  94,182,678,820
37  123  592
37  126  36,367,925
37  129  251,772
37  133  772
37  137  429
37  140  288,848
37  141  135
37  154  621
37  159  385
37  160  572,624,639,662
37  166  36,277
37  172  925,946
37  173  13,74,637
37  174  167
37  178  680
37  187  929
37  203  52
37  204  489
37  206  159
37  210  557,753
37  213  52
37  215  417,791
37  216  143,583,865
37  218  875
37  228  61,143,575,865,952
37  235  187
37  237  359,840
37  246  519
37  254  454
37  255  116
37  257  143
37  264  429
37  266  678
37  270  277
37  272  802
37  281  245
37  287  290
37  296  786
37  297  289
37  298  277
37  304  389,623,682,846
37  308  261
37  311  885
37  316  371
37  320  116,548,839
37  323  217
37  332  500,840
37  334  245,995
37  337  156
37  342  130
37  345  706
37  346  289,367
37  355  393,745,888
37  359  15
37  360  29
37  363  815
37  364  216,711
37  385  52,848
37  386  199
37  391  28,367,896
37  394  15,234,277
37  399  22,717,949
37  402  839,848
37  403  647,671,739,791
37  404  215
37  408  52
37  415  234
37  417  140
37  418  206
37  421  371
37  435  488
37  448  15
37  453  791
37  454  190
37  455  289,912
37  456  15
37  457  289
37  462  100,239
37  466  278,621
37  468  496
37  473  695
37  474  791,839
37  479  865
37  489  278
37  496  130,660
37  497  359
38  3  130
38  6  367
38  8  277
38  9  277,649,717
38  12  865
38  27  695
38  30  929
38  32  116,548,865
38  35  84
38  37  187,733
38  38  600
38  47  20,741
38  49  215
38  52  359
38  53  289
38  55  216,711
38  58  389
38  70  190
38  71  118,786
38  77  621,815
38  86  695
38  92  519
38  94  925
38  95  74,553
38  107  94,820
38  110  250,660
38  114  524,599
38  124  97
38  125  329,599,786,936
38  127  252,324
38  132  592,680
38  133  938
38  136  130
38  140  58,462
38  143  875
38  145  75,765
38  148  717
38  153  269
38  159  61,877
38  160  223,474,502,644,871
38  161  592
38  162  802
38  171  600
38  175  371
38  176  859
38  177  624,639,662
38  179  289,498
38  183  502,603
38  192  74,553,772
38  197  51
38  198  13,250,660
38  209  997
38  210  367
38  216  234
38  220  621
38  229  592
38  231  190,296
38  249  682
38  252  353,772
38  257  51,277
38  259  621
38  261  815
38  263  156
38  282  91
38  289  242,378
38  290  797
38  295  529,915
38  307  307
38  314  454,496,862
38  318  254,877
38  319  553
38  321  781
38  328  289
38  337  167
38  341  371,489
38  343  29
38  345  599
38  346  140
38  348  658,929
38  355  572,929
38  361  389
38  365  324,349
38  370  820
38  371  22,700
38  376  478
38  381  61
38  382  603,840
38  383  277
38  384  663
38  385  324,349
38  405  277,490
38  415  52
38  419  389,429
38  424  353
38  425  350,379
38  428  324,349
38  441  627
38  446  489
38  449  781
38  455  240
38  461  61,818
38  465  305
38  466  925
38  468  490
38  470  488
38  479  916
38  485  84
38  498  427,660
39  2  678
39  6  753
39  15  429
39  18  289,396,498,961
39  21  490
39  23  156
39  24  206
39  27  959
39  35  15,652
39  37  417,599
39  40  680,717
39  42  75,765
39  43  417
39  49  592
39  58  71,460
39  60  621
39  64  130,855
39  76  496
39  78  182,663
39  79  278
39  80  519,929
39  85  572
39  89  251,307
39  90  29
39  96  155,865
39  103  142
39  118  429
39  120  599
39  126  277,547,562
39  127  786
39  132  182,678
39  147  417
39  149  130,289,367,627,824,865,983
39  156  130,624,959
39  160  36
39  167  700
39  168  859
39  169  389
39  182  478
39  185  389
39  186  786
39  188  166,245,320,995
39  199  15,925
39  201  592
39  205  245,429
39  208  524,840
39  215  717
39  216  324,349
39  219  624
39  222  324,349,991
39  225  253,369,925
39  227  74,637,865
39  228  52
39  230  479
39  233  859
39  240  307,371,389,478
39  242  599
39  243  216,530,531
39  247  209,369
39  249  678
39  251  959
39  253  695
39  261  925
39  263  66
39  264  955
39  265  51,215
39  270  353
39  271  251
39  272  99,206,378,839
39  286  815
39  288  624,639,662
39  294  63
39  306  277
39  313  931
39  322  663
39  336  15
39  337  997
39  338  600
39  342  206
39  344  531
39  349  277,633
39  351  624,639,662
39  356  116,254
39  361  353
39  363  925
39  369  277
39  374  52,378
39  375  859
39  381  52
39  382  488,802
39  384  855
39  394  775,846
39  404  389
39  405  396,961
39  408  245
39  413  116,166,245,320
39  416  198,820
39  422  287
39  435  808
39  440  422
39  443  167
39  452  165
39  454  221,627
39  455  791
39  479  840
39  484  353
39  488  96,331
39  500  599
40  1  94,820
40  6  367
40  9  277,296
40  10  775,846,991
40  12  371,843
40  21  781
40  24  214,221,257
40  29  29
40  31  15
40  33  51
40  35  839
40  36  502
40  42  143,167,865
40  45  255
40  53  995
40  59  74,502,637
40  60  878
40  71  460
40  72  792
40  80  130,500
40  84  277
40  87  877
40  93  307,478
40  94  422
40  97  245
40  98  389
40  99  140
40  102  600
40  109  130
40  113  624,639,662
40  114  29,396,961
40  115  524
40  123  717
40  124  592
40  126  519,815
40  128  135,496
40  139  143
40  141  835
40  143  307
40  153  839
40  154  221,223,871
40  156  143,865
40  161  206
40  166  127,590,765
40  168  116,288
40  177  627
40  181  772,959
40  183  627
40  187  116
40  195  52
40  212  417
40  218  422
40  220  206
40  221  26
40  222  678,684
40  223  371
40  225  244
40  234  242,378,572
40  236  389
40  239  371
40  245  460
40  250  802
40  273  472
40  276  781
40  279  91,94,820
40  280  636
40  286  530,531,621,925
40  298  99,206
40  305  289
40  313  610
40  314  387,802
40  317  140,929
40  318  290
40  320  721,846
40  321  225
40  323  74,553,655,680
40  324  519
40  326  663
40  343  727,910
40  345  695
40  348  199
40  349  130,234
40  351  187
40  354  524
40  367  52
40  371  251
40  379  500
40  380  478
40  382  61,389,460,995
40  384  592
40  387  508
40  388  245,818
40  391  663
40  395  130,478
40  397  223,871
40  398  389
40  399  797
40  401  832,899
40  403  143,583
40  410  182
40  413  599,636,925
40  416  802,859
40  418  223,871
40  426  496
40  429  245
40  430  206,877
40  431  156
40  432  371,878
40  435  429
40  442  371,636
40  447  943
40  467  859
40  470  865
40  471  995
40  481  277,572
40  483  460
40  484  296
40  485  786
40  489  636
40  494  289
40  498  859
