1  4  470,764
1  7  997
1  9  28,216,487,877
1  12  959
1  16  319,682
1  21  663
1  24  655
1  27  44,469
1  31  58,801
1  32  239,593
1  34  109
1  36  727,910
1  37  997
1  40  242
1  45  417
1  46  519
1  47  290
1  48  216
1  49  224
1  50  251,290,470,716,764
1  64  967
1  67  508
1  72  508
1  75  997
1  77  290,899
1  78  28,519,877,913,957
1  79  223
1  80  22,997
1  81  239,504,519,562,627,679,802,985
1  87  329
1  94  216
1  96  28,877
1  97  214,592
2  8  251,716
2  10  782
2  11  234
2  13  216
2  14  688,904,997
2  15  214,257,593,802
2  18  156,985
2  20  646
2  24  255
2  27  327,671
2  29  290
2  33  324,349
2  34  242,251,593
2  46  12
2  48  58
2  56  997
2  59  174
2  66  997
2  68  800,904,997
2  76  221
2  80  324,349
2  91  216,530,531,716
2  92  985
3  10  357,409,962
3  15  646
3  19  290
3  22  216,530,531
3  24  668
3  34  621
3  39  412
3  40  94
3  41  820
3  59  502
3  65  409
3  70  195,393
3  72  371
3  77  946,962
3  79  216,530,531
3  80  127,243,717,827,949
3  91  531
3  93  516,529,596
4  4  224,460
4  8  189,516,531,596,904,928
4  9  143,251,716,955
4  10  802
4  12  519
4  16  527
4  19  725
4  23  216,530,531
4  24  290
4  27  531
4  28  238,290
4  31  738,983
4  41  319
4  45  190,781,859
4  48  786
4  53  983
4  58  789
4  64  24
4  65  371
4  67  740
4  70  801
4  72  960
4  76  929
4  79  487
4  86  519
4  88  417
4  89  251,470,504,627,764
4  90  646
4  93  579
4  96  80,307,625
4  98  80,224,307,625
5  4  916,950
5  11  717,949
5  13  242
5  14  680,827
5  27  183,472
5  31  94
5  41  522
5  47  725
5  48  245
5  49  243,279,329,824
5  55  519
5  64  827
5  66  290
5  75  668,684
5  76  692
5  77  261,393,870,895
5  81  22,412,519
5  82  531
5  92  692
5  93  320,655
6  7  290
6  8  278,710
6  13  522
6  31  58,216
6  38  646,957
6  42  417
6  45  801
6  46  820,946
6  49  165,786
6  50  801
6  53  460,531
6  56  997
6  68  412,680,957
6  73  522
6  80  96,331,912
7  8  409
7  10  201,553,579
7  14  329,936
7  20  519
7  22  739
7  32  722
7  33  682,770
7  36  727,910
7  37  417,985
7  38  216
7  42  957
7  43  470,504,627
7  45  44,469
7  46  593
7  52  802
7  56  504,627,684
7  60  12
7  61  997
7  72  245
7  74  216
7  76  94,593
7  77  201,553,579,609
7  82  522
7  88  647,671,739,791
7  90  525
7  97  409
7  100  12,127
8  1  522
8  4  983
8  5  300,725
8  9  263,470,764
8  17  251
8  19  278
8  21  682,943
8  26  808
8  34  340
8  35  156,290
8  37  655
8  39  801
8  40  329,668
8  52  682
8  56  216
8  58  946
8  62  251,504,627,813
8  64  319
8  67  409
8  68  216,234
8  69  782
8  73  531,558
8  75  848
8  79  242,290
8  81  562
8  83  502
8  94  800
9  2  393,745,888
9  5  319
9  10  371
9  12  912
9  14  156,684,703
9  21  668
9  25  412
9  28  371,579
9  29  66,590,958
9  38  875
9  40  724,904
9  43  240
9  45  221,327,671
9  47  393
9  50  174,460,562
9  52  911
9  62  682
9  66  531,725
9  69  962
9  72  558
9  77  669
9  82  116,502
9  87  319,946
9  96  66,508,647,671,739
10  10  669,721,846
10  13  116
10  14  201,398
10  19  802
10  28  187,808
10  41  496,717,949
10  44  525,904
10  48  661,863
10  52  593
10  56  863
10  58  531
10  68  29,700
10  81  63,912
10  89  813
10  90  109,367
10  96  263
10  97  454,861
11  7  840
11  11  957
11  14  883
11  16  251,417
11  17  143,955
11  18  242
11  19  143,955
11  22  655
11  25  531,920
11  34  592
11  38  519
11  39  200,491
11  48  434
11  49  579,688
11  50  345,562
11  52  875
11  58  94
11  71  224
11  76  13
11  77  198,688,753,820
11  84  324,349
12  2  531,983
12  14  832,899
12  18  978
12  23  16,230
12  24  140
12  32  94
12  36  377,388
12  38  412
12  39  832
12  46  127
12  49  143
12  58  457,877
12  64  786
12  66  579
12  77  174,367
12  79  680
12  80  127,497,808
12  81  143
12  83  508
12  84  345,770
12  89  516,519
12  91  508
12  94  827
12  99  417
13  1  94
13  3  519
13  6  782
13  11  508
13  17  190,781,859
13  19  206,911
13  20  367
13  21  663
13  26  371
13  33  123,432
13  44  243
13  50  319,417
13  51  983
13  52  627
13  56  684
13  57  519,646
13  59  991,997
13  62  367
13  64  207,738,955,985
13  67  224
13  70  861
13  72  289,547,915
13  78  519
13  86  357
13  99  319
14  6  962
14  11  367
14  12  519
14  13  692
14  15  417
14  22  255
14  24  725
14  27  345
14  28  371
14  29  216
14  35  251
14  36  881
14  37  985
14  40  592,724
14  42  298
14  46  877
14  56  434,507
14  62  156
14  64  232,912
14  65  721,846
14  66  522
14  71  417
14  73  345
14  91  29,345,461,661,863
14  94  32,531,727
15  2  94
15  4  140,155,378
15  12  668,706,808
15  16  196,781
15  19  959
15  29  547
15  31  661,863
15  37  409
15  38  127,865
15  39  496,700
15  51  94
15  52  143,781
15  62  143,583,684
15  73  327
15  84  189,904,928
15  90  688
15  92  417
15  94  863
15  97  829
15  100  525
16  8  245,579
16  10  627
16  18  99,680
16  19  490
16  20  216,530,531
16  33  13
16  37  470
16  38  29,700
16  40  680
16  41  239,452
16  46  808,957
16  48  224
16  51  13
16  62  113
16  63  815
16  64  143,593,739
16  69  201,553,579
16  71  149,242
16  75  324,349,623,846
16  83  116
16  85  688
16  86  174
16  89  724
16  92  808
16  94  345
16  97  371,599
17  8  371
17  12  637
17  27  519
17  28  28,289,557,877
17  29  240
17  31  508
17  35  816
17  36  778,914
17  37  684,978
17  39  873
17  43  904
17  46  875
17  47  427
17  60  393,688,870
17  66  345,427
17  67  58
17  68  791
17  69  669
17  86  808
17  88  801
17  94  519,912
17  99  808
18  3  22
18  11  960
18  12  113
18  14  127,497,508
18  15  367
18  16  457,496,688
18  20  206
18  21  637
18  25  58,143,519,682
18  27  327
18  30  216,530,531
18  31  13
18  42  649
18  48  143
18  49  519
18  58  58,127
18  62  592
18  64  127,497,538,928
18  65  801
18  70  829
18  72  488
18  81  127,359,497
18  85  239,434,507,802
18  92  519
18  93  61
18  100  957
19  2  516,596
19  8  214,257
19  9  531,661,863,904
19  15  967
19  20  835
19  21  251
19  36  485
19  46  429
19  50  327
19  52  504,627
19  53  290
19  56  2,599
19  57  835
19  61  80,307,625
19  70  700
19  73  239,802,815
19  76  398
19  88  487
19  89  724
19  94  149
19  100  957
20  7  417
20  18  955
20  31  915
20  34  305
20  40  13,244
20  43  982
20  48  776
20  49  307
20  52  240
20  58  873
20  61  508
20  62  29,251,432
20  64  109,496
20  68  684,725
20  69  680
20  74  143,955
20  77  950,983
20  81  153
20  83  36
20  87  393,870
20  89  216,530,531
20  96  207,329,575,952,955
20  98  668,801
20  99  174,252,324
21  7  75,765
21  11  633
21  13  398
21  31  600,776
21  34  239,802
21  35  650
21  44  875
21  47  206
21  49  178,227
21  50  51
21  58  214
21  59  22,214
21  60  79,299,706
21  61  329
21  64  562,899
21  71  75,765
21  77  504,524,547,579,627,786
21  86  519
21  88  252,324
21  89  244
21  98  916
22  7  684
22  13  661,863
22  15  97
22  22  32,727,974
22  26  733,797
22  28  140,873
22  32  216,331,530,531
22  37  371
22  38  808
22  40  61
22  41  130
22  43  985
22  49  524
22  50  66,590,958
22  53  345
22  57  319,367
22  65  938
22  81  29,204,700
22  85  2
22  92  371
22  95  156
23  5  865
23  10  753,938
23  11  875
23  14  779,791
23  16  786
23  27  815
23  28  140,225
23  31  242,624,639,662,689
23  35  840
23  37  955
23  40  16,145
23  43  813
23  47  166,245,320
23  53  786
23  55  997
23  64  519,913
23  74  647,671,739,791
23  77  146,527
23  78  127,682
23  82  345,991,997
23  92  289
23  93  378,417
23  94  700
24  3  319,502,782
24  9  680
24  12  488,599,811
24  26  289
24  31  633
24  33  929
24  34  143
24  36  17,264,435,875
24  40  637,791
24  44  680
24  46  813
24  48  2,178,227
24  57  409
24  59  592,801
24  62  127,765
24  68  500,599
24  76  859
24  81  839
24  89  504,627
24  92  140,398
24  93  187,579
25  2  327
25  3  127
25  5  668
25  10  245,530,531,621
25  12  127,190,358,725
25  13  680
25  16  524
25  21  224
25  23  877
25  25  290,835,873
25  28  239,263,801
25  35  995
25  38  99,206,733
25  43  562,655
25  48  875
25  50  74,190,637,781,815,859
25  59  700
25  60  340
25  61  58,462
25  68  623,846
25  72  633,668
25  79  289,579
25  80  123,432
25  81  417
25  84  412
25  89  156,827,835
25  92  234,463
25  93  663
26  1  116
26  2  579
26  3  727,811
26  9  498
26  15  156
26  21  621
26  23  427,660
26  24  792
26  25  96,324,331,349,655,839
26  26  187
26  31  199,478
26  34  190,781,859
26  36  159,848
26  37  801
26  48  99,206
26  64  214,257
26  66  224
26  72  130
26  73  116
26  79  307,734
26  81  168,350
26  82  327
26  87  496
26  88  959
26  89  79,245,299,460
26  90  646
26  94  599
26  96  592
26  97  916
26  98  215,508,733
27  4  51,840
27  5  263
27  6  201,553,579
27  7  623,846
27  10  187
27  17  688
27  27  925
27  29  22,717,949
27  30  770
27  31  700,781
27  42  500
27  45  305
27  50  24,728
27  62  652
27  63  319,603
27  64  519,593,859
27  66  116,206,278
27  67  29,186,461
27  71  875
27  78  808
27  94  556,655,980
27  95  251
27  100  216,234,454,878
28  6  669
28  7  525
28  11  96,331,688
28  17  950
28  21  792,943
28  22  109
28  25  66,359,590,958
28  39  389
28  50  15
28  57  371
28  74  289,498
28  78  52,251
28  81  149,527
28  91  245
28  95  367
28  97  955
29  1  982
29  3  496
29  5  496,575,952
29  9  52
29  10  367
29  11  143,583
29  18  660
29  22  557,959
29  25  457,547
29  27  706
29  32  129
29  34  24,728
29  35  519
29  37  161,367,460,664
29  44  522
29  46  261
29  48  199,600
29  66  620,815
29  67  371
29  72  245
29  79  427
29  80  244
29  83  94,663,820
29  84  123,432
29  88  734
29  90  367,733
29  91  663,781
29  93  557
29  99  371
30  9  345,600
30  12  695
30  14  58,255,462
30  18  652
30  20  733,839
30  26  770
30  27  779
30  39  15
30  42  711,956
30  46  371
30  50  547,925
30  53  931
30  55  684,839
30  60  599
30  65  187
30  66  925
30  68  717,865
30  69  16,145,753
30  73  925
30  75  216,711
30  81  66,209,286
30  84  531
30  89  839
30  91  289
30  94  700
30  98  623,637
31  1  296
31  5  165
31  11  245
31  22  855
31  30  13,289
31  44  99,206,529
31  46  865
31  55  623,846
31  60  592
31  72  721,846
31  73  522
31  77  579,786
31  78  875
31  80  207,955
31  89  245,684
31  98  350,700
32  1  13
32  8  307,721,846
32  9  16,145,327,345
32  11  524
32  24  156,190,427
32  26  140
32  28  100,239,575,952
32  31  538,928
32  34  29,680
32  37  938
32  53  143,840
32  56  572
32  60  369
32  61  155
32  63  496
32  74  224
32  76  216,530,531
32  77  61,198,240,764
32  78  429
32  81  915
32  91  815
32  94  269
32  100  531,920
33  7  508,786
33  8  815
33  9  327,538,815,928
33  17  524
33  25  389
33  35  801,835
33  40  792
33  44  791
33  52  99,206
33  53  827
33  54  738
33  59  15
33  64  962
33  69  367,791
33  82  94,820
33  84  13
33  87  519,913
33  94  255
33  97  479
34  5  637,782
34  9  791,815
34  23  688
34  28  820,873
34  39  353
34  45  599,689
34  49  916
34  67  840
34  73  277
34  79  460
34  80  216,496
34  81  214,257
34  84  815
34  86  706
34  89  878,985
34  90  524,621
34  94  327
34  99  496
35  2  815
35  3  808
35  6  962
35  12  28
35  14  155,216,711
35  15  627
35  17  647,671,739,791
35  18  599
35  19  627
35  20  457
35  22  289
35  23  524
35  25  255,353
35  35  700
35  41  116,624
35  43  29
35  45  959
35  48  143,865,916
35  59  369
35  64  234,463,865
35  67  91
35  71  252,324
35  76  865
35  79  680,824
35  80  216,234,371
35  84  58
35  86  74,599,637
35  87  63
35  89  232,579
35  92  232
35  95  289,652
35  96  232
36  15  808,865
36  19  620
36  27  599
36  28  15
36  31  61
36  33  116
36  37  562,623,846
36  39  931
36  44  717
36  57  733
36  61  185
36  63  320,655
36  66  489
36  70  916
36  76  156,319
36  79  206
36  80  13,535
36  84  873
36  90  733
36  94  815
36  96  519
36  97  389
36  99  130,289
37  1  61
37  5  792
37  6  753
37  8  925
37  9  251,298,925
37  13  600
37  14  331
37  17  140,155
37  19  489,839
37  20  216,530,531
37  21  496,636
37  33  432,460
37  34  359
37  38  429,599
37  46  99,206
37  48  389,592,781
37  50  277,815,949
37  52  865
37  56  127,497
37  61  592,725,998
37  63  130
37  64  592,865
37  66  916
37  71  215,422
37  74  600,621
37  77  29
37  78  234
37  79  143
37  81  245,929
37  84  278,389,710
37  85  201
37  87  130
37  89  113,201,519
37  91  600
37  95  143,583
38  3  130
38  6  367
38  8  277
38  9  277,649,717
38  12  865
38  27  695
38  30  929
38  32  116,548,865
38  35  84
38  37  187,733
38  38  600
38  47  20,741
38  49  215
38  52  359
38  53  289
38  55  216,711
38  58  389
38  70  190
38  71  118,786
38  77  621,815
38  86  695
38  92  519
38  94  925
38  95  74,553
39  2  678
39  6  753
39  15  429
39  18  289,396,498,961
39  21  490
39  23  156
39  24  206
39  27  959
39  35  15,652
39  37  417,599
39  40  680,717
39  42  75,765
39  43  417
39  49  592
39  58  71,460
39  60  621
39  64  130,855
39  76  496
39  78  182,663
39  79  278
39  80  519,929
39  85  572
39  89  251,307
39  90  29
39  96  155,865
40  1  94,820
40  6  367
40  9  277,296
40  10  775,846,991
40  12  371,843
40  21  781
40  24  214,221,257
40  29  29
40  31  15
40  33  51
40  35  839
40  36  502
40  42  143,167,865
40  45  255
40  53  995
40  59  74,502,637
40  60  878
40  71  460
40  72  792
40  80  130,500
40  84  277
40  87  877
40  93  307,478
40  94  422
40  97  245
40  98  389
40  99  140
