1  1  663
1  2  490
1  8  997
1  9  519
1  11  519
1  12  646
1  15  28
1  18  109,957
1  27  109
1  33  808
1  34  692
1  35  522
1  37  519
1  40  290,519
1  42  802
1  44  470
1  47  519
1  48  535
1  60  263
1  64  319,663,808
1  70  140
1  72  485,801
1  79  22,801
1  84  454,525
1  86  319,646
1  92  519
1  93  216,801
1  94  490,679
1  99  646
1  103  519
1  109  519
1  110  733
1  111  836
1  112  519
1  113  28,877
1  120  621
1  123  319
1  127  931
1  131  519,646
1  141  393,870
1  148  357,409,646
1  149  522
1  151  663
1  157  470
1  158  156,899
1  167  290
1  169  519
1  171  899
1  173  300,957
1  186  789
1  189  290
1  197  646
1  200  319
1  211  997
1  212  997
1  215  357
1  222  319,519
1  225  997
1  229  782
1  230  470,663
1  231  369
1  234  519
1  240  519,692
1  243  22
1  246  290,692
1  248  646
1  253  522
1  258  522
1  260  579
1  266  22
1  268  519
1  269  519
1  271  808
1  274  646
1  275  470,802
1  276  156,562
1  288  789
1  290  646
1  291  66,808
1  300  289
1  307  801
1  308  319,522
1  311  28,877
1  313  470,789
1  315  28,44,469,692,877
1  316  519,946
1  320  470
1  323  393,870,997
1  327  739,801
1  328  801
1  331  801
1  337  319
1  340  409
1  342  801
1  349  319,519
1  360  801
1  366  877
1  368  319
1  376  300
1  378  319,646
1  380  519,663,959
1  382  319
1  388  22
1  390  22,782
1  391  646
1  392  195,393
1  394  535
1  398  525
1  407  802
1  408  22
1  410  646
1  420  44,319,469
1  423  899
1  427  487
1  428  216
1  430  369
1  433  946
1  444  290
1  446  529,957
1  461  646
1  471  300
1  472  156,367,824
1  475  470
1  476  319
1  485  516
1  486  519
1  487  519
1  495  300,319
1  496  899,959
1  497  562
2  10  519
2  12  522
2  17  411,454,801
2  27  621
2  28  290,320,655
2  32  957
2  33  300,519
2  34  801
2  40  808
2  50  997
2  53  319
2  57  243
2  58  997
2  79  700
2  81  357,409
2  82  808
2  84  801
2  89  206,562
2  99  367
2  104  801
2  105  290
2  109  127
2  114  519
2  116  519
2  123  490
2  126  801
2  127  802
2  140  782
2  146  393,870
2  150  116,156,957
2  155  959
2  162  409
2  166  409,997
2  168  802
2  176  782
2  178  490
2  197  808
2  201  487,502
2  209  959
2  214  357,522
2  216  319
2  220  519,692
2  221  957
2  229  962
2  230  808
2  238  516,596
2  239  319
2  240  959
2  245  522
2  246  109,692
2  248  646
2  251  519
2  252  409
2  262  319
2  271  946
2  274  367
2  276  221
2  280  274,443,516,596,673
2  282  357,487
2  284  519
2  287  22,525,739
2  288  522
2  293  470
2  297  398
2  298  739
2  299  319,946
2  303  357
2  308  808
2  316  243,279,824
2  328  646
2  329  519
2  333  243
2  347  525,991,997
2  349  727,782,811
2  352  519
2  360  663,700
2  365  243
2  368  243
2  371  679
2  375  319,519
2  380  28,835,877
2  384  516,522,836
2  385  28,877
2  397  739
2  403  156
2  413  319,409,525
2  416  357
2  425  28,877
2  427  232
2  433  28,579,877
2  434  319
2  436  931
2  446  470,519
2  455  562
2  456  516,596
2  468  319
2  469  522
2  470  692
2  473  646,801
2  477  957
2  483  692
2  485  393,411,454,870
2  488  263
2  490  487
2  493  782
2  496  263,957
2  498  782
2  499  997
3  8  22,684
3  12  319
3  22  931
3  23  997
3  31  319
3  35  727,811
3  38  801
3  39  66
3  49  997
3  50  516
3  56  734
3  60  409
3  66  487
3  67  409,522
3  68  562
3  72  28,579,877
3  76  519,782
3  79  127,429
3  85  502
3  87  579
3  91  801
3  94  207
3  96  300,519
3  100  519
3  113  263
3  126  679
3  138  195,393,782
3  140  957
3  144  529
3  146  779
3  147  290,997
3  151  943
3  161  782
3  165  899
3  170  502,991,997
3  171  206,562,579
3  179  997
3  180  957
3  188  519
3  189  28,877
3  196  454
3  197  409
3  200  802
3  202  156
3  203  957
3  213  522,646
3  220  127,398,579,786
3  226  519
3  232  409
3  236  319
3  246  801
3  248  28,877
3  253  519,808
3  256  329,519,936
3  266  535
3  272  243
3  273  487
3  275  28,290,877
3  277  519
3  284  519
3  290  367,519
3  296  502,663,789
3  301  387
3  302  409
3  309  22,782
3  310  140
3  311  911
3  314  782
3  319  195,393,519
3  322  319
3  323  684
3  326  66
3  346  782
3  348  490
3  350  263,411,454
3  353  579,663
3  357  109
3  358  470
3  359  409,470,522
3  364  22,621,802
3  368  357,727,811
3  370  290,329,470
3  373  22
3  377  899
3  380  263
3  381  319
3  388  243,519
3  400  290,899
3  406  957
3  411  722
3  415  519
3  418  274,443,673
3  422  519,899
3  428  140
3  435  692
3  441  28,877
3  447  519
3  455  319
3  461  319
3  465  836
3  481  529
3  491  931,957
3  492  692
3  495  946
3  498  357,393,870,962
4  2  734
4  8  319
4  22  206,562,808,946
4  24  409
4  29  319,516,596
4  36  801,808
4  41  516,596
4  46  367,824,836
4  61  22,782
4  77  808
4  78  516,596
4  79  781
4  83  646
4  85  991,997
4  89  28,877
4  91  290
4  92  127,251
4  97  519,789
4  102  519
4  107  519
4  108  127,216
4  114  459
4  116  519
4  119  411,454
4  124  522
4  125  519,562
4  131  367
4  138  962
4  141  206,251,562
4  152  290
4  156  140,516,596,739
4  167  908
4  171  663
4  176  962
4  181  28,409,877
4  183  808
4  191  997
4  195  519,782
4  197  320,646,655
4  201  991,997
4  202  251
4  203  470
4  209  319
4  217  931
4  218  739,789
4  220  127
4  221  22
4  222  127
4  231  836
4  234  579
4  237  290
4  249  946
4  257  808
4  263  519
4  264  409
4  269  997
4  273  263
4  275  725
4  277  646
4  278  195,319,393
4  287  109
4  289  357,516,596
4  290  733
4  296  991,997
4  297  319
4  302  502
4  304  519
4  305  367,802,824
4  307  519
4  318  156
4  320  66
4  321  470,502
4  322  727,811
4  323  679
4  325  522
4  327  156,522
4  333  274,443,673,679
4  334  140
4  335  801
4  346  962
4  347  519,782
4  354  663
4  357  946,957
4  364  663
4  384  646
4  385  369,739
4  396  782
4  404  522
4  405  663
4  406  216,234
4  412  319
4  419  369
4  426  387
4  428  411,454
4  429  782
4  432  487
4  434  127
4  440  290
4  441  263
4  451  319
4  456  692
4  459  789
4  460  470
4  472  789
4  484  801
4  485  357
4  486  319
4  489  251
4  497  263
4  498  899
4  499  684
5  5  519
5  10  519
5  12  516,711
5  15  522
5  17  393,870
5  21  808
5  27  387,522
5  31  263
5  34  522
5  36  519
5  40  522,835
5  48  207,409,563,955
5  55  646
5  58  319
5  68  700
5  71  207,519,955
5  72  957
5  84  700
5  86  28,877
5  91  190,296,422,700
5  94  411
5  96  646,835
5  97  127,782
5  114  319
5  118  516,596
5  124  470
5  126  195,393
5  141  652
5  145  931
5  147  519,684,782
5  149  363
5  151  156,519
5  152  371
5  156  156
5  166  519
5  167  470
5  173  470
5  178  820
5  181  263
5  183  357,371
5  185  22,789
5  191  684
5  193  782,946
5  197  367,522
5  212  802
5  213  663
5  225  522
5  229  201,553,579
5  234  127,216,519
5  241  502
5  247  320,655
5  248  263
5  249  519
5  251  429
5  255  109
5  257  579
5  258  997
5  271  371
5  278  727,811
5  281  290,409
5  285  516,596
5  289  522,579
5  290  127
5  292  409
5  297  519,801
5  300  579,801
5  308  116,243,371
5  313  519
5  327  109
5  328  206,562,700
5  329  519
5  335  519,802
5  336  516,596
5  337  221
5  341  522
5  348  300
5  350  387
5  352  127,679
5  355  801
5  357  216,234
5  359  692
5  362  109,997
5  369  519
5  378  207,692,955
5  387  692
5  388  195,393,820,959
5  394  369
5  396  962
5  399  801
5  402  529
5  403  663
5  405  290
5  407  290
5  410  470
5  414  140,519,522
5  423  393,870
5  432  62,734
5  443  519
5  444  22
5  445  646
5  452  579,663
5  454  516,519,596
5  459  808
5  461  490
5  468  692
5  470  663
5  472  454,722
5  476  727,811
5  479  692
5  492  398
5  498  669
6  1  206,562
6  3  801
6  5  519
6  8  232
6  11  835
6  17  700
6  27  116
6  31  575,952
6  38  319
6  44  66,982
6  45  562
6  50  579,663
6  57  519
6  62  409,470
6  63  525
6  69  579
6  72  836
6  75  562
6  79  320,655
6  86  355,519,747
6  88  387,454,722
6  91  725
6  99  679
6  105  319,490
6  106  519,836
6  114  127
6  116  127
6  121  808
6  125  127
6  129  997
6  130  596
6  132  22
6  133  409
6  138  290
6  139  522
6  140  962
6  144  646
6  147  127,725
6  148  367
6  149  516,596
6  156  663
6  158  802
6  160  409
6  163  206,562,782,997
6  164  319,470
6  166  997
6  167  836
6  181  725
6  182  808
6  188  28,877
6  201  36,319
6  204  522
6  205  219,319
6  214  116,529
6  216  109
6  219  251,470,997
6  220  808
6  222  84
6  227  801
6  229  535
6  235  519
6  241  156
6  246  931
6  247  808
6  248  367
6  253  127
6  255  621
6  257  300
6  258  820
6  262  319
6  265  646
6  268  663
6  270  300
6  277  802,835
6  282  646
6  284  997
6  288  959
6  290  808
6  294  470
6  296  22
6  311  519
6  313  650
6  320  109,158,247,519
6  322  22
6  324  22
6  327  700
6  329  66
6  331  700
6  334  808
6  337  519,692
6  349  962
6  355  700
6  357  877
6  363  290
6  364  470
6  370  28,877,931
6  372  22,319,369,946
6  375  290
6  380  839
6  384  116
6  389  519
6  391  22,679
6  392  516,596
6  406  28,319,877,885
6  410  290
6  416  957
6  424  646
6  425  393,870
6  426  579
6  428  525
6  430  734
6  431  502
6  446  319
6  449  522
6  453  522
6  456  487,502
6  458  207,782,955
6  459  562
6  464  519
6  476  734
6  482  808
6  491  516,596
6  495  127,429,877
6  496  216,234,490
6  498  470,753
6  500  522,931
7  9  700
7  20  357
7  29  319
7  30  22,219
7  31  109,727,811
7  32  300,931
7  34  290
7  35  116,519
7  49  216,234
7  50  684
7  56  10,646
7  57  127,519
7  62  502
7  68  28,206,562,820,877
7  70  808
7  71  232
7  79  679
7  85  801
7  86  727,811
7  93  44,469,700
7  101  789
7  103  127
7  105  725
7  135  836
7  138  725
7  142  363
7  146  251
7  153  319,522
7  154  801
7  162  127
7  163  393,870
7  165  808
7  173  522
7  176  621
7  177  140,326,502,802
7  180  319
7  185  502
7  187  44,469
7  189  263
7  195  962
7  202  789
7  210  739
7  212  320,655
7  214  957
7  216  801
7  229  669
7  236  727,811
7  250  802
7  251  692
7  255  190,296,422,516,596
7  268  519
7  272  516,596
7  277  911
7  281  371
7  284  725
7  285  470,579
7  288  158,247
7  289  519
7  300  44,469
7  304  519
7  309  962
7  313  470
7  317  156,808
7  318  562
7  319  357
7  325  116,646,692
7  329  127,319
7  337  127
7  349  802
7  353  127
7  354  899
7  362  562
7  378  692
7  381  409,470
7  387  263
7  392  28,519,877
7  402  692
7  403  943
7  404  371
7  412  243
7  418  195,393
7  420  727,811
7  434  519
7  437  22
7  439  22
7  440  802,839
7  441  725
7  444  725
7  445  116,355,747
7  446  522
7  448  409,490,519
7  450  519,679
7  454  156
7  456  300,470,991,997
7  458  44,469
7  463  734
7  467  802
7  469  502
7  470  28,692,877,943
7  480  109
7  483  808
7  488  195,393,575,952
7  491  22,409,579
7  494  206,562
7  497  997
7  500  116
8  9  127,429
8  11  207,955
8  12  140,470,959
8  17  263
8  21  371
8  29  201
8  30  66
8  31  621,782,801
8  34  140,326
8  40  371
8  46  319
8  47  127,387
8  49  692
8  73  692
8  76  127
8  80  28,877
8  81  409,789
8  85  663
8  88  71
8  89  679
8  90  782
8  93  22,490,717,949
8  96  409,519
8  97  71,962
8  99  733
8  100  127,409
8  103  195,393
8  107  663,835
8  127  367
8  128  319,692
8  131  519
8  133  371
8  134  522
8  136  140,326
8  139  808
8  141  522
8  146  367
8  148  127,369
8  152  289
8  164  727,811
8  179  522
8  198  519
8  206  957
8  209  487
8  212  684
8  219  201
8  221  522,801
8  224  801,877,997
8  226  290
8  246  946
8  252  300
8  253  808
8  255  579
8  257  782
8  267  319
8  272  801
8  275  427
8  276  22
8  279  621
8  282  393,870
8  290  802
8  295  519
8  296  801,982
8  299  684
8  300  519
8  308  94,820
8  317  802
8  318  251,808
8  322  957
8  325  663
8  327  127,429
8  329  727,811,835
8  331  127,429
8  333  22
8  343  997
8  344  470,487,519
8  348  836
8  355  127,327,429,579
8  357  44,469
8  359  982
8  361  409,525
8  364  375,743
8  365  663
8  368  496
8  369  519
8  370  263
8  373  519
8  375  725
8  377  127
8  378  232
8  387  955
8  391  300,957
8  394  472
8  395  393,519,801,870
8  396  519
8  401  519
8  408  263
8  410  470,516,596
8  414  127
8  418  516,596
8  422  127,600,666,884
8  424  789
8  425  28,877
8  430  10
8  436  375
8  441  427
8  442  216,522
8  446  127
8  449  782
8  462  519
8  466  692
8  469  116,646
8  473  367
8  475  375
8  484  470
8  489  997
8  492  187
8  497  22
8  499  216
9  5  519
9  6  957
9  7  519
9  12  519
9  14  997
9  16  646
9  17  263
9  19  663
9  21  367,824
9  27  94,820
9  31  700
9  33  165
9  37  487
9  40  289,734
9  45  28
9  49  535
9  50  319,700
9  59  327,671,997
9  66  409
9  72  646
9  77  371
9  82  127
9  87  801
9  88  519
9  93  22
9  95  243
9  119  801
9  123  290
9  143  409
9  147  859
9  151  997
9  155  22,409,621
9  156  192,955
9  159  300,801
9  160  904
9  161  962
9  163  502
9  169  329,936
9  176  692
9  179  319
9  180  411,454,727,811
9  185  109
9  187  700
9  190  357
9  191  367,623,824,846
9  192  579
9  195  669
9  199  409
9  217  470
9  218  519,621
9  219  522
9  220  808
9  222  232
9  223  997
9  227  700,836
9  244  290
9  246  488,621,865
9  251  28,371,398,877
9  253  371
9  264  371
9  270  156
9  273  319
9  283  319,411,454
9  286  529
9  304  263
9  315  398,487
9  323  216,711
9  343  911
9  348  802
9  353  290,943
9  354  943
9  357  621
9  368  130
9  373  835,962
9  377  261,895
9  381  487,931
9  382  808
9  390  859
9  391  216,234,367
9  402  502
9  408  782
9  409  221
9  411  207,955
9  414  835
9  415  319
9  416  263,300,525
9  421  957
9  429  516,596
9  439  320,655
9  440  300,911
9  443  835
9  448  127
9  453  319
9  456  22
9  466  329,398,522,936
9  469  519
9  473  140,519
9  475  470,835
9  479  66,801,946
9  483  371
9  484  525
9  487  127
9  492  557
9  495  502
9  497  153,727
10  3  28,877
10  7  369
10  13  519
10  20  109,997
10  21  579
10  28  725
10  29  579
10  32  195,393,502,519
10  36  519
10  39  84
10  45  22,319
10  58  801
10  59  808
10  61  962
10  64  943
10  66  962
10  76  808
10  80  899
10  86  519
10  89  263
10  92  808
10  93  156
10  96  158,247,835
10  105  427
10  106  234
10  116  393,808,870
10  122  646
10  124  22,28,877
10  135  802
10  139  522
10  156  251
10  164  502
10  167  234
10  174  502
10  180  409
10  183  904
10  188  263,319
10  189  221,522
10  193  962
10  194  899
10  196  739
10  204  116
10  206  216,234
10  211  300
10  225  243,911
10  234  187
10  239  727,811
10  242  519
10  243  522
10  244  725
10  250  663,734
10  251  904
10  254  522,535
10  261  363
10  263  22,127
10  264  721,846
10  267  216
10  272  997
10  275  485
10  279  300,516,596
10  284  808
10  288  195,393,454,722
10  289  470
10  292  371
10  295  290
10  299  623,802,846
10  305  319,801
10  312  28,206,290,562,877
10  313  375
10  318  207,319,955
10  320  371
10  324  519
10  328  221
10  335  621
10  342  109
10  344  251
10  347  127,962
10  349  911
10  353  369
10  355  801
10  356  156,802
10  369  779
10  371  663
10  373  201,553,579
10  375  502,684
10  379  319,487,519
10  384  234,663
10  392  327,671,820
10  393  44,469
10  398  371
10  406  727,802,811
10  408  232,802
10  409  84
10  412  522
10  414  94,646,820,997
10  421  28,877
10  424  946
10  426  519
10  428  646
10  435  519
10  436  782
10  438  802
10  447  127
10  449  962
10  451  727,811
10  452  899,943
10  453  22,519,579,786
10  460  470
10  461  290
10  465  519
10  467  319,946
10  477  801
10  478  997
10  495  781
10  497  579
11  6  725
11  8  623,846
11  10  127
11  19  621
11  31  522
11  33  127,801
11  34  127
11  37  997
11  41  28,877
11  42  789
11  46  946
11  47  789
11  48  232,371,692
11  52  319,957
11  53  519,727,811
11  55  663
11  57  808
11  72  234
11  77  502
11  78  127
11  82  367,519,824
11  83  367
11  94  140
11  101  782
11  110  646
11  113  207,319,955
11  115  22,519
11  117  22
11  118  579
11  121  371
11  124  116
11  126  957
11  130  579
11  135  911
11  141  802
11  146  470,579,786
11  147  519,808,904
11  148  367,519,733,824
11  149  621
11  155  130,190,296,422,727,811
11  157  319,991,997
11  158  44,469
11  160  209
11  163  859
11  168  28,319,877
11  169  519
11  171  393,870
11  173  216,234,375
11  180  387,679
11  181  579,786
11  182  371,946
11  185  621
11  192  502,782
11  194  836
11  203  363
11  204  319
11  205  22
11  207  519
11  208  522
11  211  263,684
11  219  375
11  226  835
11  233  801
11  245  519
11  246  579
11  249  877
11  251  289
11  252  371,646
11  257  931
11  259  579
11  261  470
11  263  663,904
11  267  22,717,949
11  270  165,300
11  277  627
11  281  721,846
11  282  195,393,904
11  285  470
11  288  22
11  297  700
11  309  646
11  311  801,835
11  313  725
11  315  689
11  321  982
11  326  66,158,247
11  332  367,824
11  333  663,692
11  338  195,367,393,692,824,957
11  340  957
11  343  219
11  345  66
11  346  669
11  347  496,808
11  349  127
11  355  502
11  362  991
11  364  782
11  368  522
11  373  669
11  374  195,393,409
11  375  427,727,811
11  377  609
11  379  22
11  389  646
11  390  782
11  397  411
11  402  127
11  403  519
11  408  357
11  409  470
11  410  135
11  415  562
11  418  369
11  422  802
11  423  997
11  424  957
11  430  319
11  431  529
11  432  596
11  437  367,824
11  438  997
11  455  28,801,896
11  456  165
11  460  375,485
11  464  519
11  467  727,811
11  474  516,596
11  478  22,502
11  479  522
11  480  621
11  485  904
11  487  801
11  489  290
11  493  516
11  494  516,596
11  497  52
11  498  454
11  499  525,646
12  4  393,870
12  9  781
12  12  127
12  13  789
12  18  409
12  24  371
12  31  946
12  36  127,700
12  38  485
12  44  502
12  58  802
12  61  201,553,579
12  64  636
12  65  22
12  74  319,487
12  79  369
12  82  371
12  84  692
12  90  962
12  92  519
12  99  663
12  111  393,870
12  115  782
12  121  289
12  123  367,824
12  129  454
12  132  782,997
12  133  938
12  134  997
12  136  206,562,957
12  137  156
12  139  94,820
12  152  140
12  159  387
12  163  28,877
12  166  684
12  181  575,952
12  184  320,655
12  186  454,722
12  195  753
12  196  367
12  197  319
12  203  789
12  207  127
12  210  109
12  217  621,911
12  219  470
12  232  946
12  239  700
12  240  319
12  241  623
12  243  490
12  245  127,195,393
12  253  801
12  257  22,371
12  265  329,936
12  272  684
12  276  700,957
12  281  263
12  282  375,579,786
12  286  782
12  299  522
12  308  839
12  310  646
12  315  263
12  320  727,811
12  321  734
12  324  782
12  334  156
12  335  700
12  344  263
12  351  319,519,946
12  355  22
12  359  802
12  361  371
12  379  153
12  403  490
12  404  116
12  407  725
12  409  579
12  410  367
12  411  156
12  416  371
12  425  263
12  429  646
12  437  206,562
12  449  201,320,553,579
12  451  28,877
12  452  600
12  453  371
12  454  470
12  458  522
12  461  789,974
12  463  263
12  467  525
12  468  398,727,811
12  476  496
12  479  931
12  481  692
12  482  371
12  494  393,579,870
12  497  204
12  498  522
13  2  427
13  3  263,700
13  5  127
13  11  808
13  12  700
13  19  243,743,801
13  24  722
13  39  290
13  44  369
13  46  957
13  66  28,877
13  69  782
13  74  997
13  76  369
13  78  782
13  81  522
13  84  398
13  85  782
13  92  692
13  98  28,692,877
13  99  943
13  110  522
13  112  522,835
13  113  801
13  114  727,811
13  118  801
13  120  997
13  123  496
13  125  375
13  128  727,811
13  133  519
13  147  427,429,663
13  148  997
13  149  524
13  150  700
13  156  251
13  158  251
13  159  63
13  162  371
13  163  63
13  169  836
13  174  319,357
13  184  140,319
13  194  234
13  196  109,525
13  201  727,811
13  202  454,652,722
13  213  367,535
13  216  496
13  218  743
13  230  943
13  231  234,519
13  233  127,490
13  234  22,717,949
13  235  127
13  237  522,692,725
13  246  700
13  247  663
13  257  263,824
13  261  997
13  262  522
13  263  943
13  279  127
13  281  575,725,801,952
13  294  529
13  296  820
13  297  15,127,195,393
13  298  684
13  308  727,811
13  315  575,952
13  317  371
13  319  207,955
13  322  496
13  325  733
13  329  429
13  331  579
13  333  300
13  344  375
13  352  300,808
13  363  725
13  372  727,811
13  376  232
13  378  243,824
13  383  319
13  385  263
13  386  519
13  387  398
13  389  946
13  392  319
13  400  600,666,884
13  401  522
13  405  490,782
13  410  579
13  417  959
13  432  946
13  433  490,959
13  438  646
13  446  808
13  450  663,801
13  453  116
13  454  375
13  456  398,982
13  462  943
13  471  997
13  472  71,251
13  473  140
13  481  621
13  486  127
13  495  369
13  499  700
14  1  943
14  6  562
14  14  319,320,655
14  27  957
14  34  808
14  43  319
14  53  66
14  59  371,487,946
14  61  669
14  65  962
14  66  371
14  67  357
14  69  156
14  70  371
14  71  409
14  73  63
14  79  725
14  80  600,666,884
14  88  127
14  89  575,952
14  93  911
14  94  522
14  95  801
14  101  962
14  102  733
14  108  522
14  112  22,109
14  114  949
14  118  522
14  127  22,369
14  131  733
14  135  22
14  137  244
14  140  500,646
14  141  116
14  142  290,801
14  148  288
14  149  579
14  154  789
14  158  327,600,666,671,884
14  159  367
14  165  371
14  170  470
14  171  646
14  177  646
14  184  522
14  188  835
14  200  801,911
14  202  71,575,952
14  210  824
14  214  525
14  216  621,700,727,811
14  221  357
14  225  156,329,936,997
14  226  725
14  228  562,782
14  233  127,319,429
14  237  207,955
14  242  562,801
14  243  692
14  247  371,943
14  248  733
14  256  646,808
14  262  116
14  278  802
14  279  367
14  280  28,877
14  282  367
14  285  307,519
14  286  962
14  287  371
14  291  371
14  298  216
14  304  127,221
14  307  207,700,955
14  312  263,393,870,908
14  316  22
14  317  289
14  318  502
14  323  22,623
14  324  303,485,728,943
14  326  369
14  334  646
14  337  801
14  339  522
14  344  221,575,952
14  350  743
14  351  127
14  355  781
14  356  216,232,234
14  363  156
14  365  943
14  370  725
14  371  22,943
14  372  877
14  393  959
14  400  801
14  403  44,469
14  408  367,429,959
14  411  663
14  414  808
14  418  84
14  419  66
14  422  808
14  424  663
14  433  802
14  434  522
14  440  84,165
14  442  109
14  446  519
14  447  646
14  448  371,808
14  463  10
14  465  127
14  466  22,367
14  471  319
14  474  329,936
14  477  646
14  479  877
14  484  22
14  486  997
14  487  808
14  492  398,727,811
14  495  156
14  496  575,952
14  498  261,895,997
14  500  820
15  3  15,575,952
15  7  116
15  9  808
15  14  519,727,811
15  23  684
15  25  692
15  30  801
15  34  692
15  37  579,808
15  42  679
15  47  244,263
15  49  28,877
15  53  801
15  67  519
15  72  700
15  73  801
15  76  66,962
15  79  522
15  82  371
15  83  733
15  84  727,811
15  88  808
15  92  116,398,490
15  94  209,646
15  97  429,669
15  101  669
15  104  519
15  113  232
15  115  663
15  117  207,955
15  122  516,596
15  127  219,911
15  128  398
15  131  808
15  137  623
15  156  307
15  159  357,931,997
15  163  36
15  164  991,997
15  165  320,655
15  166  140
15  168  127
15  171  609
15  176  398
15  177  519
15  179  997
15  185  190,296,422
15  186  71
15  192  962
15  194  319
15  201  579
15  209  274,443,673
15  210  855
15  219  375,646
15  225  959
15  239  127,429,782
15  240  997
15  248  97
15  251  263,371
15  252  371
15  262  727,811
15  263  522
15  265  997
15  266  519
15  268  127
15  270  522
15  273  263,490
15  277  839
15  280  84
15  282  775,846,991
15  284  839
15  285  127,375,454
15  288  290
15  292  519
15  294  899,982
15  296  207,454,722,955
15  307  516,596
15  313  982
15  316  375
15  317  646,911
15  321  367
15  351  727,811
15  360  502,943
15  364  943
15  372  502
15  374  519
15  375  496,522
15  378  367
15  383  727,811
15  384  367
15  385  692
15  387  52
15  391  209,502,733
15  396  201,553,579
15  398  646,931
15  404  319
15  407  911
15  424  156
15  430  243
15  432  877
15  438  355,684,747
15  442  116
15  443  519,957
15  444  22,216,234,427
15  450  943
15  454  487
15  461  727,811
15  465  808
15  469  409
15  472  579
15  473  931
15  481  398
15  486  319
15  489  562
15  490  519,621
15  493  962
15  494  63
15  495  997
16  7  487,782
16  8  496,529
16  10  127,525,801
16  14  472
16  15  263
16  18  525
16  20  290
16  21  289
16  22  371
16  27  190,296,422
16  28  427
16  46  802
16  48  943
16  52  44,216,234,469,802
16  56  579
16  64  371,997
16  69  319
16  71  808,835
16  72  120,594,733
16  81  820,904
16  85  943
16  91  427
16  92  243,279,824,859
16  97  753,885
16  116  127
16  119  140
16  121  140
16  128  859
16  137  274,443,673
16  139  470
16  140  367
16  144  650
16  146  375
16  147  243,279,824
16  149  290
16  150  94,251,820
16  152  725
16  156  522,579
16  160  371
16  171  367
16  173  116,135
16  177  367
16  182  959
16  190  801,904
16  199  371
16  203  621
16  204  801
16  205  153,739
16  206  646
16  208  116
16  209  734
16  216  130
16  227  839
16  231  911
16  232  140,519
16  236  470
16  237  398
16  239  962
16  252  959
16  257  529
16  258  802
16  261  684
16  264  519
16  272  525,579
16  273  496,727,811
16  284  684
16  292  802
16  295  725,836
16  305  911
16  307  127
16  313  427,646
16  319  206,216,232,519,562
16  320  496
16  322  579
16  337  516,596
16  340  371
16  343  28,877
16  347  669
16  349  669
16  353  429
16  360  519,997
16  374  371
16  383  496,529,931
16  384  733
16  388  865
16  389  127
16  399  700
16  409  929
16  411  943
16  421  127
16  422  911
16  425  263,575,952
16  429  962
16  437  393,870
16  439  329,936
16  446  307,911
16  447  808
16  448  156
16  457  808
16  461  725
16  469  371
16  479  429
16  485  519,579,786
17  5  195,393,808
17  8  63,216,711
17  12  496
17  16  109,232
17  22  733
17  25  367,522,824
17  37  957
17  39  725
17  44  991,997
17  49  232
17  50  636
17  55  367
17  60  371
17  62  232
17  63  22,663
17  69  516,596
17  72  557
17  74  621,684
17  81  261,300,895
17  83  522
17  85  454
17  87  519
17  94  387
17  99  97,636
17  100  808
17  102  519
17  110  367
17  114  649
17  115  835
17  116  808
17  120  808
17  124  535
17  130  679
17  133  621
17  134  946
17  135  234
17  156  579
17  163  684
17  171  733
17  177  733,946
17  186  692
17  190  700
17  192  859
17  207  808
17  220  429
17  224  946
17  228  22,646
17  230  636
17  232  371,502,835
17  233  727,811
17  241  180,556,809
17  242  692
17  244  427
17  245  519
17  246  357
17  250  156
17  251  243
17  252  801
17  253  938
17  256  319
17  264  127
17  277  522,621,733
17  284  429
17  285  519
17  289  243,279,824
17  295  234
17  302  22
17  308  289
17  316  621
17  327  94,820
17  329  727,811
17  330  22,387
17  333  243,562
17  335  743
17  341  319
17  343  263,627,684
17  345  369,646
17  353  636
17  354  636
17  362  684
17  374  997
17  379  727,811
17  381  496
17  382  84
17  385  263
17  390  496
17  393  522
17  394  243
17  397  700
17  398  997
17  399  801
17  400  663
17  406  22
17  411  232,369
17  413  371
17  419  22,319
17  430  496
17  434  94,820
17  437  63
17  442  516,596,621
17  452  187
17  460  375
17  463  488,865,911
17  466  367
17  480  22,579
17  481  327,671,802
17  487  429
17  500  22
18  8  519
18  26  22
18  28  206,244
18  29  529
18  40  140,859
18  42  454,722
18  43  808
18  46  525
18  48  398,490
18  57  808
18  64  289
18  68  66
18  77  663
18  80  251
18  102  187,244
18  105  206,727,811
18  110  808
18  112  621
18  120  684
18  126  206,562
18  138  669
18  139  429
18  146  22,135
18  148  801
18  165  646
18  168  808
18  175  290,801
18  176  669
18  181  427
18  194  636,831
18  196  855,931
18  198  127
18  206  263
18  212  357
18  221  904
18  225  997
18  227  234
18  229  753
18  235  300,502
18  236  496
18  242  319
18  243  522
18  245  835
18  246  398
18  252  140
18  265  367
18  267  327,671
18  269  997
18  271  367,824
18  273  575,952
18  274  393,870
18  281  52
18  284  307
18  288  116
18  294  207,261,895,955
18  302  371,782
18  307  808
18  308  140
18  311  320,655
18  318  371
18  319  650
18  321  813
18  324  496
18  328  367,929
18  337  487,700
18  340  946
18  341  116
18  348  234,911
18  349  753
18  363  802
18  381  375,727,811
18  382  22,290
18  385  52,127,398
18  386  263,692,835
18  396  669
18  397  398
18  404  243
18  405  962
18  421  263,500
18  431  663,959
18  439  22
18  440  943
18  446  727,811
18  449  669
18  452  609
18  455  496
18  464  835
18  465  429,490
18  471  519
18  473  646
18  474  529,663
18  475  319
18  479  116,700
18  482  646,727,811
18  484  802
18  493  669
18  498  116
19  3  52,621
19  5  201,553,579
19  13  319
19  16  522
19  23  243
19  25  398
19  30  650
19  31  496
19  48  801
19  55  943
19  56  307,679
19  62  371
19  63  502,646
19  79  931
19  80  801
19  88  429
19  95  700
19  96  371,411,454
19  106  692
19  108  116
19  114  130
19  118  931
19  127  627
19  129  684
19  134  116
19  143  22
19  148  562,938
19  150  500
19  152  263
19  153  216,727,811
19  176  859
19  186  320,655
19  187  127,429
19  200  700
19  201  496
19  204  700
19  205  411,454
19  208  801
19  209  84
19  213  472
19  217  190,296,422,525
19  218  553
19  219  116
19  228  367
19  232  721,846
19  234  808
19  235  808
19  236  251,562
19  239  130
19  246  904
19  247  782
19  250  10
19  252  938
19  256  367,779
19  262  496
19  263  371
19  265  490
19  266  563
19  269  684
19  275  957
19  290  519
19  292  839
19  304  929
19  311  263,627
19  317  140
19  319  519
19  320  130,263
19  330  360
19  335  808
19  337  429
19  343  575,952
19  348  120,594
19  351  679
19  360  525
19  361  454,721,846
19  363  623
19  365  290,393,870
19  367  274,443,673
19  379  519
19  385  808,855
19  386  140,326
19  389  367,808
19  394  579,786
19  395  700
19  398  367,454
19  404  320,655,727,811
19  405  692
19  406  692
19  410  427
19  413  454
19  414  522
19  435  263
19  437  646
19  440  636
19  441  516,596
19  442  519
19  453  721,846
19  455  153
19  456  502,859
19  458  689
19  459  371
19  462  28,877
19  472  307,519
19  474  516,596
19  479  700
19  482  289
19  483  22
19  491  502
19  492  496
19  494  300,307
20  5  519,669
20  6  216,234
20  11  839
20  12  367
20  14  244
20  18  371
20  19  553,700
20  21  398
20  24  721,846
20  25  519
20  27  29
20  31  190,296,422
20  35  496
20  39  369
20  41  263
20  45  153
20  52  911
20  56  209
20  66  263
20  71  519
20  74  743,802
20  80  609
20  81  116,371
20  89  63
20  107  727,811
20  122  319
20  123  725
20  125  782
20  128  329,936
20  135  120,594
20  136  63,519
20  139  289
20  140  369
20  143  782
20  148  429
20  152  207,955
20  155  29,525
20  157  727,811
20  158  562
20  160  319
20  164  496
20  167  529,959
20  168  727,811,946
20  169  801
20  172  274,443,673
20  175  692
20  183  289,692
20  189  957
20  193  201,553,579
20  194  600,666,727,811,884
20  197  519
20  199  140,326,357
20  201  307
20  203  982
20  212  904
20  220  367
20  221  929
20  222  808
20  223  684
20  233  808
20  237  116
20  250  488,865
20  254  116,472
20  257  140,326
20  260  519
20  261  263
20  264  801,808
20  272  398
20  279  398
20  286  201,553,579
20  288  496
20  289  516,711,801
20  294  899
20  296  71,621
20  305  454,700
20  306  836
20  309  669
20  311  244
20  314  243
20  318  997
20  321  10,733
20  323  209
20  325  943
20  332  409,519
20  334  300
20  335  429,553
20  342  127,429,496
20  344  135
20  354  522
20  359  562
20  362  621
20  363  911
20  367  84
20  378  733
20  380  636
20  386  398
20  388  284
20  395  127
20  396  753
20  400  470
20  408  575,952,957
20  409  470
20  414  429
20  415  727,811
20  416  500,575,952
20  417  692
20  421  496,808
20  423  600,666,684,884
20  429  201,553,579
20  430  288
20  433  127,877
20  439  243
20  441  802
20  442  243,279,824
20  446  835,904
20  449  244
20  450  636,679
20  451  263
20  454  367
20  456  307
20  457  519
20  462  300
20  470  522
20  479  663
20  486  621,684
20  489  251
20  497  496
20  498  367,609
21  4  679
21  5  835
21  13  562
21  14  684
21  20  684
21  23  319
21  24  398,801
21  38  375,522
21  39  243,635
21  42  36
21  49  684
21  52  500,627
21  56  487
21  64  140
21  67  835,904
21  69  251
21  70  289
21  72  500
21  75  957
21  79  232
21  80  198,470,557,820
21  93  502
21  94  646
21  103  519,808
21  107  957
21  108  290
21  114  808
21  115  692
21  120  289
21  130  553
21  133  802
21  139  371
21  148  187
21  157  22
21  160  727,811
21  165  289,609
21  168  496
21  171  198,820,943
21  172  931
21  179  487
21  183  140,398
21  187  327,671
21  189  575,952
21  190  490
21  197  116,289
21  203  802
21  211  243
21  217  957
21  233  496
21  235  429
21  248  243,319
21  250  734,802
21  252  579
21  260  156
21  261  575,952
21  270  165
21  273  52
21  278  519
21  282  692
21  286  669
21  300  689
21  307  429
21  310  646
21  311  839
21  313  646
21  314  789
21  315  52
21  316  221
21  324  439
21  329  802
21  337  371,579
21  340  877
21  342  621
21  348  946
21  355  689
21  357  190,296,422
21  359  490
21  361  801
21  369  127
21  378  519
21  382  371
21  389  429
21  393  689
21  405  398
21  409  375,692
21  413  319
21  414  684,877
21  416  140,529
21  422  429,627
21  424  636
21  426  519
21  429  669
21  431  329,646,936
21  433  808
21  436  962
21  441  36
21  450  700
21  452  146,527
21  457  127,371
21  465  371
21  467  496
21  474  579,959
21  480  22
21  481  393,859,870
21  485  663
21  489  516,596,725
21  493  393,839
21  499  116
22  1  946
22  10  319,409
22  12  835
22  13  243,279,824,982
22  21  94,820
22  23  496
22  26  221
22  31  232
22  35  94,820
22  38  470
22  39  427
22  41  579
22  50  727,811
22  58  153
22  62  232
22  69  201,553,579
22  75  216,234
22  76  288
22  77  300
22  87  187,835
22  89  52
22  90  669
22  91  692
22  93  251
22  98  398
22  103  429
22  115  398
22  125  22
22  126  209
22  128  522
22  134  782
22  136  216,234
22  138  753
22  141  393,870,911
22  142  725
22  143  357
22  151  519,684
22  152  232
22  155  371
22  158  689,911
22  162  263
22  175  725
22  177  127
22  180  360,371,754
22  181  371
22  184  516,596
22  192  36,156,669
22  193  669
22  197  496
22  205  216,357,387
22  207  429
22  211  165,779
22  212  911
22  215  700
22  220  429
22  228  962
22  230  371,982
22  233  781
22  235  684
22  248  727,811
22  257  219,663
22  260  116,187
22  267  689
22  268  808,943
22  270  94,820
22  289  22,375,700
22  292  911
22  294  609
22  308  22,763
22  309  367
22  314  553
22  318  289
22  321  97,135,502
22  332  836
22  336  519
22  352  835
22  355  557
22  358  375
22  365  636
22  366  22
22  371  502
22  377  367
22  378  692
22  380  663
22  381  663
22  382  727,811
22  386  859
22  388  485
22  392  263
22  397  859
22  398  733
22  399  502
22  408  911
22  411  288
22  413  721,846
22  418  288
22  426  66
22  431  519
22  436  201,553,579
22  437  367
22  439  28,779,896
22  443  579
22  449  679
22  454  135
22  455  700
22  456  813
22  461  427
22  467  454,911
22  469  29,94,721,820,846
22  471  165
22  483  519
22  492  859
22  496  52
22  498  375
23  12  94,429,820
23  21  579
23  22  97
23  30  782
23  33  808
23  40  762
23  41  263
23  46  369
23  50  663
23  55  836
23  65  201,553,579
23  67  727,811
23  71  801,839
23  72  52
23  79  22
23  80  700,982
23  84  454,487
23  85  700
23  94  207,610,955
23  95  363
23  103  371,904
23  104  127,429
23  108  429,470
23  109  127
23  110  116
23  131  97
23  133  187
23  137  782
23  138  727,811
23  140  669
23  141  579,786
23  142  621
23  145  470,490
23  150  15
23  156  116
23  162  801
23  165  198,820
23  171  997
23  177  911
23  179  522,684
23  182  877
23  187  781
23  190  775,846,991
23  201  244
23  203  411,454
23  204  127,429
23  216  398
23  217  216,234
23  228  490
23  242  369,496
23  243  116
23  246  29
23  248  733
23  249  207,663,955
23  251  563
23  258  911
23  268  371
23  271  289
23  278  997
23  281  116,938
23  283  519
23  285  997
23  288  206,562
23  291  158,247,289
23  313  206
23  322  621
23  327  251
23  332  234
23  333  502
23  334  165,251,371
23  337  727,811
23  339  116
23  351  496
23  354  609
23  367  62
23  374  244
23  375  130
23  378  470
23  390  962
23  410  733
23  417  684
23  433  263
23  434  496
23  435  243,279,824
23  436  669
23  440  62
23  448  429,522
23  454  734
23  458  116
23  461  454,722
23  466  859
23  470  263
23  472  243,279,824
23  474  307
23  477  216,234
23  481  689
23  485  307,621
23  486  623,846
23  491  500
23  495  957
24  2  820
24  4  320,655
24  8  15,130
24  9  127,429
24  11  232
24  13  727,811
24  17  801
24  35  911
24  36  15
24  37  734
24  39  206
24  45  204,496,557
24  46  946
24  47  429
24  58  679
24  62  409
24  64  684
24  65  669,782
24  74  357,734
24  77  289
24  79  959
24  94  232,360,367
24  98  263
24  104  781
24  105  166,245,320
24  106  859
24  110  371
24  111  156
24  113  251,700
24  117  232
24  120  140
24  122  329,936
24  139  320,655
24  140  243
24  143  371
24  146  502
24  148  775,846,991
24  151  243,279,824
24  167  120,594
24  169  700
24  170  36
24  179  684
24  180  209
24  181  166,245,320
24  185  116
24  194  496
24  197  733
24  199  904
24  210  575,952
24  214  904
24  218  393,521,870
24  219  251
24  227  120,594
24  233  369
24  234  429
24  242  398
24  248  97,575,952
24  250  763
24  251  684
24  257  562,789
24  261  621
24  262  130,529,650
24  268  808
24  274  156,733
24  277  97
24  282  398
24  284  623,846
24  285  429,684,982
24  287  502,782
24  290  97,535
24  291  140
24  297  487
24  298  109
24  299  116
24  302  519
24  312  575,952
24  318  684,733
24  332  120,371,594
24  337  496
24  338  398
24  341  727,811
24  342  522
24  356  363
24  358  135,962
24  362  232,623,846
24  363  427
24  372  130
24  391  97,165
24  393  15,959
24  401  140,326
24  405  669
24  409  664
24  418  62
24  422  371
24  425  621
24  427  320,655
24  448  116
24  453  94,367,727,811,820,824
24  457  946
24  461  71
24  465  700
24  468  496
24  471  684
24  478  684
24  482  221
24  486  190,296,422,429
24  489  109
24  490  808
24  493  753
24  497  251,846
24  500  865
25  7  195,393
25  9  263
25  16  116,519,621
25  20  621
25  21  140
25  22  289
25  28  166,245,320
25  29  727,811
25  30  700
25  34  398
25  47  371
25  49  263
25  55  234
25  58  204,216,711
25  67  775,846,991
25  70  140,646
25  74  553
25  81  387
25  87  700
25  90  931
25  91  398
25  92  429
25  95  22
25  96  839
25  100  371
25  104  369
25  106  997
25  122  579
25  129  84
25  134  300
25  149  307
25  154  700
25  155  496
25  163  263
25  165  623,846
25  168  911
25  169  127
25  172  84
25  173  165
25  174  727,811
25  184  579,646
25  188  839
25  189  929
25  197  244
25  203  502
25  205  109
25  207  371
25  208  487
25  212  627
25  214  775,846,991
25  216  487
25  217  375
25  218  877
25  222  130,802
25  225  801
25  235  371
25  239  669
25  247  244,525
25  249  232
25  252  165
25  253  289,429
25  259  727,811
25  263  116
25  271  375
25  278  496
25  282  734
25  284  427
25  289  15,135
25  291  127,369
25  298  855
25  305  727,811
25  309  367
25  313  367
25  314  454,722
25  317  251,627
25  328  263
25  349  367,808
25  351  127
25  357  519
25  358  529
25  359  319,398
25  360  575,952
25  363  180,556,809
25  373  502
25  376  579
25  382  289,496,908
25  385  575,952
25  387  263
25  388  243,279,824
25  400  198,375,820
25  403  127
25  405  206,562
25  419  727,811
25  422  140,326
25  424  722
25  434  877
25  439  244,782
25  444  206,911
25  446  500
25  455  904
25  461  367,978
25  465  15
25  471  835
25  476  516,596
25  479  371
25  482  140
25  487  502,700
26  1  263
26  7  206,562,579,734
26  11  429
26  19  15
26  20  190,296,422
26  22  140
26  24  938
26  28  496
26  32  127
26  38  195,393,490
26  45  429
26  46  234,496
26  49  801
26  58  911
26  59  289,689
26  60  575,952
26  62  371
26  64  496
26  68  15
26  71  371
26  73  997
26  74  623,846
26  76  669
26  77  959
26  84  454
26  87  700,839
26  91  15,519,859
26  95  808
26  96  387,721,846
26  99  209
26  100  429
26  102  808
26  103  22
26  109  470
26  114  753
26  115  859
26  124  982
26  128  66
26  129  621,782
26  136  500
26  141  63
26  143  663
26  145  650
26  156  859
26  171  146,527
26  172  409
26  174  496
26  176  753
26  177  522
26  186  244
26  187  369
26  194  130
26  204  781
26  208  663
26  210  244
26  212  775,846,991
26  224  15
26  232  369
26  237  232
26  238  66
26  240  398,496
26  241  646
26  242  288
26  249  943
26  252  530,531,621
26  259  22,187
26  269  357
26  270  251
26  271  135,140
26  279  743
26  284  22
26  302  398,931
26  303  496,663
26  306  234
26  310  733
26  313  813
26  318  496
26  319  127
26  332  721,846
26  333  165,943
26  335  15
26  337  130
26  341  579
26  345  398
26  346  753
26  351  130
26  356  911
26  357  127
26  359  232,801
26  362  393,870
26  365  725
26  366  782
26  367  664
26  368  116
26  375  243,279,824
26  377  198
26  379  808
26  382  470
26  385  52
26  402  779,835
26  403  251
26  414  116
26  421  52,130
26  423  609
26  427  140,244,326
26  432  579
26  436  753
26  437  733
26  444  500,782
26  446  429
26  457  289
26  460  135,904
26  462  808
26  464  116,835
26  468  130,244
26  470  398
26  473  646
26  479  15
26  483  140,782
26  487  959
26  493  206,959
26  495  496
26  497  427
26  498  135
26  499  367
27  10  371,727,808,811
27  14  496
27  15  575,943
27  20  725
27  34  116
27  37  10
27  45  929
27  62  519
27  67  496
27  73  398
27  76  429,753
27  79  782
27  81  300
27  84  127,429,496
27  91  206,835
27  111  234,251,579,786
27  116  429
27  124  263
27  127  288,733
27  128  22
27  143  375
27  150  367
27  153  22,409,717,949
27  163  575,952
27  164  982
27  201  360,734,754
27  203  500
27  208  519,943
27  209  496
27  214  663
27  221  502
27  223  187
27  227  319
27  230  813
27  232  243
27  252  36,100,239
27  260  251
27  265  733
27  268  801
27  272  454
27  279  165
27  280  62,263
27  285  692
27  287  140,991,997
27  288  369,525
27  290  470,835
27  292  575,627,952
27  296  943
27  297  811
27  300  307,700
27  302  801
27  305  627
27  327  615
27  334  689
27  336  127,579
27  341  496
27  342  130
27  349  429,646
27  356  320,655
27  357  808
27  363  427
27  364  135
27  366  156
27  369  516,596
27  370  427,813
27  384  579,636,831
27  387  232,575,952
27  390  652,859,991,997
27  392  727,811
27  394  288,516,855
27  395  519
27  396  367
27  408  263
27  410  206,579
27  412  727,811
27  415  243,279,496,824
27  430  727,811
27  433  911
27  437  782
27  449  116
27  453  621
27  459  982
27  465  519,797
27  470  52
27  475  375
27  477  516,596
27  478  502
27  481  579,786
27  483  835
27  485  387
27  486  216,711
27  490  519,734
27  499  15
27  500  284
28  1  575,952
28  19  320,655
28  21  187,307
28  28  130
28  29  307,496
28  34  94,429,820
28  35  470
28  47  952
28  49  398
28  57  429
28  63  562,692
28  64  623,846
28  71  938
28  80  835
28  95  621
28  96  801
28  110  140
28  112  190,296
28  113  959
28  124  472,782
28  126  398
28  141  94,820
28  143  721,846
28  144  84
28  145  375,579
28  157  375
28  158  261,895
28  164  502,813
28  167  289
28  168  627
28  179  116,219
28  181  621
28  192  753,962
28  199  801
28  200  195,393,904
28  204  369
28  206  575,952
28  207  522
28  208  319
28  209  557
28  220  859
28  222  429,911
28  227  15,636,831
28  228  109
28  231  127,636,831
28  232  877
28  245  700,808
28  252  187
28  256  371
28  257  289,454,722
28  268  289
28  269  904
28  271  116
28  272  165
28  274  490
28  279  808
28  281  427
28  286  753
28  305  516,711
28  320  931
28  324  130,636
28  336  307,808
28  346  367
28  347  753
28  348  627
28  355  369,700
28  363  206
28  368  904
28  374  684
28  380  371,943
28  384  97
28  392  575,952
28  394  474,644
28  397  84,387
28  399  700
28  406  496,911
28  413  801
28  420  496,689,957
28  424  367
28  425  575,952
28  426  243,279,824
28  435  263
28  437  997
28  440  522
28  444  454
28  446  496
28  450  808,877
28  451  575,952
28  466  116
28  474  579
28  480  190,296
28  481  621
28  484  782
28  486  496
28  493  307
29  2  206
29  4  621
29  11  284
29  14  130
29  15  116,801
29  16  320,655
29  18  454
29  26  487
29  29  130
29  38  409
29  39  166,245
29  42  627
29  48  519
29  49  472
29  51  216,522
29  56  519
29  62  375
29  63  454
29  66  201,553,575,579,952
29  72  97
29  73  700,997
29  77  943
29  79  253,369
29  83  116
29  84  734,781,859
29  89  997
29  97  367
29  107  943
29  110  733
29  111  652
29  118  307
29  121  516,596
29  122  496
29  125  153
29  126  15,251
29  128  116
29  145  187,679
29  161  669
29  164  36,636,991,997
29  165  156
29  177  627
29  178  865
29  180  221
29  182  289
29  196  97,615
29  197  367,490
29  203  387
29  205  22,717,949
29  206  733
29  221  116
29  222  62
29  223  623,846
29  225  779
29  226  427
29  232  621,938
29  233  130,871,888
29  235  116
29  240  684
29  242  516,711
29  250  911
29  251  859
29  257  140
29  264  700
29  272  946
29  273  130
29  275  375
29  278  130
29  284  206
29  290  429
29  292  727,811
29  293  375
29  297  734
29  300  140
29  302  991,997
29  303  946
29  307  808
29  316  135,300,929
29  319  929
29  320  519,801
29  323  621
29  325  94,636,820
29  337  307
29  341  94,820
29  353  244
29  355  871,888
29  358  663,669
29  361  329,936
29  370  782
29  374  835
29  383  232
29  389  679
29  394  615,959
29  400  206,943
29  405  753,943
29  406  627
29  408  575,627,952
29  409  307
29  413  496
29  417  409
29  418  579
29  429  307
29  438  623,846
29  441  911
29  450  209,429
29  453  782
29  457  140
29  461  733
29  467  130,789
29  474  943
29  477  562
29  489  855
29  493  22
29  498  198,621,820
29  499  97
30  1  636,877
30  2  10
30  6  427
30  8  997
30  10  429,808
30  11  371,519
30  12  97
30  19  244,943
30  20  427
30  23  130
30  26  782
30  31  116
30  34  371
30  35  127,627,982
30  36  429,808
30  37  689
30  41  307
30  48  636
30  50  496,931,943
30  53  367,496
30  55  733
30  61  753
30  66  721,846
30  74  216,711
30  77  140
30  81  94,820
30  82  127
30  83  22,94,820
30  85  36,636
30  88  487
30  90  753
30  103  692,808
30  109  429
30  123  130
30  126  525,557
30  133  911
30  137  62,621
30  155  130
30  157  502,646,811
30  158  646
30  161  753
30  162  429
30  171  198,636,764
30  176  367
30  177  369
30  179  679
30  180  929
30  186  859
30  188  52
30  192  557
30  194  609
30  197  140
30  198  808
30  200  15
30  203  36,911
30  208  835
30  213  733,943
30  216  15
30  218  808
30  220  733
30  225  251
30  237  859
30  241  411,454
30  250  10
30  253  116,187
30  254  474,644
30  264  15,801
30  276  929
30  278  422
30  284  782
30  295  127
30  299  84
30  300  959
30  304  429,808
30  306  120,594
30  308  496
30  313  519
30  319  130
30  322  130,496,500
30  328  206,221,562
30  329  911
30  330  782
30  331  781
30  334  289,959
30  339  94,820
30  342  781
30  345  367,663
30  347  454
30  352  209
30  359  496
30  361  530,531,621,779
30  366  251
30  378  516,711
30  381  371
30  386  519
30  388  742
30  399  519
30  401  663
30  402  22
30  403  652,808
30  407  393,870
30  408  371,519
30  416  100,239
30  417  623,846
30  423  623,846
30  431  367,835
30  435  959
30  444  502
30  460  367,824
30  466  97
30  479  859,899
30  480  782
30  481  911
30  482  367
30  485  943
30  487  15
30  489  427,623,846
30  494  779
30  495  216,234,371
31  4  244
31  5  429
31  6  500
31  7  839
31  9  808
31  10  700
31  11  277
31  18  621
31  20  206,623,846
31  30  15,84,692
31  33  289
31  36  371
31  37  488,865
31  46  288
31  51  525
31  52  496,689
31  56  127,733
31  58  130
31  59  140
31  65  753
31  73  700
31  77  636,991,997
31  84  22
31  101  521,753
31  108  627
31  109  371,808
31  119  700
31  123  206,487
31  124  94,820
31  125  204
31  126  652
31  131  808
31  132  187
31  137  859
31  142  427
31  148  839
31  152  427
31  153  371,943
31  155  234
31  156  652
31  157  135
31  159  15
31  165  140
31  166  127
31  167  636,831
31  168  877
31  169  808
31  172  62
31  173  320,655
31  175  398,427
31  177  779
31  178  284
31  180  130,500
31  182  140
31  187  871,888
31  189  52
31  194  797
31  199  938
31  200  496
31  201  130
31  205  615
31  206  97
31  212  623
31  213  116
31  215  470
31  227  797
31  241  610
31  259  409
31  260  490
31  267  130
31  268  429
31  270  652
31  272  579
31  273  562
31  274  140
31  275  911
31  277  116,959
31  278  206,562,911
31  279  519
31  283  727,811
31  289  904
31  294  198,232,820
31  297  496
31  300  100,239
31  302  938
31  303  904
31  309  692,950,983
31  310  610
31  313  135
31  317  367
31  318  140
31  320  369
31  321  488,865
31  322  621
31  327  470
31  329  839
31  336  429
31  357  329,429,936
31  359  529
31  375  623,846
31  378  15
31  381  263
31  382  502
31  385  615
31  386  243,279,824,839
31  397  62
31  400  15,135,636
31  401  116
31  404  496
31  411  251,679
31  420  130
31  422  609
31  423  146,527
31  424  877
31  426  307
31  429  753
31  431  733
31  437  835
31  446  116
31  449  209
31  451  496
31  455  130
31  456  931
31  462  165
31  469  801
31  472  143
31  474  307
31  477  367
31  479  165,734
31  483  839
31  484  454,911
31  485  636
31  487  371
31  490  692
32  13  496
32  17  387
32  18  801
32  22  393,870
32  24  530,531,621
32  35  808
32  36  28,140
32  43  371,727,811
32  46  797
32  49  519
32  52  959
32  53  130
32  55  811
32  58  209
32  64  216,579,711,786
32  71  530,531,621
32  76  367
32  80  839
32  84  130
32  85  782
32  93  689
32  95  15,28,896
32  103  398,429
32  104  839
32  108  360,754
32  109  982
32  112  502,839
32  118  15,116,490,519
32  124  775,846,991
32  126  216,234,859
32  132  557
32  133  243,279,824
32  137  743
32  141  997
32  142  206
32  146  97
32  152  206
32  153  721,846
32  154  327,671
32  155  782
32  167  663
32  175  367,824,859
32  177  288
32  179  623,846
32  186  885
32  189  216,234
32  192  623
32  197  97,429
32  205  360,754
32  208  727,811
32  210  52,615,931
32  228  204,669
32  232  36,530,531,621
32  237  207,955
32  239  753
32  240  859
32  245  429
32  248  496
32  258  116,997
32  261  52,375
32  268  371
32  273  496,562,734
32  275  263
32  277  94,296,422,820
32  281  206
32  292  496
32  295  120,594
32  297  808
32  298  22,623,717,846,949
32  299  94,820
32  303  130
32  306  636
32  307  371
32  308  130,782
32  313  84
32  318  991,997
32  321  734
32  331  369
32  334  140
32  335  911
32  340  320,655,801
32  345  943
32  349  496,950,983
32  351  429,808
32  353  808
32  354  198,764
32  355  15
32  357  165
32  359  813
32  361  187
32  365  427
32  373  991,997
32  375  877
32  376  519
32  377  700,733
32  378  398
32  379  429
32  381  496
32  398  938
32  400  387
32  403  689
32  406  52
32  408  500
32  410  97
32  423  198,764
32  426  579
32  429  733
32  431  97,779,899
32  435  782
32  441  627
32  443  307
32  455  929
32  457  371
32  459  289,946
32  460  135
32  465  835
32  471  839
32  476  130
32  491  307
33  9  429,575,952
33  13  22
33  15  232
33  16  94,244,273,820
33  19  636
33  22  63
33  31  15,877,962
33  33  140
33  37  429
33  46  500,782
33  50  216,711
33  61  367
33  62  135
33  65  367
33  66  669
33  69  579,669
33  75  500
33  80  198,263,764
33  84  369
33  87  15
33  99  487
33  102  429
33  105  130
33  106  22,797
33  109  813
33  114  367
33  115  636
33  120  743
33  121  579
33  122  307
33  125  929
33  134  623,846
33  138  367,496
33  154  454,722
33  156  943
33  158  652
33  159  727,811,957
33  167  562,711,786
33  175  525
33  177  244
33  179  496
33  184  496
33  185  71
33  195  367
33  198  429
33  214  66,500
33  216  496
33  217  135,500
33  227  496
33  230  946
33  231  808
33  232  288,877
33  235  216,711,959
33  236  579
33  238  579
33  246  398
33  247  116
33  257  71
33  259  371
33  264  429,938
33  265  684
33  279  263
33  280  575,579,952
33  283  496,835
33  290  982
33  297  429
33  300  371
33  305  496
33  307  232
33  314  957
33  320  52,982
33  325  398
33  334  652
33  344  52,929
33  346  950,983
33  347  130,367
33  349  367
33  351  371
33  353  371
33  360  52
33  369  835
33  374  216,711,721,839,846,931
33  379  204
33  385  288,859
33  389  127
33  393  116
33  398  530,531,621
33  402  429
33  403  429,959
33  404  130
33  406  859
33  409  143
33  414  216,610,711
33  424  71
33  426  307,360,754
33  427  562
33  435  398
33  436  367
33  439  165
33  445  94,273,519,820
33  461  623,846
33  473  733
33  475  135,839
33  483  859
33  484  663
33  486  496
33  490  743,808
33  494  165
34  5  371,839
34  7  307
34  10  429
34  12  371
34  18  938
34  21  100,239
34  22  997
34  32  500,808
34  35  429
34  43  289,727,811
34  44  422
34  48  684,938
34  52  997
34  65  950,959,983
34  68  575,952
34  70  959
34  81  198,764
34  84  782
34  87  490
34  94  116
34  97  371
34  109  244
34  110  94,820
34  114  429,460
34  115  839
34  116  371,429
34  119  15,646
34  120  734
34  122  97
34  128  496
34  130  663
34  131  371
34  133  627
34  138  130
34  140  97,753
34  142  524
34  143  943
34  147  962
34  151  251,835
34  157  135
34  159  371
34  160  496
34  162  938
34  167  797
34  170  982
34  172  371
34  173  500
34  176  621
34  177  97
34  179  130
34  181  52
34  185  29,525
34  189  116,741
34  203  627,885
34  204  871,888
34  207  371
34  208  839
34  209  931
34  212  216,711
34  214  899
34  215  375
34  228  190,296,422,753,929
34  234  371
34  235  165
34  237  232
34  239  367
34  240  623,846
34  243  116
34  247  289,454
34  252  733
34  261  623,846
34  273  130
34  274  251
34  282  135
34  285  502
34  286  367
34  287  36
34  290  519
34  295  427
34  297  519
34  306  797
34  309  733,929
34  313  243,635
34  318  652
34  326  422
34  332  801
34  343  692
34  349  733
34  359  839
34  362  29
34  364  553
34  369  525
34  371  636,943
34  376  165
34  377  146,490,527
34  378  859
34  383  130
34  387  519,562
34  389  733
34  391  500
34  395  621
34  399  835
34  407  427
34  408  733
34  413  938
34  419  288
34  426  143
34  429  367
34  432  300
34  434  808,835
34  435  52
34  437  97,839
34  438  216,711
34  446  627
34  449  950,983
34  450  15,371
34  451  130
34  454  429
34  457  877
34  459  71,877
34  460  911
34  466  782
34  469  931
34  470  859
34  471  496
34  473  97
34  486  371
34  489  206
34  490  835
34  492  130,562
34  500  22
35  4  206,562,679
35  6  779
35  10  15
35  15  15,490
35  17  679,700
35  25  835
35  26  929
35  29  496
35  33  429
35  34  398
35  35  371
35  36  100,239,371,946
35  39  422
35  40  962
35  43  140,496
35  47  52
35  48  300
35  49  474,644
35  50  15,130
35  55  36
35  62  502
35  72  797
35  74  911
35  79  94,820
35  98  411,454
35  101  367
35  103  502,689,859
35  124  52,813
35  125  502
35  126  522
35  128  502,859
35  139  470
35  143  579
35  145  243,502
35  146  251
35  148  97
35  153  116,130
35  154  689
35  158  146,527,627
35  165  100,239
35  166  721,808,846
35  175  71,700
35  176  950,983
35  185  454
35  187  369
35  197  371,525
35  199  153
35  205  496,904
35  208  367,496,824
35  226  206,997
35  227  130
35  237  94,820
35  239  871,888
35  242  700,859
35  246  763
35  254  94,820
35  280  664
35  282  97,621
35  285  429
35  290  627,839
35  291  490
35  295  808
35  296  700,885
35  303  943
35  311  575,952
35  317  652,733
35  318  623,846
35  322  130,307
35  328  929
35  332  938
35  335  627
35  342  369
35  345  636
35  349  130
35  352  165
35  354  116
35  355  959
35  356  244
35  358  66,753
35  359  130,663
35  364  782
35  365  63
35  368  775,846,991
35  370  52,206
35  379  734
35  382  62
35  386  140,326
35  389  97
35  402  371
35  407  206
35  409  375
35  412  496
35  415  130,490
35  422  198,820
35  424  733
35  428  387
35  433  52
35  435  52
35  438  562
35  441  579,621
35  448  371,931
35  462  575,952
35  464  839
35  465  839
35  469  938
35  478  779
35  479  369
35  496  198,500,764
35  497  206
35  500  742
36  13  71,929
36  15  94,820
36  17  575,621,952
36  18  29
36  33  100,239
36  34  243
36  40  116
36  42  71
36  48  530,531,621
36  49  15
36  55  140,326,636,797
36  56  734
36  59  734
36  63  579
36  66  753
36  76  371
36  77  307
36  82  140,808
36  94  97
36  114  689
36  123  734
36  125  962
36  126  500
36  131  429
36  136  997
36  139  244
36  140  367
36  145  28,557,896
36  149  997
36  155  797
36  156  307
36  158  97,959
36  159  496
36  165  97
36  166  801
36  168  371
36  174  904,991,997
36  179  209
36  184  307
36  190  15
36  192  367
36  195  839,950,983
36  197  130
36  198  243
36  207  116
36  210  521
36  225  700
36  230  289
36  236  187
36  245  781
36  247  94,140,820,962
36  255  307
36  256  733
36  257  100,239,782
36  259  721,846
36  260  839
36  262  496
36  264  371
36  265  97,579
36  279  429
36  285  371
36  286  885,950,983
36  288  130
36  289  307
36  290  813
36  295  429
36  297  130
36  305  130
36  311  15
36  317  97
36  318  519
36  332  530,531,621
36  333  664
36  338  500
36  342  29
36  344  201
36  348  877
36  351  779
36  356  820
36  357  371
36  365  206
36  369  579,700
36  379  779,929
36  381  130,943
36  382  130
36  388  277
36  392  579
36  395  429
36  402  911
36  406  500
36  414  371,839
36  422  146,527
36  424  216,234
36  428  360,754
36  430  488,496,865
36  443  500
36  452  519
36  459  140
36  461  496
36  479  422
36  483  563
36  489  615
36  490  398
36  499  94,820
36  500  562
37  2  20,741
37  5  839
37  7  288
37  12  15
37  14  839
37  20  904
37  21  859
37  27  360,754
37  38  371
37  48  187
37  52  130
37  56  808
37  58  627
37  64  621
37  66  367
37  70  496,943
37  71  187
37  74  904
37  86  496
37  94  519
37  96  422
37  100  371,562
37  110  770
37  113  52
37  116  371
37  130  289,943
37  146  367,824
37  153  94,820
37  154  15,71
37  157  367
37  159  130,775,846,991
37  161  367
37  162  371
37  164  36
37  166  684
37  168  130
37  170  813
37  172  664,721,846
37  175  15
37  184  244
37  187  959
37  188  496
37  199  946
37  200  130
37  205  929
37  207  801
37  208  130,734
37  215  369
37  216  130
37  218  855
37  224  684
37  225  15,28,896
37  228  733
37  229  367,824
37  230  140
37  236  557
37  237  519
37  241  36,387
37  249  636
37  251  943
37  252  97
37  272  877
37  274  610
37  275  135,206
37  279  66,579
37  280  307
37  281  166,245,320
37  286  899
37  289  502
37  295  371,797
37  298  615
37  299  130,877
37  307  429
37  313  835
37  314  367
37  319  808
37  320  813
37  329  130
37  338  859
37  340  938
37  341  130
37  343  216,711
37  353  187,288
37  358  367
37  366  652
37  369  454
37  371  130,288
37  380  636
37  384  636
37  398  97
37  409  135
37  413  496
37  417  627
37  427  621
37  434  470,525,839
37  437  490
37  438  627
37  442  94,820
37  447  367,429
37  458  859
37  461  206,885
37  464  94,820
37  467  521
37  473  243,279,700,824
37  476  579
37  477  579,733
37  484  525,627
37  490  29
37  491  263
37  495  652
38  2  519
38  13  130,502
38  17  15
38  29  130,663
38  30  243,635
38  31  94,519,820
38  34  166,245,320
38  35  130
38  36  371
38  37  216,234,307,779
38  38  130,700
38  50  563,959
38  56  143,488,865,997
38  62  721,846
38  64  877
38  66  52,734
38  69  727,811
38  77  221
38  78  429
38  80  251
38  86  835
38  88  885
38  93  15,500
38  95  371
38  96  938
38  97  950,983
38  103  959
38  113  15,652
38  118  946
38  121  100,239
38  130  140,307
38  144  355,747
38  156  636
38  157  733
38  162  187,562
38  166  429,700
38  167  899
38  169  429
38  174  997
38  179  22
38  183  66,100,239
38  205  130
38  206  52,500
38  207  94,820,938
38  216  700
38  217  29,454,627
38  219  97
38  221  15
38  223  216,711
38  224  623,846
38  237  519
38  245  839
38  253  140
38  256  97,371,496
38  260  652
38  265  307
38  268  140
38  269  623,846
38  272  307
38  274  652
38  276  500,782
38  277  775,846,991
38  278  429
38  296  15
38  297  519
38  303  636
38  304  429
38  311  244
38  315  959
38  318  130
38  329  130
38  333  94,820
38  335  371
38  340  244,530,531,621
38  345  97
38  351  429
38  353  929
38  357  779
38  362  519
38  364  911
38  370  166,245,320
38  376  307
38  379  839
38  380  288
38  381  135
38  387  22,717,949
38  388  206
38  390  959
38  395  839
38  396  835,950,983
38  405  367,700
38  408  52
38  409  859
38  411  209,652
38  417  721,846,859
38  424  652
38  428  127
38  429  950,983
38  434  130,429
38  440  219
38  445  243,279,824
38  446  375,839
38  448  94,820
38  449  94,820
38  451  52
38  452  15
38  458  232
38  461  97,166,245,320
38  466  779
38  467  627
38  481  959
38  482  733
38  494  997
38  500  502
39  5  140
39  9  371
39  12  135,610
39  17  15,209
39  20  29
39  25  116,839
39  29  251
39  34  859
39  41  575,952
39  42  209,885
39  43  100,239
39  48  165
39  55  307
39  56  500
39  57  371,429
39  67  371
39  69  496
39  77  165
39  83  502
39  90  367
39  93  959
39  98  387
39  102  243,279,824
39  113  454,496
39  120  553
39  131  371
39  134  216,711
39  135  320,655
39  141  627
39  143  904
39  144  243,635
39  151  652
39  157  496
39  161  950,983
39  163  997
39  167  140
39  169  15
39  170  36
39  171  97
39  174  36
39  175  885
39  178  877
39  179  502
39  196  243
39  207  530,531,621
39  208  636
39  215  135
39  216  15,130
39  218  621
39  226  166,245,320
39  231  288,797
39  240  216,243,711,824,931
39  244  206
39  245  369
39  250  899
39  255  29
39  256  130,997
39  259  557
39  268  100,239,700
39  274  621
39  277  29
39  279  575,952
39  292  130,516,711
39  297  859
39  307  579
39  309  398
39  313  610,839
39  314  216,232,234
39  316  29
39  325  859
39  331  871,888
39  332  636,831
39  336  371
39  349  97
39  350  360,754
39  355  991,997
39  356  627
39  357  500
39  359  116,530,531,621
39  360  734
39  362  997
39  365  997
39  369  371
39  370  206
39  373  367,839
39  381  52,734
39  383  789
39  384  797
39  392  52,496
39  397  855
39  399  15
39  400  198,764
39  410  307
39  418  664
39  419  496,782
39  424  500
39  427  734
39  428  610
39  430  130
39  442  190,296,422
39  447  22,371,717,733,949
39  454  251
39  458  959
39  459  100,239
39  463  627
39  472  516,711
39  476  307
39  477  15
39  478  36,216,711
39  480  29
39  482  931
39  484  700
39  486  130,500
39  488  52,206,562
39  495  165
39  498  146,527,779
40  10  721,846
40  18  500
40  22  877
40  37  371
40  38  15
40  40  94,820
40  43  130
40  49  500,859
40  53  700,733
40  59  877
40  61  950,983
40  63  307,636
40  64  959
40  67  839
40  68  52,931
40  69  307,367
40  70  130
40  77  36
40  79  782
40  80  52
40  96  165
40  98  52
40  102  371
40  106  502
40  107  496,500,636
40  109  371
40  111  621
40  128  130
40  135  627
40  138  206
40  143  636,775,846,991
40  145  209
40  147  636
40  150  733
40  152  52
40  153  636
40  154  959
40  155  959
40  157  97,130
40  160  721,846
40  166  15
40  173  244
40  178  742
40  188  130
40  193  877
40  194  146,527
40  195  15
40  202  959
40  213  94,636,820
40  215  253,369
40  223  557
40  228  97,950,983
40  234  557
40  235  66
40  236  135,652
40  241  360,754
40  243  859
40  248  130
40  250  763
40  251  454
40  259  502
40  261  216,524,711
40  263  636
40  264  187
40  272  15
40  274  429
40  279  553
40  283  360,627,754
40  285  216,711
40  291  429
40  292  721,846
40  294  527
40  302  839
40  313  130
40  319  429
40  320  29
40  327  652,871,888
40  328  52
40  332  839
40  342  470
40  344  251
40  351  371,877
40  353  206
40  358  899
40  360  454
40  373  36,950,983
40  375  116
40  383  519
40  385  165
40  397  664
40  399  15,839,950
40  401  636,839
40  402  627,782,991,997
40  403  371
40  404  94,820
40  405  22,762,859,950,983
40  412  130
40  413  130
40  420  432
40  440  116,692
40  442  22,307,717,949
40  446  371
40  450  209
40  452  243,279,557,824
40  453  490
40  455  15,775,846,991
40  461  130
40  462  52,429
40  463  763
40  466  97
40  467  877
40  468  859
40  469  36
40  473  610
40  478  22
40  483  684
40  484  813
40  485  360,754
40  493  15,782
40  495  130
40  497  929
40  498  198,764,904
40  500  277,502
