1  1  663
1  2  490
1  8  997
1  9  519
1  11  519
1  12  646
1  15  28
1  18  109,957
1  27  109
1  33  808
1  34  692
1  35  522
1  37  519
1  40  290,519
1  42  802
1  44  470
1  47  519
1  48  535
1  60  263
1  64  319,663,808
1  70  140
1  72  485,801
1  79  22,801
1  84  454,525
1  86  319,646
1  92  519
1  93  216,801
1  94  490,679
1  99  646
2  10  519
2  12  522
2  17  411,454,801
2  27  621
2  28  290,320,655
2  32  957
2  33  300,519
2  34  801
2  40  808
2  50  997
2  53  319
2  57  243
2  58  997
2  79  700
2  81  357,409
2  82  808
2  84  801
2  89  206,562
2  99  367
3  8  22,684
3  12  319
3  22  931
3  23  997
3  31  319
3  35  727,811
3  38  801
3  39  66
3  49  997
3  50  516
3  56  734
3  60  409
3  66  487
3  67  409,522
3  68  562
3  72  28,579,877
3  76  519,782
3  79  127,429
3  85  502
3  87  579
3  91  801
3  94  207
3  96  300,519
3  100  519
4  2  734
4  8  319
4  22  206,562,808,946
4  24  409
4  29  319,516,596
4  36  801,808
4  41  516,596
4  46  367,824,836
4  61  22,782
4  77  808
4  78  516,596
4  79  781
4  83  646
4  85  991,997
4  89  28,877
4  91  290
4  92  127,251
4  97  519,789
5  5  519
5  10  519
5  12  516,711
5  15  522
5  17  393,870
5  21  808
5  27  387,522
5  31  263
5  34  522
5  36  519
5  40  522,835
5  48  207,409,563,955
5  55  646
5  58  319
5  68  700
5  71  207,519,955
5  72  957
5  84  700
5  86  28,877
5  91  190,296,422,700
5  94  411
5  96  646,835
5  97  127,782
6  1  206,562
6  3  801
6  5  519
6  8  232
6  11  835
6  17  700
6  27  116
6  31  575,952
6  38  319
6  44  66,982
6  45  562
6  50  579,663
6  57  519
6  62  409,470
6  63  525
6  69  579
6  72  836
6  75  562
6  79  320,655
6  86  355,519,747
6  88  387,454,722
6  91  725
6  99  679
7  9  700
7  20  357
7  29  319
7  30  22,219
7  31  109,727,811
7  32  300,931
7  34  290
7  35  116,519
7  49  216,234
7  50  684
7  56  10,646
7  57  127,519
7  62  502
7  68  28,206,562,820,877
7  70  808
7  71  232
7  79  679
7  85  801
7  86  727,811
7  93  44,469,700
8  9  127,429
8  11  207,955
8  12  140,470,959
8  17  263
8  21  371
8  29  201
8  30  66
8  31  621,782,801
8  34  140,326
8  40  371
8  46  319
8  47  127,387
8  49  692
8  73  692
8  76  127
8  80  28,877
8  81  409,789
8  85  663
8  88  71
8  89  679
8  90  782
8  93  22,490,717,949
8  96  409,519
8  97  71,962
8  99  733
8  100  127,409
9  5  519
9  6  957
9  7  519
9  12  519
9  14  997
9  16  646
9  17  263
9  19  663
9  21  367,824
9  27  94,820
9  31  700
9  33  165
9  37  487
9  40  289,734
9  45  28
9  49  535
9  50  319,700
9  59  327,671,997
9  66  409
9  72  646
9  77  371
9  82  127
9  87  801
9  88  519
9  93  22
9  95  243
10  3  28,877
10  7  369
10  13  519
10  20  109,997
10  21  579
10  28  725
10  29  579
10  32  195,393,502,519
10  36  519
10  39  84
10  45  22,319
10  58  801
10  59  808
10  61  962
10  64  943
10  66  962
10  76  808
10  80  899
10  86  519
10  89  263
10  92  808
10  93  156
10  96  158,247,835
11  6  725
11  8  623,846
11  10  127
11  19  621
11  31  522
11  33  127,801
11  34  127
11  37  997
11  41  28,877
11  42  789
11  46  946
11  47  789
11  48  232,371,692
11  52  319,957
11  53  519,727,811
11  55  663
11  57  808
11  72  234
11  77  502
11  78  127
11  82  367,519,824
11  83  367
11  94  140
12  4  393,870
12  9  781
12  12  127
12  13  789
12  18  409
12  24  371
12  31  946
12  36  127,700
12  38  485
12  44  502
12  58  802
12  61  201,553,579
12  64  636
12  65  22
12  74  319,487
12  79  369
12  82  371
12  84  692
12  90  962
12  92  519
12  99  663
13  2  427
13  3  263,700
13  5  127
13  11  808
13  12  700
13  19  243,743,801
13  24  722
13  39  290
13  44  369
13  46  957
13  66  28,877
13  69  782
13  74  997
13  76  369
13  78  782
13  81  522
13  84  398
13  85  782
13  92  692
13  98  28,692,877
13  99  943
14  1  943
14  6  562
14  14  319,320,655
14  27  957
14  34  808
14  43  319
14  53  66
14  59  371,487,946
14  61  669
14  65  962
14  66  371
14  67  357
14  69  156
14  70  371
14  71  409
14  73  63
14  79  725
14  80  600,666,884
14  88  127
14  89  575,952
14  93  911
14  94  522
14  95  801
15  3  15,575,952
15  7  116
15  9  808
15  14  519,727,811
15  23  684
15  25  692
15  30  801
15  34  692
15  37  579,808
15  42  679
15  47  244,263
15  49  28,877
15  53  801
15  67  519
15  72  700
15  73  801
15  76  66,962
15  79  522
15  82  371
15  83  733
15  84  727,811
15  88  808
15  92  116,398,490
15  94  209,646
15  97  429,669
16  7  487,782
16  8  496,529
16  10  127,525,801
16  14  472
16  15  263
16  18  525
16  20  290
16  21  289
16  22  371
16  27  190,296,422
16  28  427
16  46  802
16  48  943
16  52  44,216,234,469,802
16  56  579
16  64  371,997
16  69  319
16  71  808,835
16  72  120,594,733
16  81  820,904
16  85  943
16  91  427
16  92  243,279,824,859
16  97  753,885
17  5  195,393,808
17  8  63,216,711
17  12  496
17  16  109,232
17  22  733
17  25  367,522,824
17  37  957
17  39  725
17  44  991,997
17  49  232
17  50  636
17  55  367
17  60  371
17  62  232
17  63  22,663
17  69  516,596
17  72  557
17  74  621,684
17  81  261,300,895
17  83  522
17  85  454
17  87  519
17  94  387
17  99  97,636
17  100  808
18  8  519
18  26  22
18  28  206,244
18  29  529
18  40  140,859
18  42  454,722
18  43  808
18  46  525
18  48  398,490
18  57  808
18  64  289
18  68  66
18  77  663
18  80  251
19  3  52,621
19  5  201,553,579
19  13  319
19  16  522
19  23  243
19  25  398
19  30  650
19  31  496
19  48  801
19  55  943
19  56  307,679
19  62  371
19  63  502,646
19  79  931
19  80  801
19  88  429
19  95  700
19  96  371,411,454
20  5  519,669
20  6  216,234
20  11  839
20  12  367
20  14  244
20  18  371
20  19  553,700
20  21  398
20  24  721,846
20  25  519
20  27  29
20  31  190,296,422
20  35  496
20  39  369
20  41  263
20  45  153
20  52  911
20  56  209
20  66  263
20  71  519
20  74  743,802
20  80  609
20  81  116,371
20  89  63
21  4  679
21  5  835
21  13  562
21  14  684
21  20  684
21  23  319
21  24  398,801
21  38  375,522
21  39  243,635
21  42  36
21  49  684
21  52  500,627
21  56  487
21  64  140
21  67  835,904
21  69  251
21  70  289
21  72  500
21  75  957
21  79  232
21  80  198,470,557,820
21  93  502
21  94  646
22  1  946
22  10  319,409
22  12  835
22  13  243,279,824,982
22  21  94,820
22  23  496
22  26  221
22  31  232
22  35  94,820
22  38  470
22  39  427
22  41  579
22  50  727,811
22  58  153
22  62  232
22  69  201,553,579
22  75  216,234
22  76  288
22  77  300
22  87  187,835
22  89  52
22  90  669
22  91  692
22  93  251
22  98  398
23  12  94,429,820
23  21  579
23  22  97
23  30  782
23  33  808
23  40  762
23  41  263
23  46  369
23  50  663
23  55  836
23  65  201,553,579
23  67  727,811
23  71  801,839
23  72  52
23  79  22
23  80  700,982
23  84  454,487
23  85  700
23  94  207,610,955
23  95  363
24  2  820
24  4  320,655
24  8  15,130
24  9  127,429
24  11  232
24  13  727,811
24  17  801
24  35  911
24  36  15
24  37  734
24  39  206
24  45  204,496,557
24  46  946
24  47  429
24  58  679
24  62  409
24  64  684
24  65  669,782
24  74  357,734
24  77  289
24  79  959
24  94  232,360,367
24  98  263
25  7  195,393
25  9  263
25  16  116,519,621
25  20  621
25  21  140
25  22  289
25  28  166,245,320
25  29  727,811
25  30  700
25  34  398
25  47  371
25  49  263
25  55  234
25  58  204,216,711
25  67  775,846,991
25  70  140,646
25  74  553
25  81  387
25  87  700
25  90  931
25  91  398
25  92  429
25  95  22
25  96  839
25  100  371
26  1  263
26  7  206,562,579,734
26  11  429
26  19  15
26  20  190,296,422
26  22  140
26  24  938
26  28  496
26  32  127
26  38  195,393,490
26  45  429
26  46  234,496
26  49  801
26  58  911
26  59  289,689
26  60  575,952
26  62  371
26  64  496
26  68  15
26  71  371
26  73  997
26  74  623,846
26  76  669
26  77  959
26  84  454
26  87  700,839
26  91  15,519,859
26  95  808
26  96  387,721,846
26  99  209
26  100  429
27  10  371,727,808,811
27  14  496
27  15  575,943
27  20  725
27  34  116
27  37  10
27  45  929
27  62  519
27  67  496
27  73  398
27  76  429,753
27  79  782
27  81  300
27  84  127,429,496
27  91  206,835
28  1  575,952
28  19  320,655
28  21  187,307
28  28  130
28  29  307,496
28  34  94,429,820
28  35  470
28  47  952
28  49  398
28  57  429
28  63  562,692
28  64  623,846
28  71  938
28  80  835
28  95  621
28  96  801
29  2  206
29  4  621
29  11  284
29  14  130
29  15  116,801
29  16  320,655
29  18  454
29  26  487
29  29  130
29  38  409
29  39  166,245
29  42  627
29  48  519
29  49  472
29  51  216,522
29  56  519
29  62  375
29  63  454
29  66  201,553,575,579,952
29  72  97
29  73  700,997
29  77  943
29  79  253,369
29  83  116
29  84  734,781,859
29  89  997
29  97  367
30  1  636,877
30  2  10
30  6  427
30  8  997
30  10  429,808
30  11  371,519
30  12  97
30  19  244,943
30  20  427
30  23  130
30  26  782
30  31  116
30  34  371
30  35  127,627,982
30  36  429,808
30  37  689
30  41  307
30  48  636
30  50  496,931,943
30  53  367,496
30  55  733
30  61  753
30  66  721,846
30  74  216,711
30  77  140
30  81  94,820
30  82  127
30  83  22,94,820
30  85  36,636
30  88  487
30  90  753
31  4  244
31  5  429
31  6  500
31  7  839
31  9  808
31  10  700
31  11  277
31  18  621
31  20  206,623,846
31  30  15,84,692
31  33  289
31  36  371
31  37  488,865
31  46  288
31  51  525
31  52  496,689
31  56  127,733
31  58  130
31  59  140
31  65  753
31  73  700
31  77  636,991,997
31  84  22
32  13  496
32  17  387
32  18  801
32  22  393,870
32  24  530,531,621
32  35  808
32  36  28,140
32  43  371,727,811
32  46  797
32  49  519
32  52  959
32  53  130
32  55  811
32  58  209
32  64  216,579,711,786
32  71  530,531,621
32  76  367
32  80  839
32  84  130
32  85  782
32  93  689
32  95  15,28,896
33  9  429,575,952
33  13  22
33  15  232
33  16  94,244,273,820
33  19  636
33  22  63
33  31  15,877,962
33  33  140
33  37  429
33  46  500,782
33  50  216,711
33  61  367
33  62  135
33  65  367
33  66  669
33  69  579,669
33  75  500
33  80  198,263,764
33  84  369
33  87  15
33  99  487
34  5  371,839
34  7  307
34  10  429
34  12  371
34  18  938
34  21  100,239
34  22  997
34  32  500,808
34  35  429
34  43  289,727,811
34  44  422
34  48  684,938
34  52  997
34  65  950,959,983
34  68  575,952
34  70  959
34  81  198,764
34  84  782
34  87  490
34  94  116
34  97  371
35  4  206,562,679
35  6  779
35  10  15
35  15  15,490
35  17  679,700
35  25  835
35  26  929
35  29  496
35  33  429
35  34  398
35  35  371
35  36  100,239,371,946
35  39  422
35  40  962
35  43  140,496
35  47  52
35  48  300
35  49  474,644
35  50  15,130
35  55  36
35  62  502
35  72  797
35  74  911
35  79  94,820
35  98  411,454
36  13  71,929
36  15  94,820
36  17  575,621,952
36  18  29
36  33  100,239
36  34  243
36  40  116
36  42  71
36  48  530,531,621
36  49  15
36  55  140,326,636,797
36  56  734
36  59  734
36  63  579
36  66  753
36  76  371
36  77  307
36  82  140,808
36  94  97
37  2  20,741
37  5  839
37  7  288
37  12  15
37  14  839
37  20  904
37  21  859
37  27  360,754
37  38  371
37  48  187
37  52  130
37  56  808
37  58  627
37  64  621
37  66  367
37  70  496,943
37  71  187
37  74  904
37  86  496
37  94  519
37  96  422
37  100  371,562
38  2  519
38  13  130,502
38  17  15
38  29  130,663
38  30  243,635
38  31  94,519,820
38  34  166,245,320
38  35  130
38  36  371
38  37  216,234,307,779
38  38  130,700
38  50  563,959
38  56  143,488,865,997
38  62  721,846
38  64  877
38  66  52,734
38  69  727,811
38  77  221
38  78  429
38  80  251
38  86  835
38  88  885
38  93  15,500
38  95  371
38  96  938
38  97  950,983
39  5  140
39  9  371
39  12  135,610
39  17  15,209
39  20  29
39  25  116,839
39  29  251
39  34  859
39  41  575,952
39  42  209,885
39  43  100,239
39  48  165
39  55  307
39  56  500
39  57  371,429
39  67  371
39  69  496
39  77  165
39  83  502
39  90  367
39  93  959
39  98  387
40  10  721,846
40  18  500
40  22  877
40  37  371
40  38  15
40  40  94,820
40  43  130
40  49  500,859
40  53  700,733
40  59  877
40  61  950,983
40  63  307,636
40  64  959
40  67  839
40  68  52,931
40  69  307,367
40  70  130
40  77  36
40  79  782
40  80  52
40  96  165
40  98  52
