1  1  663
1  2  490
1  8  997
1  9  519
1  11  519
1  12  646
1  15  28
1  18  109,957
1  27  109
1  33  808
1  34  692
1  35  522
1  37  519
1  40  290,519
1  42  802
1  44  470
1  47  519
1  48  535
1  60  263
1  64  319,663,808
1  70  140
1  72  485,801
1  79  22,801
1  84  454,525
1  86  319,646
1  92  519
1  93  216,801
1  94  490,679
1  99  646
1  103  519
1  109  519
1  110  733
1  111  836
1  112  519
1  113  28,877
1  120  621
1  123  319
1  127  931
1  131  519,646
1  141  393,870
1  148  357,409,646
1  149  522
1  151  663
1  157  470
1  158  156,899
1  167  290
1  169  519
1  171  899
1  173  300,957
1  186  789
1  189  290
1  197  646
1  200  319
1  211  997
1  212  997
1  215  357
1  222  319,519
1  225  997
1  229  782
1  230  470,663
1  231  369
1  234  519
1  240  519,692
1  243  22
1  246  290,692
1  248  646
2  10  519
2  12  522
2  17  411,454,801
2  27  621
2  28  290,320,655
2  32  957
2  33  300,519
2  34  801
2  40  808
2  50  997
2  53  319
2  57  243
2  58  997
2  79  700
2  81  357,409
2  82  808
2  84  801
2  89  206,562
2  99  367
2  104  801
2  105  290
2  109  127
2  114  519
2  116  519
2  123  490
2  126  801
2  127  802
2  140  782
2  146  393,870
2  150  116,156,957
2  155  959
2  162  409
2  166  409,997
2  168  802
2  176  782
2  178  490
2  197  808
2  201  487,502
2  209  959
2  214  357,522
2  216  319
2  220  519,692
2  221  957
2  229  962
2  230  808
2  238  516,596
2  239  319
2  240  959
2  245  522
2  246  109,692
2  248  646
3  8  22,684
3  12  319
3  22  931
3  23  997
3  31  319
3  35  727,811
3  38  801
3  39  66
3  49  997
3  50  516
3  56  734
3  60  409
3  66  487
3  67  409,522
3  68  562
3  72  28,579,877
3  76  519,782
3  79  127,429
3  85  502
3  87  579
3  91  801
3  94  207
3  96  300,519
3  100  519
3  113  263
3  126  679
3  138  195,393,782
3  140  957
3  144  529
3  146  779
3  147  290,997
3  151  943
3  161  782
3  165  899
3  170  502,991,997
3  171  206,562,579
3  179  997
3  180  957
3  188  519
3  189  28,877
3  196  454
3  197  409
3  200  802
3  202  156
3  203  957
3  213  522,646
3  220  127,398,579,786
3  226  519
3  232  409
3  236  319
3  246  801
3  248  28,877
4  2  734
4  8  319
4  22  206,562,808,946
4  24  409
4  29  319,516,596
4  36  801,808
4  41  516,596
4  46  367,824,836
4  61  22,782
4  77  808
4  78  516,596
4  79  781
4  83  646
4  85  991,997
4  89  28,877
4  91  290
4  92  127,251
4  97  519,789
4  102  519
4  107  519
4  108  127,216
4  114  459
4  116  519
4  119  411,454
4  124  522
4  125  519,562
4  131  367
4  138  962
4  141  206,251,562
4  152  290
4  156  140,516,596,739
4  167  908
4  171  663
4  176  962
4  181  28,409,877
4  183  808
4  191  997
4  195  519,782
4  197  320,646,655
4  201  991,997
4  202  251
4  203  470
4  209  319
4  217  931
4  218  739,789
4  220  127
4  221  22
4  222  127
4  231  836
4  234  579
4  237  290
4  249  946
5  5  519
5  10  519
5  12  516,711
5  15  522
5  17  393,870
5  21  808
5  27  387,522
5  31  263
5  34  522
5  36  519
5  40  522,835
5  48  207,409,563,955
5  55  646
5  58  319
5  68  700
5  71  207,519,955
5  72  957
5  84  700
5  86  28,877
5  91  190,296,422,700
5  94  411
5  96  646,835
5  97  127,782
5  114  319
5  118  516,596
5  124  470
5  126  195,393
5  141  652
5  145  931
5  147  519,684,782
5  149  363
5  151  156,519
5  152  371
5  156  156
5  166  519
5  167  470
5  173  470
5  178  820
5  181  263
5  183  357,371
5  185  22,789
5  191  684
5  193  782,946
5  197  367,522
5  212  802
5  213  663
5  225  522
5  229  201,553,579
5  234  127,216,519
5  241  502
5  247  320,655
5  248  263
5  249  519
6  1  206,562
6  3  801
6  5  519
6  8  232
6  11  835
6  17  700
6  27  116
6  31  575,952
6  38  319
6  44  66,982
6  45  562
6  50  579,663
6  57  519
6  62  409,470
6  63  525
6  69  579
6  72  836
6  75  562
6  79  320,655
6  86  355,519,747
6  88  387,454,722
6  91  725
6  99  679
6  105  319,490
6  106  519,836
6  114  127
6  116  127
6  121  808
6  125  127
6  129  997
6  130  596
6  132  22
6  133  409
6  138  290
6  139  522
6  140  962
6  144  646
6  147  127,725
6  148  367
6  149  516,596
6  156  663
6  158  802
6  160  409
6  163  206,562,782,997
6  164  319,470
6  166  997
6  167  836
6  181  725
6  182  808
6  188  28,877
6  201  36,319
6  204  522
6  205  219,319
6  214  116,529
6  216  109
6  219  251,470,997
6  220  808
6  222  84
6  227  801
6  229  535
6  235  519
6  241  156
6  246  931
6  247  808
6  248  367
7  9  700
7  20  357
7  29  319
7  30  22,219
7  31  109,727,811
7  32  300,931
7  34  290
7  35  116,519
7  49  216,234
7  50  684
7  56  10,646
7  57  127,519
7  62  502
7  68  28,206,562,820,877
7  70  808
7  71  232
7  79  679
7  85  801
7  86  727,811
7  93  44,469,700
7  101  789
7  103  127
7  105  725
7  135  836
7  138  725
7  142  363
7  146  251
7  153  319,522
7  154  801
7  162  127
7  163  393,870
7  165  808
7  173  522
7  176  621
7  177  140,326,502,802
7  180  319
7  185  502
7  187  44,469
7  189  263
7  195  962
7  202  789
7  210  739
7  212  320,655
7  214  957
7  216  801
7  229  669
7  236  727,811
7  250  802
8  9  127,429
8  11  207,955
8  12  140,470,959
8  17  263
8  21  371
8  29  201
8  30  66
8  31  621,782,801
8  34  140,326
8  40  371
8  46  319
8  47  127,387
8  49  692
8  73  692
8  76  127
8  80  28,877
8  81  409,789
8  85  663
8  88  71
8  89  679
8  90  782
8  93  22,490,717,949
8  96  409,519
8  97  71,962
8  99  733
8  100  127,409
8  103  195,393
8  107  663,835
8  127  367
8  128  319,692
8  131  519
8  133  371
8  134  522
8  136  140,326
8  139  808
8  141  522
8  146  367
8  148  127,369
8  152  289
8  164  727,811
8  179  522
8  198  519
8  206  957
8  209  487
8  212  684
8  219  201
8  221  522,801
8  224  801,877,997
8  226  290
8  246  946
9  5  519
9  6  957
9  7  519
9  12  519
9  14  997
9  16  646
9  17  263
9  19  663
9  21  367,824
9  27  94,820
9  31  700
9  33  165
9  37  487
9  40  289,734
9  45  28
9  49  535
9  50  319,700
9  59  327,671,997
9  66  409
9  72  646
9  77  371
9  82  127
9  87  801
9  88  519
9  93  22
9  95  243
9  119  801
9  123  290
9  143  409
9  147  859
9  151  997
9  155  22,409,621
9  156  192,955
9  159  300,801
9  160  904
9  161  962
9  163  502
9  169  329,936
9  176  692
9  179  319
9  180  411,454,727,811
9  185  109
9  187  700
9  190  357
9  191  367,623,824,846
9  192  579
9  195  669
9  199  409
9  217  470
9  218  519,621
9  219  522
9  220  808
9  222  232
9  223  997
9  227  700,836
9  244  290
9  246  488,621,865
10  3  28,877
10  7  369
10  13  519
10  20  109,997
10  21  579
10  28  725
10  29  579
10  32  195,393,502,519
10  36  519
10  39  84
10  45  22,319
10  58  801
10  59  808
10  61  962
10  64  943
10  66  962
10  76  808
10  80  899
10  86  519
10  89  263
10  92  808
10  93  156
10  96  158,247,835
10  105  427
10  106  234
10  116  393,808,870
10  122  646
10  124  22,28,877
10  135  802
10  139  522
10  156  251
10  164  502
10  167  234
10  174  502
10  180  409
10  183  904
10  188  263,319
10  189  221,522
10  193  962
10  194  899
10  196  739
10  204  116
10  206  216,234
10  211  300
10  225  243,911
10  234  187
10  239  727,811
10  242  519
10  243  522
10  244  725
10  250  663,734
11  6  725
11  8  623,846
11  10  127
11  19  621
11  31  522
11  33  127,801
11  34  127
11  37  997
11  41  28,877
11  42  789
11  46  946
11  47  789
11  48  232,371,692
11  52  319,957
11  53  519,727,811
11  55  663
11  57  808
11  72  234
11  77  502
11  78  127
11  82  367,519,824
11  83  367
11  94  140
11  101  782
11  110  646
11  113  207,319,955
11  115  22,519
11  117  22
11  118  579
11  121  371
11  124  116
11  126  957
11  130  579
11  135  911
11  141  802
11  146  470,579,786
11  147  519,808,904
11  148  367,519,733,824
11  149  621
11  155  130,190,296,422,727,811
11  157  319,991,997
11  158  44,469
11  160  209
11  163  859
11  168  28,319,877
11  169  519
11  171  393,870
11  173  216,234,375
11  180  387,679
11  181  579,786
11  182  371,946
11  185  621
11  192  502,782
11  194  836
11  203  363
11  204  319
11  205  22
11  207  519
11  208  522
11  211  263,684
11  219  375
11  226  835
11  233  801
11  245  519
11  246  579
11  249  877
12  4  393,870
12  9  781
12  12  127
12  13  789
12  18  409
12  24  371
12  31  946
12  36  127,700
12  38  485
12  44  502
12  58  802
12  61  201,553,579
12  64  636
12  65  22
12  74  319,487
12  79  369
12  82  371
12  84  692
12  90  962
12  92  519
12  99  663
12  111  393,870
12  115  782
12  121  289
12  123  367,824
12  129  454
12  132  782,997
12  133  938
12  134  997
12  136  206,562,957
12  137  156
12  139  94,820
12  152  140
12  159  387
12  163  28,877
12  166  684
12  181  575,952
12  184  320,655
12  186  454,722
12  195  753
12  196  367
12  197  319
12  203  789
12  207  127
12  210  109
12  217  621,911
12  219  470
12  232  946
12  239  700
12  240  319
12  241  623
12  243  490
12  245  127,195,393
13  2  427
13  3  263,700
13  5  127
13  11  808
13  12  700
13  19  243,743,801
13  24  722
13  39  290
13  44  369
13  46  957
13  66  28,877
13  69  782
13  74  997
13  76  369
13  78  782
13  81  522
13  84  398
13  85  782
13  92  692
13  98  28,692,877
13  99  943
13  110  522
13  112  522,835
13  113  801
13  114  727,811
13  118  801
13  120  997
13  123  496
13  125  375
13  128  727,811
13  133  519
13  147  427,429,663
13  148  997
13  149  524
13  150  700
13  156  251
13  158  251
13  159  63
13  162  371
13  163  63
13  169  836
13  174  319,357
13  184  140,319
13  194  234
13  196  109,525
13  201  727,811
13  202  454,652,722
13  213  367,535
13  216  496
13  218  743
13  230  943
13  231  234,519
13  233  127,490
13  234  22,717,949
13  235  127
13  237  522,692,725
13  246  700
13  247  663
14  1  943
14  6  562
14  14  319,320,655
14  27  957
14  34  808
14  43  319
14  53  66
14  59  371,487,946
14  61  669
14  65  962
14  66  371
14  67  357
14  69  156
14  70  371
14  71  409
14  73  63
14  79  725
14  80  600,666,884
14  88  127
14  89  575,952
14  93  911
14  94  522
14  95  801
14  101  962
14  102  733
14  108  522
14  112  22,109
14  114  949
14  118  522
14  127  22,369
14  131  733
14  135  22
14  137  244
14  140  500,646
14  141  116
14  142  290,801
14  148  288
14  149  579
14  154  789
14  158  327,600,666,671,884
14  159  367
14  165  371
14  170  470
14  171  646
14  177  646
14  184  522
14  188  835
14  200  801,911
14  202  71,575,952
14  210  824
14  214  525
14  216  621,700,727,811
14  221  357
14  225  156,329,936,997
14  226  725
14  228  562,782
14  233  127,319,429
14  237  207,955
14  242  562,801
14  243  692
14  247  371,943
14  248  733
15  3  15,575,952
15  7  116
15  9  808
15  14  519,727,811
15  23  684
15  25  692
15  30  801
15  34  692
15  37  579,808
15  42  679
15  47  244,263
15  49  28,877
15  53  801
15  67  519
15  72  700
15  73  801
15  76  66,962
15  79  522
15  82  371
15  83  733
15  84  727,811
15  88  808
15  92  116,398,490
15  94  209,646
15  97  429,669
15  101  669
15  104  519
15  113  232
15  115  663
15  117  207,955
15  122  516,596
15  127  219,911
15  128  398
15  131  808
15  137  623
15  156  307
15  159  357,931,997
15  163  36
15  164  991,997
15  165  320,655
15  166  140
15  168  127
15  171  609
15  176  398
15  177  519
15  179  997
15  185  190,296,422
15  186  71
15  192  962
15  194  319
15  201  579
15  209  274,443,673
15  210  855
15  219  375,646
15  225  959
15  239  127,429,782
15  240  997
15  248  97
16  7  487,782
16  8  496,529
16  10  127,525,801
16  14  472
16  15  263
16  18  525
16  20  290
16  21  289
16  22  371
16  27  190,296,422
16  28  427
16  46  802
16  48  943
16  52  44,216,234,469,802
16  56  579
16  64  371,997
16  69  319
16  71  808,835
16  72  120,594,733
16  81  820,904
16  85  943
16  91  427
16  92  243,279,824,859
16  97  753,885
16  116  127
16  119  140
16  121  140
16  128  859
16  137  274,443,673
16  139  470
16  140  367
16  144  650
16  146  375
16  147  243,279,824
16  149  290
16  150  94,251,820
16  152  725
16  156  522,579
16  160  371
16  171  367
16  173  116,135
16  177  367
16  182  959
16  190  801,904
16  199  371
16  203  621
16  204  801
16  205  153,739
16  206  646
16  208  116
16  209  734
16  216  130
16  227  839
16  231  911
16  232  140,519
16  236  470
16  237  398
16  239  962
17  5  195,393,808
17  8  63,216,711
17  12  496
17  16  109,232
17  22  733
17  25  367,522,824
17  37  957
17  39  725
17  44  991,997
17  49  232
17  50  636
17  55  367
17  60  371
17  62  232
17  63  22,663
17  69  516,596
17  72  557
17  74  621,684
17  81  261,300,895
17  83  522
17  85  454
17  87  519
17  94  387
17  99  97,636
17  100  808
17  102  519
17  110  367
17  114  649
17  115  835
17  116  808
17  120  808
17  124  535
17  130  679
17  133  621
17  134  946
17  135  234
17  156  579
17  163  684
17  171  733
17  177  733,946
17  186  692
17  190  700
17  192  859
17  207  808
17  220  429
17  224  946
17  228  22,646
17  230  636
17  232  371,502,835
17  233  727,811
17  241  180,556,809
17  242  692
17  244  427
17  245  519
17  246  357
17  250  156
18  8  519
18  26  22
18  28  206,244
18  29  529
18  40  140,859
18  42  454,722
18  43  808
18  46  525
18  48  398,490
18  57  808
18  64  289
18  68  66
18  77  663
18  80  251
18  102  187,244
18  105  206,727,811
18  110  808
18  112  621
18  120  684
18  126  206,562
18  138  669
18  139  429
18  146  22,135
18  148  801
18  165  646
18  168  808
18  175  290,801
18  176  669
18  181  427
18  194  636,831
18  196  855,931
18  198  127
18  206  263
18  212  357
18  221  904
18  225  997
18  227  234
18  229  753
18  235  300,502
18  236  496
18  242  319
18  243  522
18  245  835
18  246  398
19  3  52,621
19  5  201,553,579
19  13  319
19  16  522
19  23  243
19  25  398
19  30  650
19  31  496
19  48  801
19  55  943
19  56  307,679
19  62  371
19  63  502,646
19  79  931
19  80  801
19  88  429
19  95  700
19  96  371,411,454
19  106  692
19  108  116
19  114  130
19  118  931
19  127  627
19  129  684
19  134  116
19  143  22
19  148  562,938
19  150  500
19  152  263
19  153  216,727,811
19  176  859
19  186  320,655
19  187  127,429
19  200  700
19  201  496
19  204  700
19  205  411,454
19  208  801
19  209  84
19  213  472
19  217  190,296,422,525
19  218  553
19  219  116
19  228  367
19  232  721,846
19  234  808
19  235  808
19  236  251,562
19  239  130
19  246  904
19  247  782
19  250  10
20  5  519,669
20  6  216,234
20  11  839
20  12  367
20  14  244
20  18  371
20  19  553,700
20  21  398
20  24  721,846
20  25  519
20  27  29
20  31  190,296,422
20  35  496
20  39  369
20  41  263
20  45  153
20  52  911
20  56  209
20  66  263
20  71  519
20  74  743,802
20  80  609
20  81  116,371
20  89  63
20  107  727,811
20  122  319
20  123  725
20  125  782
20  128  329,936
20  135  120,594
20  136  63,519
20  139  289
20  140  369
20  143  782
20  148  429
20  152  207,955
20  155  29,525
20  157  727,811
20  158  562
20  160  319
20  164  496
20  167  529,959
20  168  727,811,946
20  169  801
20  172  274,443,673
20  175  692
20  183  289,692
20  189  957
20  193  201,553,579
20  194  600,666,727,811,884
20  197  519
20  199  140,326,357
20  201  307
20  203  982
20  212  904
20  220  367
20  221  929
20  222  808
20  223  684
20  233  808
20  237  116
20  250  488,865
21  4  679
21  5  835
21  13  562
21  14  684
21  20  684
21  23  319
21  24  398,801
21  38  375,522
21  39  243,635
21  42  36
21  49  684
21  52  500,627
21  56  487
21  64  140
21  67  835,904
21  69  251
21  70  289
21  72  500
21  75  957
21  79  232
21  80  198,470,557,820
21  93  502
21  94  646
21  103  519,808
21  107  957
21  108  290
21  114  808
21  115  692
21  120  289
21  130  553
21  133  802
21  139  371
21  148  187
21  157  22
21  160  727,811
21  165  289,609
21  168  496
21  171  198,820,943
21  172  931
21  179  487
21  183  140,398
21  187  327,671
21  189  575,952
21  190  490
21  197  116,289
21  203  802
21  211  243
21  217  957
21  233  496
21  235  429
21  248  243,319
21  250  734,802
22  1  946
22  10  319,409
22  12  835
22  13  243,279,824,982
22  21  94,820
22  23  496
22  26  221
22  31  232
22  35  94,820
22  38  470
22  39  427
22  41  579
22  50  727,811
22  58  153
22  62  232
22  69  201,553,579
22  75  216,234
22  76  288
22  77  300
22  87  187,835
22  89  52
22  90  669
22  91  692
22  93  251
22  98  398
22  103  429
22  115  398
22  125  22
22  126  209
22  128  522
22  134  782
22  136  216,234
22  138  753
22  141  393,870,911
22  142  725
22  143  357
22  151  519,684
22  152  232
22  155  371
22  158  689,911
22  162  263
22  175  725
22  177  127
22  180  360,371,754
22  181  371
22  184  516,596
22  192  36,156,669
22  193  669
22  197  496
22  205  216,357,387
22  207  429
22  211  165,779
22  212  911
22  215  700
22  220  429
22  228  962
22  230  371,982
22  233  781
22  235  684
22  248  727,811
23  12  94,429,820
23  21  579
23  22  97
23  30  782
23  33  808
23  40  762
23  41  263
23  46  369
23  50  663
23  55  836
23  65  201,553,579
23  67  727,811
23  71  801,839
23  72  52
23  79  22
23  80  700,982
23  84  454,487
23  85  700
23  94  207,610,955
23  95  363
23  103  371,904
23  104  127,429
23  108  429,470
23  109  127
23  110  116
23  131  97
23  133  187
23  137  782
23  138  727,811
23  140  669
23  141  579,786
23  142  621
23  145  470,490
23  150  15
23  156  116
23  162  801
23  165  198,820
23  171  997
23  177  911
23  179  522,684
23  182  877
23  187  781
23  190  775,846,991
23  201  244
23  203  411,454
23  204  127,429
23  216  398
23  217  216,234
23  228  490
23  242  369,496
23  243  116
23  246  29
23  248  733
23  249  207,663,955
24  2  820
24  4  320,655
24  8  15,130
24  9  127,429
24  11  232
24  13  727,811
24  17  801
24  35  911
24  36  15
24  37  734
24  39  206
24  45  204,496,557
24  46  946
24  47  429
24  58  679
24  62  409
24  64  684
24  65  669,782
24  74  357,734
24  77  289
24  79  959
24  94  232,360,367
24  98  263
24  104  781
24  105  166,245,320
24  106  859
24  110  371
24  111  156
24  113  251,700
24  117  232
24  120  140
24  122  329,936
24  139  320,655
24  140  243
24  143  371
24  146  502
24  148  775,846,991
24  151  243,279,824
24  167  120,594
24  169  700
24  170  36
24  179  684
24  180  209
24  181  166,245,320
24  185  116
24  194  496
24  197  733
24  199  904
24  210  575,952
24  214  904
24  218  393,521,870
24  219  251
24  227  120,594
24  233  369
24  234  429
24  242  398
24  248  97,575,952
24  250  763
25  7  195,393
25  9  263
25  16  116,519,621
25  20  621
25  21  140
25  22  289
25  28  166,245,320
25  29  727,811
25  30  700
25  34  398
25  47  371
25  49  263
25  55  234
25  58  204,216,711
25  67  775,846,991
25  70  140,646
25  74  553
25  81  387
25  87  700
25  90  931
25  91  398
25  92  429
25  95  22
25  96  839
25  100  371
25  104  369
25  106  997
25  122  579
25  129  84
25  134  300
25  149  307
25  154  700
25  155  496
25  163  263
25  165  623,846
25  168  911
25  169  127
25  172  84
25  173  165
25  174  727,811
25  184  579,646
25  188  839
25  189  929
25  197  244
25  203  502
25  205  109
25  207  371
25  208  487
25  212  627
25  214  775,846,991
25  216  487
25  217  375
25  218  877
25  222  130,802
25  225  801
25  235  371
25  239  669
25  247  244,525
25  249  232
26  1  263
26  7  206,562,579,734
26  11  429
26  19  15
26  20  190,296,422
26  22  140
26  24  938
26  28  496
26  32  127
26  38  195,393,490
26  45  429
26  46  234,496
26  49  801
26  58  911
26  59  289,689
26  60  575,952
26  62  371
26  64  496
26  68  15
26  71  371
26  73  997
26  74  623,846
26  76  669
26  77  959
26  84  454
26  87  700,839
26  91  15,519,859
26  95  808
26  96  387,721,846
26  99  209
26  100  429
26  102  808
26  103  22
26  109  470
26  114  753
26  115  859
26  124  982
26  128  66
26  129  621,782
26  136  500
26  141  63
26  143  663
26  145  650
26  156  859
26  171  146,527
26  172  409
26  174  496
26  176  753
26  177  522
26  186  244
26  187  369
26  194  130
26  204  781
26  208  663
26  210  244
26  212  775,846,991
26  224  15
26  232  369
26  237  232
26  238  66
26  240  398,496
26  241  646
26  242  288
26  249  943
27  10  371,727,808,811
27  14  496
27  15  575,943
27  20  725
27  34  116
27  37  10
27  45  929
27  62  519
27  67  496
27  73  398
27  76  429,753
27  79  782
27  81  300
27  84  127,429,496
27  91  206,835
27  111  234,251,579,786
27  116  429
27  124  263
27  127  288,733
27  128  22
27  143  375
27  150  367
27  153  22,409,717,949
27  163  575,952
27  164  982
27  201  360,734,754
27  203  500
27  208  519,943
27  209  496
27  214  663
27  221  502
27  223  187
27  227  319
27  230  813
27  232  243
28  1  575,952
28  19  320,655
28  21  187,307
28  28  130
28  29  307,496
28  34  94,429,820
28  35  470
28  47  952
28  49  398
28  57  429
28  63  562,692
28  64  623,846
28  71  938
28  80  835
28  95  621
28  96  801
28  110  140
28  112  190,296
28  113  959
28  124  472,782
28  126  398
28  141  94,820
28  143  721,846
28  144  84
28  145  375,579
28  157  375
28  158  261,895
28  164  502,813
28  167  289
28  168  627
28  179  116,219
28  181  621
28  192  753,962
28  199  801
28  200  195,393,904
28  204  369
28  206  575,952
28  207  522
28  208  319
28  209  557
28  220  859
28  222  429,911
28  227  15,636,831
28  228  109
28  231  127,636,831
28  232  877
28  245  700,808
29  2  206
29  4  621
29  11  284
29  14  130
29  15  116,801
29  16  320,655
29  18  454
29  26  487
29  29  130
29  38  409
29  39  166,245
29  42  627
29  48  519
29  49  472
29  51  216,522
29  56  519
29  62  375
29  63  454
29  66  201,553,575,579,952
29  72  97
29  73  700,997
29  77  943
29  79  253,369
29  83  116
29  84  734,781,859
29  89  997
29  97  367
29  107  943
29  110  733
29  111  652
29  118  307
29  121  516,596
29  122  496
29  125  153
29  126  15,251
29  128  116
29  145  187,679
29  161  669
29  164  36,636,991,997
29  165  156
29  177  627
29  178  865
29  180  221
29  182  289
29  196  97,615
29  197  367,490
29  203  387
29  205  22,717,949
29  206  733
29  221  116
29  222  62
29  223  623,846
29  225  779
29  226  427
29  232  621,938
29  233  130,871,888
29  235  116
29  240  684
29  242  516,711
29  250  911
30  1  636,877
30  2  10
30  6  427
30  8  997
30  10  429,808
30  11  371,519
30  12  97
30  19  244,943
30  20  427
30  23  130
30  26  782
30  31  116
30  34  371
30  35  127,627,982
30  36  429,808
30  37  689
30  41  307
30  48  636
30  50  496,931,943
30  53  367,496
30  55  733
30  61  753
30  66  721,846
30  74  216,711
30  77  140
30  81  94,820
30  82  127
30  83  22,94,820
30  85  36,636
30  88  487
30  90  753
30  103  692,808
30  109  429
30  123  130
30  126  525,557
30  133  911
30  137  62,621
30  155  130
30  157  502,646,811
30  158  646
30  161  753
30  162  429
30  171  198,636,764
30  176  367
30  177  369
30  179  679
30  180  929
30  186  859
30  188  52
30  192  557
30  194  609
30  197  140
30  198  808
30  200  15
30  203  36,911
30  208  835
30  213  733,943
30  216  15
30  218  808
30  220  733
30  225  251
30  237  859
30  241  411,454
30  250  10
31  4  244
31  5  429
31  6  500
31  7  839
31  9  808
31  10  700
31  11  277
31  18  621
31  20  206,623,846
31  30  15,84,692
31  33  289
31  36  371
31  37  488,865
31  46  288
31  51  525
31  52  496,689
31  56  127,733
31  58  130
31  59  140
31  65  753
31  73  700
31  77  636,991,997
31  84  22
31  101  521,753
31  108  627
31  109  371,808
31  119  700
31  123  206,487
31  124  94,820
31  125  204
31  126  652
31  131  808
31  132  187
31  137  859
31  142  427
31  148  839
31  152  427
31  153  371,943
31  155  234
31  156  652
31  157  135
31  159  15
31  165  140
31  166  127
31  167  636,831
31  168  877
31  169  808
31  172  62
31  173  320,655
31  175  398,427
31  177  779
31  178  284
31  180  130,500
31  182  140
31  187  871,888
31  189  52
31  194  797
31  199  938
31  200  496
31  201  130
31  205  615
31  206  97
31  212  623
31  213  116
31  215  470
31  227  797
31  241  610
32  13  496
32  17  387
32  18  801
32  22  393,870
32  24  530,531,621
32  35  808
32  36  28,140
32  43  371,727,811
32  46  797
32  49  519
32  52  959
32  53  130
32  55  811
32  58  209
32  64  216,579,711,786
32  71  530,531,621
32  76  367
32  80  839
32  84  130
32  85  782
32  93  689
32  95  15,28,896
32  103  398,429
32  104  839
32  108  360,754
32  109  982
32  112  502,839
32  118  15,116,490,519
32  124  775,846,991
32  126  216,234,859
32  132  557
32  133  243,279,824
32  137  743
32  141  997
32  142  206
32  146  97
32  152  206
32  153  721,846
32  154  327,671
32  155  782
32  167  663
32  175  367,824,859
32  177  288
32  179  623,846
32  186  885
32  189  216,234
32  192  623
32  197  97,429
32  205  360,754
32  208  727,811
32  210  52,615,931
32  228  204,669
32  232  36,530,531,621
32  237  207,955
32  239  753
32  240  859
32  245  429
32  248  496
33  9  429,575,952
33  13  22
33  15  232
33  16  94,244,273,820
33  19  636
33  22  63
33  31  15,877,962
33  33  140
33  37  429
33  46  500,782
33  50  216,711
33  61  367
33  62  135
33  65  367
33  66  669
33  69  579,669
33  75  500
33  80  198,263,764
33  84  369
33  87  15
33  99  487
33  102  429
33  105  130
33  106  22,797
33  109  813
33  114  367
33  115  636
33  120  743
33  121  579
33  122  307
33  125  929
33  134  623,846
33  138  367,496
33  154  454,722
33  156  943
33  158  652
33  159  727,811,957
33  167  562,711,786
33  175  525
33  177  244
33  179  496
33  184  496
33  185  71
33  195  367
33  198  429
33  214  66,500
33  216  496
33  217  135,500
33  227  496
33  230  946
33  231  808
33  232  288,877
33  235  216,711,959
33  236  579
33  238  579
33  246  398
33  247  116
34  5  371,839
34  7  307
34  10  429
34  12  371
34  18  938
34  21  100,239
34  22  997
34  32  500,808
34  35  429
34  43  289,727,811
34  44  422
34  48  684,938
34  52  997
34  65  950,959,983
34  68  575,952
34  70  959
34  81  198,764
34  84  782
34  87  490
34  94  116
34  97  371
34  109  244
34  110  94,820
34  114  429,460
34  115  839
34  116  371,429
34  119  15,646
34  120  734
34  122  97
34  128  496
34  130  663
34  131  371
34  133  627
34  138  130
34  140  97,753
34  142  524
34  143  943
34  147  962
34  151  251,835
34  157  135
34  159  371
34  160  496
34  162  938
34  167  797
34  170  982
34  172  371
34  173  500
34  176  621
34  177  97
34  179  130
34  181  52
34  185  29,525
34  189  116,741
34  203  627,885
34  204  871,888
34  207  371
34  208  839
34  209  931
34  212  216,711
34  214  899
34  215  375
34  228  190,296,422,753,929
34  234  371
34  235  165
34  237  232
34  239  367
34  240  623,846
34  243  116
34  247  289,454
35  4  206,562,679
35  6  779
35  10  15
35  15  15,490
35  17  679,700
35  25  835
35  26  929
35  29  496
35  33  429
35  34  398
35  35  371
35  36  100,239,371,946
35  39  422
35  40  962
35  43  140,496
35  47  52
35  48  300
35  49  474,644
35  50  15,130
35  55  36
35  62  502
35  72  797
35  74  911
35  79  94,820
35  98  411,454
35  101  367
35  103  502,689,859
35  124  52,813
35  125  502
35  126  522
35  128  502,859
35  139  470
35  143  579
35  145  243,502
35  146  251
35  148  97
35  153  116,130
35  154  689
35  158  146,527,627
35  165  100,239
35  166  721,808,846
35  175  71,700
35  176  950,983
35  185  454
35  187  369
35  197  371,525
35  199  153
35  205  496,904
35  208  367,496,824
35  226  206,997
35  227  130
35  237  94,820
35  239  871,888
35  242  700,859
35  246  763
36  13  71,929
36  15  94,820
36  17  575,621,952
36  18  29
36  33  100,239
36  34  243
36  40  116
36  42  71
36  48  530,531,621
36  49  15
36  55  140,326,636,797
36  56  734
36  59  734
36  63  579
36  66  753
36  76  371
36  77  307
36  82  140,808
36  94  97
36  114  689
36  123  734
36  125  962
36  126  500
36  131  429
36  136  997
36  139  244
36  140  367
36  145  28,557,896
36  149  997
36  155  797
36  156  307
36  158  97,959
36  159  496
36  165  97
36  166  801
36  168  371
36  174  904,991,997
36  179  209
36  184  307
36  190  15
36  192  367
36  195  839,950,983
36  197  130
36  198  243
36  207  116
36  210  521
36  225  700
36  230  289
36  236  187
36  245  781
36  247  94,140,820,962
37  2  20,741
37  5  839
37  7  288
37  12  15
37  14  839
37  20  904
37  21  859
37  27  360,754
37  38  371
37  48  187
37  52  130
37  56  808
37  58  627
37  64  621
37  66  367
37  70  496,943
37  71  187
37  74  904
37  86  496
37  94  519
37  96  422
37  100  371,562
37  110  770
37  113  52
37  116  371
37  130  289,943
37  146  367,824
37  153  94,820
37  154  15,71
37  157  367
37  159  130,775,846,991
37  161  367
37  162  371
37  164  36
37  166  684
37  168  130
37  170  813
37  172  664,721,846
37  175  15
37  184  244
37  187  959
37  188  496
37  199  946
37  200  130
37  205  929
37  207  801
37  208  130,734
37  215  369
37  216  130
37  218  855
37  224  684
37  225  15,28,896
37  228  733
37  229  367,824
37  230  140
37  236  557
37  237  519
37  241  36,387
37  249  636
38  2  519
38  13  130,502
38  17  15
38  29  130,663
38  30  243,635
38  31  94,519,820
38  34  166,245,320
38  35  130
38  36  371
38  37  216,234,307,779
38  38  130,700
38  50  563,959
38  56  143,488,865,997
38  62  721,846
38  64  877
38  66  52,734
38  69  727,811
38  77  221
38  78  429
38  80  251
38  86  835
38  88  885
38  93  15,500
38  95  371
38  96  938
38  97  950,983
38  103  959
38  113  15,652
38  118  946
38  121  100,239
38  130  140,307
38  144  355,747
38  156  636
38  157  733
38  162  187,562
38  166  429,700
38  167  899
38  169  429
38  174  997
38  179  22
38  183  66,100,239
38  205  130
38  206  52,500
38  207  94,820,938
38  216  700
38  217  29,454,627
38  219  97
38  221  15
38  223  216,711
38  224  623,846
38  237  519
38  245  839
39  5  140
39  9  371
39  12  135,610
39  17  15,209
39  20  29
39  25  116,839
39  29  251
39  34  859
39  41  575,952
39  42  209,885
39  43  100,239
39  48  165
39  55  307
39  56  500
39  57  371,429
39  67  371
39  69  496
39  77  165
39  83  502
39  90  367
39  93  959
39  98  387
39  102  243,279,824
39  113  454,496
39  120  553
39  131  371
39  134  216,711
39  135  320,655
39  141  627
39  143  904
39  144  243,635
39  151  652
39  157  496
39  161  950,983
39  163  997
39  167  140
39  169  15
39  170  36
39  171  97
39  174  36
39  175  885
39  178  877
39  179  502
39  196  243
39  207  530,531,621
39  208  636
39  215  135
39  216  15,130
39  218  621
39  226  166,245,320
39  231  288,797
39  240  216,243,711,824,931
39  244  206
39  245  369
39  250  899
40  10  721,846
40  18  500
40  22  877
40  37  371
40  38  15
40  40  94,820
40  43  130
40  49  500,859
40  53  700,733
40  59  877
40  61  950,983
40  63  307,636
40  64  959
40  67  839
40  68  52,931
40  69  307,367
40  70  130
40  77  36
40  79  782
40  80  52
40  96  165
40  98  52
40  102  371
40  106  502
40  107  496,500,636
40  109  371
40  111  621
40  128  130
40  135  627
40  138  206
40  143  636,775,846,991
40  145  209
40  147  636
40  150  733
40  152  52
40  153  636
40  154  959
40  155  959
40  157  97,130
40  160  721,846
40  166  15
40  173  244
40  178  742
40  188  130
40  193  877
40  194  146,527
40  195  15
40  202  959
40  213  94,636,820
40  215  253,369
40  223  557
40  228  97,950,983
40  234  557
40  235  66
40  236  135,652
40  241  360,754
40  243  859
40  248  130
40  250  763
