1  3  419
1  7  97,303,728
1  11  120,594
1  19  500
1  32  251
1  33  946
1  37  929
1  41  419,728
1  43  519,627
1  47  409
1  57  636,831
1  58  298,974
1  59  785
1  62  156
1  66  97,434,507,663
1  68  303,728
1  74  609,839,916
1  76  216
1  79  374,496
1  92  419
1  97  127,553
1  105  271
1  107  500,730
1  122  943
1  125  232,500
1  138  535
1  147  398
1  148  303,636,728,831
1  165  97
1  167  97
1  171  609,730,839,916
1  175  519
1  177  865
1  180  243
1  182  209
1  183  109
1  185  97,244
1  193  846,991
1  195  216,303,728
1  201  109
1  202  730,946
1  207  516,711
1  212  500
1  215  500,946
1  222  28,877
1  228  775,846,991
1  234  865
1  246  663
1  250  579
1  251  253,369,553,664
1  252  29
1  263  779
1  265  753
1  269  28,519,877
1  270  28,877
1  275  434,507
1  278  237,663
1  279  535
1  287  519
1  296  36,663
1  297  303
1  300  429
1  303  763
1  305  109,459
1  306  237,525
1  307  375,742
1  309  237
1  310  535
1  335  243,279,824
1  339  738,813
1  344  120,594,775,846
1  350  340,579,636,831
1  354  519
1  372  779
1  380  789
1  391  836
1  393  808
1  396  251,500,522
1  400  781
1  404  28,779
1  413  130,166,245,730
1  417  397
1  423  943
1  424  219,500
1  428  109,946
1  431  109,216
1  432  500
1  434  28,298,877
1  438  288,459
1  455  36
1  456  553
1  464  459
1  473  303,728,779
1  476  298
1  485  165
1  486  789
1  488  459
1  493  663
2  1  237
2  13  742
2  18  375,519,652
2  21  575,952
2  26  243,459
2  29  434,507
2  33  288,877
2  34  730
2  35  36,763
2  37  636,831
2  49  29
2  55  216
2  58  524
2  66  884
2  68  439
2  71  109
2  74  500
2  75  44,459,469
2  104  419
2  107  498,500,525
2  108  127,156
2  112  553
2  122  36
2  138  636,831
2  145  298,836
2  147  216,684
2  150  156,500
2  156  237
2  158  636,717,831,949
2  162  271,500
2  165  243,279,824
2  169  730
2  181  216,538,978
2  185  303,728
2  203  237
2  217  535
2  220  779
2  227  271
2  230  146,527,575,952
2  246  946
2  248  109
2  249  623
2  250  553
2  263  216
2  274  779
2  276  535
2  278  243,419
2  282  779
2  287  261,851
2  295  109,375
2  298  307
2  303  398
2  323  419
2  332  271,525
2  334  165
2  341  237
2  343  303,419,728
2  345  419
2  364  97
2  369  165
2  373  216,219,417,500
2  377  156
2  384  738
2  389  636,831
2  390  303,500,728
2  392  66
2  394  562,636,831
2  397  623
2  407  398,592
2  421  209,397
2  426  432
2  449  781
2  453  417,419
2  454  29,663
2  465  579,786
2  475  109
2  481  216,516,711
2  492  663
2  494  397
2  499  303
3  6  340,728
3  12  29
3  15  524
3  22  738
3  23  109
3  25  730
3  29  652
3  31  216,553
3  39  730
3  43  206,562
3  55  417
3  58  369
3  67  779
3  78  109,427
3  87  165,237,652
3  89  859
3  92  500
3  94  779
3  96  29
3  112  459
3  116  525,775,846,991
3  119  434,507
3  131  524
3  133  553,592
3  135  397
3  147  29
3  149  298
3  151  739
3  154  500,763
3  164  789
3  175  500
3  181  553
3  185  439
3  186  553
3  190  519
3  191  500
3  193  502,859
3  199  94,820
3  201  649
3  203  500,642,859
3  212  454
3  217  579,820
3  219  29,146,527
3  223  519,730
3  224  609,839,916
3  234  843
3  241  109,243,635
3  256  763
3  263  535
3  279  417
3  282  500
3  283  166,245,320
3  286  298
3  299  738,763
3  306  642
3  310  500
3  315  29
3  326  500
3  338  261,472,808,895
3  343  770
3  360  949
3  361  419
3  377  209,432,904
3  383  216,397
3  389  375
3  399  487
3  408  439,472
3  415  244
3  420  109
3  430  419
3  432  454
3  439  251,522,652
3  466  28,779
3  470  500,730
3  473  730,789,908
3  478  94,820
3  480  763
3  486  84
3  488  738
3  493  500,535
3  494  28,500,877
3  495  216,298
4  7  156,209
4  8  209
4  18  22
4  27  496
4  28  28,209,525
4  37  908
4  46  519
4  66  28
4  75  397
4  93  84
4  99  535
4  103  22
4  106  109
4  108  237
4  122  298,419,663
4  125  621
4  126  636,831
4  128  237
4  137  472
4  141  865
4  149  28,649,877
4  152  29,439
4  157  519
4  163  397
4  164  730
4  173  432,519
4  176  243
4  189  820
4  194  500,553
4  195  206,562
4  198  836,908
4  214  459
4  237  109,411,454
4  246  307
4  247  434,507,609,839
4  256  730
4  266  22
4  268  209,779
4  275  535
4  289  730
4  292  429
4  295  135
4  299  738
4  303  271
4  304  472
4  306  500
4  328  579
4  333  636,831
4  339  109,371
4  341  496
4  342  432
4  354  738
4  368  156,500
4  372  572
4  373  271
4  376  500
4  385  374,763
4  388  243,279,763,824
4  408  500,519
4  416  730
4  417  244,397
4  419  29,156
4  430  32,727
4  432  166,245,320,500
4  437  97
4  440  221,500
4  441  303,664,728
4  447  733,779
4  456  419,432
4  460  717,949
4  465  530,531,621
4  466  29,865
4  467  97,763
4  470  156,375
4  472  29
4  486  521
4  487  636,831
5  2  519,579,786
5  10  738
5  11  623
5  12  216
5  29  460,535
5  33  419
5  42  472
5  52  500
5  62  500
5  64  298
5  71  519
5  73  949
5  76  22,717,949
5  81  209
5  84  500,738
5  86  946
5  87  432,500,859
5  104  419
5  109  636,831
5  110  779
5  111  946
5  118  763
5  120  664
5  122  156,649
5  124  251,522,859
5  129  525
5  136  219
5  139  553
5  148  109
5  149  303,728
5  153  562,770
5  157  763
5  161  237
5  164  84
5  168  500
5  174  500
5  175  519
5  178  535,592
5  183  109
5  195  943
5  201  29
5  208  763
5  223  109,206,562
5  229  429
5  233  627
5  234  261,895
5  235  500,519
5  237  409,808
5  244  730
5  246  663
5  251  156,209,432
5  260  530,531,621
5  265  367
5  266  782
5  272  28,340,417,877
5  281  243,730
5  285  29,216,244,375
5  287  717,949
5  294  307,496
5  296  500
5  307  174,801
5  311  684
5  332  216
5  336  298
5  343  84
5  344  496
5  347  592
5  355  36,253,298,369
5  362  636,831
5  374  97
5  375  519
5  380  109,271
5  383  36,417
5  386  411,454,779
5  388  562
5  396  525
5  420  904
5  424  663,779
5  425  94,219,820
5  434  649
5  436  500,519
5  447  439
5  450  216,663
5  461  496
5  463  575,952
5  477  340
5  482  553
5  484  487,738
5  485  519
5  490  519
6  7  519
6  8  243
6  16  28,742,877
6  18  375,782
6  22  271
6  28  419
6  33  524,609,839,916
6  37  216
6  49  127,763,765
6  59  340
6  70  419
6  73  251
6  76  100,239,500
6  80  100,239,500
6  82  22
6  85  636,831
6  89  409,636,650,831
6  98  22
6  105  664
6  111  243,279,824
6  116  779
6  123  156,417
6  127  779
6  137  156,519
6  138  298,982
6  141  738
6  142  519
6  143  298
6  147  779,931
6  153  243
6  165  419
6  167  187
6  177  579
6  183  621
6  184  109
6  195  779
6  196  109,243
6  210  627
6  211  109
6  215  562
6  216  946
6  223  942
6  229  684
6  234  663
6  235  649
6  248  190,296,422
6  258  298
6  261  254,808
6  284  232
6  297  535
6  299  232
6  306  232,664,942
6  315  525,562
6  327  156,243,303,728
6  328  146,527,592
6  329  166,245,320
6  331  109,562
6  344  216
6  346  535
6  348  371,579
6  352  84
6  361  397
6  363  496
6  368  742
6  369  496
6  387  29,303,728
6  392  474,644
6  393  684
6  400  206,369,562
6  403  216,516,711
6  420  371,855
6  425  29,692
6  426  865
6  427  460
6  430  319
6  433  516,579,711
6  434  417
6  453  730
6  457  387
6  460  251
6  461  432
6  464  949
6  469  524
6  473  375,609,839,916
6  480  730
6  486  779
6  488  434,507,820
6  490  300
6  493  572
6  497  251,324,738
7  3  288
7  16  243
7  19  109,609,839,916
7  21  519
7  23  742
7  24  519,621
7  29  535
7  37  663
7  51  908
7  52  216,664
7  54  271
7  66  251,522
7  67  237
7  70  500
7  72  261,895,908
7  74  738
7  81  770
7  83  525
7  91  974
7  93  340
7  97  500
7  100  109,244,859
7  103  782
7  108  836
7  117  127
7  128  298,500,525
7  138  166,245,320,419
7  142  206,516,562,711
7  143  36
7  150  254
7  156  190,358,725
7  157  627
7  161  44,469
7  168  216,725
7  171  610,627
7  173  216,234,524
7  190  206,562,946
7  202  251
7  203  459
7  222  207,609,839,916
7  240  535
7  248  553
7  253  636,831,982
7  255  763,779
7  260  165
7  275  500
7  284  742
7  291  730
7  298  535,908
7  300  371,820
7  303  417
7  305  156
7  309  29
7  311  502
7  312  763
7  320  500
7  323  331,961
7  331  153
7  349  190,358,725
7  350  237
7  351  664,949
7  352  967
7  356  97
7  358  553
7  365  592
7  382  609,839,916
7  399  642
7  403  165,487,779
7  423  271
7  424  419,692
7  449  190,358,369,725
7  452  109,307
7  465  36
7  468  997
7  483  397,946
7  494  44,469
7  495  156
7  496  519
8  1  94,516,711,820
8  2  621
8  3  32,251,522,727
8  4  519
8  13  209
8  14  375
8  19  190,296,422
8  20  779
8  29  609,839,916
8  30  763
8  42  609,839,916
8  58  487,579
8  59  728
8  62  429,663
8  68  579
8  69  472
8  71  195,393
8  74  500
8  79  44,469
8  81  535
8  82  459,859
8  87  454
8  91  562
8  97  553,652
8  98  500
8  101  120,594
8  107  500
8  109  763
8  113  664
8  116  298
8  142  63
8  147  243
8  153  397
8  157  562,649
8  159  397
8  163  216,879
8  165  727
8  168  237
8  169  209,738
8  172  763
8  173  610
8  175  500
8  177  843
8  179  419
8  183  553
8  184  190,296,422,781
8  199  303,728
8  209  303,728
8  220  109
8  234  237
8  238  397,516,711
8  243  781
8  245  738
8  247  519
8  257  237,419,519
8  261  500,504,524,525
8  263  782,982
8  266  340
8  279  303,728
8  284  84,216
8  291  397
8  296  237,251
8  304  519
8  311  303,728
8  320  743
8  324  427
8  326  232
8  328  664
8  333  946
8  340  439
8  341  524,579,786
8  344  739
8  345  303,371
8  349  538,739,779,978
8  368  109,621
8  373  692
8  377  216,234
8  381  908,974
8  385  432
8  386  303,728
8  401  908
8  407  439
8  408  244,538,978
8  410  579
8  435  908
8  451  271,519
8  459  500
8  493  454
9  17  209,261,851,908
9  24  206,562
9  29  738
9  30  663
9  32  459
9  35  439
9  38  156
9  54  298
9  59  237,535,663
9  61  36,781
9  66  397
9  67  298
9  73  623,846
9  75  609,839,916
9  84  303,728
9  88  271
9  90  375
9  97  254,500
9  115  500
9  116  649
9  120  459
9  131  166,320,375,419
9  133  109,553
9  136  692,730
9  143  836
9  147  470,636,831
9  154  562
9  174  216,738
9  177  298,929
9  180  109
9  189  190,271,296,422
9  190  84,877
9  195  516,711
9  196  251,522
9  200  419
9  204  519
9  207  432
9  210  303,728
9  212  340,496,949
9  217  209
9  228  739
9  231  417,460,500
9  235  127
9  237  165
9  245  535,579
9  246  877
9  247  2
9  248  730
9  255  730
9  259  432
9  261  209,785
9  264  460
9  276  261,650,895
9  277  375,397
9  279  967
9  281  519,982
9  296  974
9  299  562
9  304  206,562
9  313  417
9  321  535
9  322  429
9  339  120,594
9  341  109
9  361  627
9  367  429
9  375  206,562
9  389  652
9  390  261,895
9  392  52,419
9  393  623,846
9  394  500
9  396  739,974
9  403  216,734
9  417  636,831
9  422  156
9  439  261,895
9  440  244
9  444  763
9  447  974
9  472  623
9  477  579,786
9  492  636,831,929
9  494  307
9  499  519
10  4  243,824
10  13  156
10  17  808
10  19  459
10  22  36
10  24  327,671
10  30  374
10  32  254,949
10  39  156
10  42  738
10  45  94,553,820
10  49  562,789
10  59  127
10  62  664
10  63  519,742
10  64  109,237
10  65  22
10  76  553
10  78  166
10  95  216
10  97  459,500
10  98  215
10  103  237
10  112  303,728
10  117  529
10  118  562
10  127  929
10  128  575,642,779,952
10  133  84,615
10  139  298
10  143  730
10  156  237
10  164  237
10  166  340
10  168  427
10  172  519
10  175  417
10  182  684
10  184  789
10  192  730
10  195  109
10  210  439,529,730
10  212  789
10  229  500
10  234  579
10  238  879
10  240  730
10  247  836
10  250  36
10  252  763
10  254  232
10  260  187
10  265  209
10  270  946
10  271  261,271,895
10  274  156
10  277  100,239
10  288  419
10  291  303,728
10  293  411,454,519
10  302  84,579,786
10  306  319
10  311  459
10  315  153,500
10  333  500
10  351  535
10  359  946
10  361  572
10  363  664
10  368  62,562
10  370  22
10  382  459
10  385  216,234
10  386  652
10  388  28,609,839,916
10  392  563
10  393  187,439,663
10  399  734
10  403  10
10  404  201
10  412  663
10  416  97
10  421  519
10  423  109
10  425  500
10  436  94,609,820,839
10  438  460
10  453  652
10  455  303,728
10  456  32
10  458  29
10  460  62,156
10  469  251,522
10  474  243,340,949
10  479  535
10  481  303,728,763
10  486  171,843
10  492  500
11  4  609,839,916
11  6  109
11  21  52
11  30  324
11  31  789
11  32  303,728
11  34  29
11  36  496
11  45  340,419
11  50  946
11  61  271
11  68  303,728
11  79  327,646,671
11  81  320,627
11  82  636,782,831
11  84  2,650,865
11  98  271
11  101  636,831
11  109  439,562
11  127  216
11  131  84,738
11  143  498
11  151  460
11  158  84
11  160  237,738
11  172  562
11  174  779
11  186  663
11  189  94,820
11  191  525
11  192  298
11  202  28
11  205  187,298,419
11  207  524,779
11  208  298,432
11  216  877
11  226  530,531,621
11  234  895
11  240  524
11  244  206,562
11  256  519
11  257  97
11  259  535
11  265  303,728
11  266  859
11  267  44,469
11  278  946
11  279  254
11  281  519
11  290  738
11  298  967
11  303  562
11  309  459
11  313  156,562
11  320  535
11  325  97
11  336  271,649
11  349  109,652
11  373  779
11  378  243
11  387  298
11  403  419,432,500
11  433  600,666,884
11  434  244
11  438  609,839,916
11  439  146,527
11  445  209
11  456  32,727
11  459  519
11  464  127
11  470  663
11  476  251,419,522
11  477  496,730
11  479  251,522
11  482  298
11  483  879
11  485  609,839,916
11  486  535
11  487  500
11  492  127
11  494  859
11  495  206,562
11  496  636,779,831
12  3  730
12  5  763
12  8  454
12  20  500
12  21  206,562
12  22  2,650
12  23  254
12  25  730
12  32  946
12  33  22,216,432,717
12  35  562,865
12  41  553
12  53  763,949
12  54  375
12  79  742
12  88  500
12  102  303,728
12  104  535
12  105  429
12  106  664
12  114  271,730
12  120  763
12  121  535
12  122  156
12  123  251
12  124  488,779,865
12  127  156
12  128  649
12  135  417
12  140  519
12  147  650
12  148  439
12  149  779
12  156  642
12  162  592
12  167  439
12  174  652
12  176  730
12  182  419
12  188  738
12  194  303,728
12  196  460
12  200  298
12  201  779
12  202  519
12  205  649,700
12  208  649
12  212  71
12  213  652
12  215  472
12  227  419
12  231  28,261,851,908
12  245  419
12  249  156,684
12  262  779
12  263  859
12  267  36,470
12  273  519
12  277  820
12  279  504,627
12  280  652
12  281  375
12  293  865
12  296  237
12  298  472
12  299  201
12  304  474,644
12  316  684
12  318  44,469
12  328  62,198,764,859
12  333  730
12  335  22,535
12  342  190,216,234,358
12  347  369
12  353  434,507
12  354  84,216
12  355  649
12  382  298
12  396  535
12  401  243
12  403  303,728
12  404  535
12  407  609,839,916
12  415  627
12  416  273
12  418  730
12  419  498
12  422  779
12  426  500,843
12  428  237
12  429  859
12  432  303,728,730
12  437  496
12  438  419
12  442  562
12  443  120,271,594
12  452  29,419,730
12  456  649
12  457  419
12  462  237
12  465  187,650
12  466  251,843
12  475  738
12  488  2,650,865
12  495  324
13  6  516,711
13  14  627
13  15  742
13  20  397
13  29  663
13  30  738
13  39  109
13  46  127
13  47  459
13  52  946
13  58  649
13  67  524
13  71  500
13  78  20,741
13  80  781
13  105  820
13  114  785
13  117  684
13  123  663
13  133  417
13  134  216
13  135  615,636,663,808
13  138  649
13  148  650,865
13  150  165
13  153  371
13  171  738,789
13  172  22,562,649
13  180  28,896
13  182  865
13  187  209
13  188  2,650
13  196  621
13  209  156,439,663
13  212  374
13  218  779
13  220  717,942,949
13  223  397
13  227  32,727
13  231  371,865
13  240  28,664,877
13  243  369
13  249  251,846
13  250  307
13  252  808
13  257  429
13  264  763
13  266  962
13  267  135,327,411,454
13  283  763
13  289  579
13  293  553
13  294  459
13  308  419
13  313  153
13  314  500
13  316  623,846
13  317  237,785
13  327  439
13  344  130
13  352  251
13  353  97,779
13  355  288
13  359  140,271,326
13  361  836
13  363  271,742
13  379  97,500
13  382  649
13  401  36,127
13  402  684
13  429  371,472
13  435  156
13  438  738,949
13  441  375,439
13  447  237
13  455  742,779
13  463  94,763,820
13  471  763
13  473  500,519
13  478  500
13  480  140,326,562
13  487  609,839,916
13  490  650
13  493  789
13  497  307
14  2  500
14  19  615
14  23  439
14  26  684
14  28  417
14  41  140,326,439
14  51  929
14  56  557,730
14  59  553,942
14  65  782
14  72  742
14  82  621
14  93  664
14  97  763
14  101  684
14  104  32,439,727
14  111  432
14  112  949
14  113  156
14  122  251
14  131  135
14  134  375,419
14  139  371,579
14  143  649
14  145  916
14  149  167
14  157  288
14  170  261,895
14  184  71
14  185  865
14  188  575,952
14  200  649
14  209  251
14  215  500
14  224  908
14  233  535,562
14  236  63
14  239  340
14  250  700
14  252  562,730
14  258  459
14  259  652,663,974
14  260  700
14  266  201,553,579,650
14  273  206,562
14  275  733
14  278  636,831
14  284  663
14  285  500
14  290  742
14  307  519
14  311  908
14  323  243,279,824
14  324  519,627
14  326  127
14  329  84
14  330  730
14  333  525,916
14  341  130
14  353  32,298,727
14  355  167
14  367  371
14  381  519
14  392  636,831
14  417  216
14  432  109,525
14  437  130
14  441  28,877
14  451  165,636,831
14  455  251,340
14  457  524
14  460  251
14  465  700
14  474  127
14  475  615
14  493  223,500,529,871
14  496  393,870
15  1  36,243,279,824
15  11  636,831
15  18  859
15  25  109,209
15  26  253,369,371
15  29  738
15  31  192,955
15  44  579
15  46  371
15  50  535
15  51  206,562
15  66  273
15  69  562,738
15  73  459
15  78  663
15  88  419
15  94  982
15  97  504,535,562,627
15  110  84,500
15  115  100,239
15  117  974
15  119  244
15  129  216
15  152  460,519
15  177  609,839,916
15  179  271,684
15  185  273
15  188  519,949
15  189  650
15  190  877
15  202  865
15  209  419,730
15  217  535
15  219  432
15  225  97
15  229  371
15  233  153,216
15  234  284
15  235  209
15  243  209
15  250  15,393,524,870
15  255  664
15  264  562
15  266  251,877
15  268  535
15  269  207,649,955
15  270  165
15  273  439
15  274  730
15  278  779
15  289  254
15  290  29
15  294  684
15  295  615
15  299  621
15  302  730
15  307  524
15  308  251,522,663
15  311  439
15  313  165,251
15  331  204
15  337  22
15  338  146,527
15  340  500
15  342  562
15  350  472
15  356  355,519,747,781
15  365  439
15  366  434,507
15  369  216
15  370  782
15  373  742,915
15  375  393,870
15  378  432
15  388  663
15  391  156
15  405  519,609,839,916
15  420  303,728
15  433  215
15  460  219
15  461  251,522
15  465  500,600,666,884
15  474  251
15  479  398
15  482  397
15  484  519
15  498  340,432,610
16  2  206,562
16  7  439
16  19  738
16  25  156,298
16  27  460
16  28  331,519,961
16  35  22
16  37  244
16  52  859
16  53  562
16  55  908
16  57  500
16  63  100,206,239,562
16  66  967
16  68  439
16  70  500
16  72  261,398,470,895
16  74  738
16  103  859
16  104  397,865
16  105  319
16  108  216
16  116  519
16  127  946
16  129  165
16  132  29
16  134  307,460,610,820
16  139  156,649,785
16  141  843
16  142  232,730
16  153  938
16  157  237
16  161  397
16  167  319
16  168  22,206,717,949
16  170  609
16  171  525
16  180  29
16  191  303,728
16  194  165
16  197  500
16  202  579,781
16  204  535
16  207  216,234,519
16  212  885
16  222  908
16  223  500,808
16  233  967
16  235  649,781,820
16  238  237
16  240  97
16  241  500
16  246  100,239
16  248  498
16  254  109
16  256  516,711
16  258  649
16  261  417
16  262  562,609,839,916
16  275  525
16  277  195,393,879
16  289  375
16  291  516,711
16  293  535
16  300  553,692
16  310  429
16  324  781
16  337  730
16  346  460,717,949
16  358  789
16  364  429
16  368  615,908
16  371  572
16  373  663
16  379  813
16  382  167,738
16  383  879
16  386  398
16  387  684
16  389  650
16  391  500
16  402  271
16  404  592,865
16  406  216
16  408  730
16  409  36,859
16  415  109
16  418  375
16  421  535
16  424  331,961
16  437  879
16  448  502
16  449  535,663,871,888
16  452  331
16  455  500,615
16  457  32,340,727
16  461  216,234
16  462  156
16  467  500
16  481  562
16  482  130
16  487  237,650
16  489  44,109,469
16  491  28,419
16  493  71
16  497  84,432,609,839
16  499  519
17  3  535
17  8  44,469
17  13  251,535,553
17  14  627
17  17  470,642
17  23  621
17  26  216
17  29  728
17  54  135,649
17  61  369,432
17  63  303,393,728,870
17  64  615
17  65  859
17  71  29
17  73  271
17  75  949
17  76  535
17  99  434,507
17  102  519
17  116  171,982
17  132  500,908
17  138  329,936
17  139  167,187,519
17  149  439
17  150  251
17  156  739
17  159  623,730
17  166  254
17  185  500
17  188  649,663
17  191  730
17  192  859
17  196  500
17  197  195,454
17  230  52,730
17  235  779
17  237  109
17  247  738
17  255  201,303,728
17  256  500
17  265  820
17  275  28
17  282  684
17  283  29
17  285  904
17  292  519
17  294  522
17  305  615,908
17  315  525
17  316  216,439,711
17  320  820
17  322  156,371
17  330  519
17  334  664
17  339  2,459,650,938
17  347  522
17  364  244,397
17  366  439
17  374  187
17  375  615
17  376  303,728
17  384  232,763
17  394  519
17  406  496
17  411  109,419
17  412  284
17  421  232
17  422  251
17  423  615
17  426  219
17  434  650
17  439  198,764
17  441  319,742
17  452  808
17  457  209,535
17  475  432,439
17  477  693
17  480  127
17  490  553
17  491  331,865,961
17  492  271,797
17  497  664,738
17  498  519
18  1  579
18  10  374
18  14  627
18  17  535
18  26  579
18  32  439,649
18  38  730,738
18  40  579,786
18  78  730
18  83  156,216
18  84  525
18  88  393,870
18  91  417
18  93  500,738
18  100  615
18  105  36
18  108  209
18  122  636
18  127  251
18  141  895
18  149  816
18  156  652
18  161  879
18  163  28,877
18  165  355,535,747
18  166  460
18  169  28,877
18  179  303
18  181  216
18  186  487
18  189  865
18  194  439,600,666,884
18  197  419
18  202  209,369
18  205  36
18  206  307,579,786
18  213  535
18  214  417,789
18  222  738
18  227  29
18  231  320,409,655
18  233  652
18  245  785
18  256  454
18  257  32,371,553,642
18  260  15
18  269  167
18  278  127,877
18  283  915
18  289  504,627
18  293  459
18  296  538,978
18  300  140,326
18  309  949
18  311  949
18  314  779
18  320  298
18  321  472
18  322  289
18  325  500,636,831
18  327  284
18  328  243,279,459,824
18  331  636,831
18  353  243,649
18  364  785
18  365  636,831
18  379  288
18  383  2
18  384  84
18  388  865
18  390  146,527,663
18  394  650
18  396  636,831
18  402  472
18  410  187
18  411  779
18  414  459,535
18  421  32,727
18  423  375,636
18  426  303,500
18  443  244,728
18  451  195,393
18  456  243,274,443,673
18  468  615
18  471  29
18  472  846
18  475  371
18  479  967
18  483  609,839,916
18  484  592
18  485  374
19  6  251
19  9  109
19  10  663
19  13  327,459,671
19  14  100,239
19  22  439,779
19  24  472
19  27  519
19  36  432
19  39  615
19  59  109
19  69  153,538,978
19  70  244,454,538,978
19  80  369
19  83  636,779,831
19  94  209
19  99  525
19  108  22,717,946,949
19  114  579
19  115  432
19  125  636,831
19  130  500,519
19  131  156
19  132  649
19  133  209,459
19  136  500,664
19  138  650
19  139  167
19  140  439
19  149  397
19  151  908
19  163  627
19  165  97
19  170  496
19  171  209,232
19  180  44,469
19  182  843
19  183  615
19  186  237,500
19  191  519
19  192  609,839,916
19  193  636,692,739,831
19  210  397
19  212  652
19  224  303,728
19  226  187
19  227  535,664
19  229  789
19  237  371
19  242  109,156
19  250  187
19  253  623
19  263  967
19  264  209,579,786
19  267  387
19  271  946
19  277  284,865
19  280  781
19  292  289
19  294  500
19  298  730
19  301  664,946
19  310  303,728
19  311  711
19  314  519
19  317  738
19  320  165,288,500
19  325  525,779
19  326  535
19  327  649,663
19  330  165,439
19  336  167
19  338  232,563
19  339  522
19  343  29
19  353  374,615,967
19  361  496
19  363  779
19  366  243,279,824
19  369  557
19  376  779
19  390  165,615
19  394  946
19  404  237,369
19  407  865,879
19  411  156
19  416  22,717,949
19  417  943
19  426  454,525,627
19  431  22,615,717,949
19  434  417
19  437  355,747
19  443  439
19  447  942
19  462  298,434,507
19  476  167
19  494  525
19  500  579,663
20  1  340,417,470
20  4  525
20  14  738
20  21  663
20  22  201
20  25  615
20  30  243,635
20  36  130,216,234
20  44  502
20  47  460
20  52  237,454
20  57  967
20  58  472,967
20  68  600,666,884
20  71  427
20  73  258
20  77  243
20  88  243,279,635,824
20  105  727,811
20  111  877
20  112  156
20  115  216,234
20  119  2
20  126  237,650
20  132  470
20  133  94,820
20  145  432,840
20  146  417
20  152  738
20  155  216,303,728
20  156  942
20  158  251
20  159  417
20  160  642
20  164  319,500
20  165  187
20  170  763
20  171  519
20  172  535,808
20  174  434,507
20  176  908
20  177  649
20  179  32,727
20  180  664
20  183  621
20  186  734
20  202  419
20  206  143
20  208  167,216,234
20  214  71
20  230  519
20  235  369,865
20  236  779,908
20  239  127,454
20  250  650
20  252  303,728
20  254  615
20  259  865
20  261  244
20  263  962
20  264  621
20  275  572
20  283  340
20  287  763
20  288  763
20  297  439,636,831
20  300  289
20  304  711,786
20  312  859
20  313  156,398
20  326  636,831
20  329  739
20  331  797
20  334  763
20  345  460
20  347  500
20  348  949
20  350  187
20  351  216
20  354  237
20  357  522
20  360  84,219
20  369  130,216,460
20  370  859
20  376  439
20  378  216,234
20  379  187
20  381  470
20  383  738
20  391  730
20  395  298
20  397  592
20  398  500
20  406  22,717,949
20  409  962
20  413  29
20  418  908
20  422  553,664
20  431  621
20  449  739
20  459  216
20  478  779
20  488  553,572
20  489  439,615
21  4  738
21  9  146,243,527
21  16  738
21  28  535
21  32  877
21  36  432
21  38  156,432
21  39  156,621
21  49  71
21  60  94,820
21  62  29,592
21  75  859
21  80  646
21  86  209
21  92  500
21  99  500
21  101  496
21  128  621
21  131  329,936
21  132  271
21  133  500
21  136  319
21  138  167
21  140  500
21  144  908
21  164  417
21  170  957
21  177  167
21  180  649
21  185  525
21  188  206,562
21  189  915
21  192  650,738
21  195  22,717,949
21  201  243
21  202  498,779
21  206  621
21  215  22
21  222  470
21  229  215
21  237  232,609,839,855
21  238  459
21  242  738
21  243  253,369
21  246  646,877
21  250  63
21  251  519
21  263  251
21  276  859
21  277  135
21  279  245
21  281  271
21  282  419,525,538,978
21  286  156,500,649
21  287  251
21  292  232
21  302  779
21  305  470,949
21  307  135,562
21  309  649
21  318  327,671
21  336  816
21  339  116
21  346  251
21  354  237,942
21  355  553
21  356  273
21  359  877
21  363  459
21  370  243,279,496,824
21  374  156
21  377  36
21  384  340,562
21  390  135
21  392  389,397
21  396  967
21  399  10,411,454
21  403  387,742,865
21  408  524
21  412  946
21  413  460,865
21  414  29
21  424  251
21  429  472,474,644
21  437  243,635
21  438  649,730
21  439  500
21  443  419
21  457  496
21  463  562
21  472  307,717,949
21  473  156,398
21  479  663
21  482  879
21  483  738
21  495  808
21  496  650
22  1  397
22  2  393,870
22  7  432,459
22  9  664
22  13  288
22  14  646
22  16  609,839,916
22  18  962
22  19  44,469
22  20  201,500
22  25  195,393,663
22  26  187
22  29  592
22  34  498
22  35  500
22  39  908
22  45  32,470,727
22  48  369,779
22  50  535
22  51  393,865
22  52  29,877
22  59  553
22  61  553,871,888
22  64  165
22  67  167,519
22  68  865
22  75  627
22  76  374
22  79  22,130
22  81  363,529
22  84  663
22  94  553,615
22  95  251
22  105  865
22  114  636,831
22  119  519
22  126  636,831
22  128  251
22  146  627
22  151  261,851
22  156  439,904
22  157  535
22  159  498
22  167  417
22  172  967
22  177  895,915
22  178  166,245,320
22  179  84,535
22  180  516,711
22  181  140,326
22  192  130
22  193  500
22  195  439,859,943
22  203  949
22  217  209
22  229  846
22  233  44,469
22  237  615
22  242  763
22  254  621
22  257  273,375,663
22  265  439
22  273  439
22  280  369
22  292  2,650
22  301  319
22  308  946
22  311  156
22  325  355,747
22  326  439
22  327  899
22  329  808
22  334  562
22  345  261,851
22  346  967
22  362  156
22  365  797
22  378  251,398,522
22  395  649
22  399  942
22  404  843
22  408  195,393
22  417  36,519
22  419  29
22  429  439
22  441  652
22  442  153
22  453  779
22  455  243,454
22  462  763
22  472  271
22  473  470
22  487  738
22  499  439,500
23  6  843
23  21  32,727
23  33  36
23  34  454
23  59  109,865
23  78  763
23  88  63,652
23  91  153,684
23  95  470
23  97  22,28,36,237
23  98  288
23  100  738
23  106  615
23  108  130
23  110  201
23  114  187
23  120  949
23  121  166,245,251,320
23  128  942
23  133  439,525,535
23  136  419
23  139  251,398,621,938
23  148  237
23  153  195,393
23  161  519
23  162  120,594
23  186  135
23  187  243,635
23  190  62
23  215  498
23  218  730,929
23  228  535
23  239  636,742,831
23  240  693
23  244  498
23  246  967
23  260  127,429
23  261  663
23  264  261,851
23  265  29
23  272  398
23  273  865
23  274  298,946
23  282  331,742,961
23  296  664
23  302  439,730
23  310  500,609,839,916
23  323  538,978
23  327  865
23  334  319
23  340  419,525
23  341  779
23  345  500,579
23  350  642
23  361  223,730,871
23  362  650
23  368  153,156
23  378  165,500,642
23  380  781
23  386  387,439,615
23  389  946
23  394  206,562,877
23  407  432
23  416  738
23  419  649,929
23  427  52
23  435  251,470
23  460  454
23  476  234,942
23  485  693,779
23  489  650
24  22  915
24  25  649
24  28  29,439,535
24  29  369,439
24  32  865
24  41  779
24  47  949
24  49  22,942
24  57  650,779
24  58  502
24  66  865
24  67  636,642,831
24  76  165
24  77  434,507
24  83  650
24  99  967
24  102  865
24  103  730
24  115  374,592
24  131  525,739
24  145  649
24  147  216
24  148  340
24  155  684
24  158  439,500
24  161  770
24  164  642,693,974
24  167  730
24  168  942
24  171  71
24  172  419
24  182  500
24  196  387,498
24  197  472,519
24  202  419,871,888
24  203  649
24  216  62
24  221  209,929
24  230  498
24  235  206,562
24  245  201
24  247  393,870
24  249  216,711
24  258  167
24  266  669
24  267  663
24  271  460
24  272  519,820
24  273  393,870
24  284  553
24  312  284
24  314  36,277
24  334  519
24  343  62,307
24  350  650,942
24  351  22,717,949
24  353  167,572
24  354  237
24  357  609
24  363  949
24  364  36
24  366  865
24  376  307
24  380  915
24  383  165
24  384  22,62,303,728
24  386  865
24  411  232
24  421  879
24  429  938
24  433  22
24  436  209
24  438  32,727
24  453  251
24  454  371,664
24  467  36
24  468  29
24  476  535
24  484  439
24  486  62
24  488  223,871
24  489  865
25  1  187
25  4  470
25  7  303,728
25  8  504,615,627,808
25  12  649
25  22  627
25  28  32,727
25  34  387,946
25  36  22,717,949
25  41  516,711
25  44  808
25  46  974
25  57  397
25  63  63
25  69  303,728
25  73  22,717,949
25  78  562
25  97  967
25  105  130
25  109  942
25  119  94,340,820
25  124  251
25  126  427
25  137  206,562
25  140  195,393,519
25  141  327,671
25  143  167
25  151  243,279,824
25  153  216
25  155  439,623,846
25  166  261,851
25  167  340,865
25  170  130
25  180  319
25  182  982
25  189  470
25  192  738
25  193  525
25  195  535,615
25  201  167,649
25  203  500
25  206  636,831
25  212  44,439,469
25  224  439
25  239  485
25  240  967
25  257  942
25  266  553
25  267  519
25  276  36
25  280  298
25  283  820
25  296  942
25  298  621
25  303  216,409
25  306  727,811
25  308  303,728
25  320  967
25  324  369
25  326  982
25  329  62
25  345  187
25  363  915
25  370  130
25  376  739,865
25  380  369
25  393  700
25  400  94,820
25  403  32,727
25  406  439
25  407  216,234,738
25  411  251
25  420  439
25  422  140,201,326
25  446  943
25  455  865
25  457  991,997
25  469  190,358,725
25  473  29,738
25  475  946
26  5  140,326,562,615
26  7  535
26  11  797
26  12  22,470,717,949
26  16  243
26  21  535
26  25  167
26  26  663
26  33  417
26  38  642
26  44  592
26  50  877
26  62  363
26  63  738
26  70  243,635
26  74  454,664
26  75  127
26  77  2
26  86  496
26  90  500
26  93  100,239,303,728
26  97  140,411,454
26  102  439
26  106  36,319
26  113  460,472
26  118  621
26  120  22,319
26  126  929
26  128  71
26  134  143
26  137  474,644
26  138  967
26  144  439
26  148  244
26  153  615
26  157  63,642
26  177  738
26  182  454,623,846
26  190  393,870
26  191  779
26  195  621,627,636
26  202  859
26  205  167
26  207  84
26  213  454,553
26  218  636,831
26  234  802
26  239  650
26  241  525,621
26  246  244
26  248  29
26  253  496,627
26  261  439,859
26  266  140,326
26  270  216
26  282  331
26  286  500,525
26  288  32,621,727
26  289  135
26  295  319
26  297  340
26  298  621
26  301  502
26  302  525,621
26  303  216
26  314  288
26  320  649
26  330  627
26  333  730
26  343  454
26  347  525
26  351  261,895
26  352  153
26  357  29
26  362  237,251,288
26  366  387
26  368  454,743
26  371  472
26  380  71
26  383  369,398
26  385  500
26  387  649
26  391  28
26  393  15
26  400  470
26  406  454
26  408  329,936
26  411  961
26  413  243,279,824
26  417  879
26  423  97
26  425  470,525
26  426  895
26  443  439
26  452  498
26  455  742
26  461  496
26  467  562
26  468  529,609
26  472  143
26  473  865
26  485  519
26  486  802
26  493  329,650,936
27  7  340
27  8  535
27  13  738
27  15  553
27  24  63
27  26  22,717,949
27  28  171,232,649,982
27  31  369
27  42  563
27  43  393,870
27  55  470,779
27  61  216,253,369,785
27  70  454,535
27  72  609
27  73  130,209
27  76  646
27  78  621
27  80  2
27  94  201
27  95  96,153,331
27  98  389,460
27  124  201
27  131  303,728
27  134  135,261,367,535
27  153  553
27  161  243
27  162  908
27  163  929
27  173  371
27  174  251
27  185  733,797
27  194  865
27  197  474,644
27  199  84,94,439,820
27  200  167
27  205  15
27  211  156,397,417,738
27  218  572
27  223  855
27  225  109
27  226  700
27  231  525,843
27  238  949
27  256  195,393
27  259  519
27  269  460
27  280  649
27  285  254,500,738
27  287  562,636,831
27  288  684
27  302  865
27  305  251
27  308  32,727
27  315  204,663
27  319  216,303,728
27  320  525,535
27  325  273
27  326  730
27  332  22,371,717,949
27  337  782
27  338  198,764
27  343  143
27  344  496,797
27  345  865
27  360  251,387
27  367  84
27  371  216
27  387  623,846
27  390  519
27  398  84,525
27  402  216,711
27  406  135
27  407  232
27  413  271
27  417  650
27  420  29
27  421  488
27  432  797
27  433  507
27  439  288,340
27  443  331,865,961
27  444  739
27  447  84
27  452  663
27  456  140,326,816
27  457  730
27  462  692
27  467  609,839,916
27  468  127,198,470,765
27  471  232
27  474  258,271
27  475  454
27  479  529
27  487  627
27  490  516,711
27  498  367
28  1  642
28  7  865
28  9  219
28  16  28,500,896
28  27  859,997
28  28  865
28  37  22,717,949
28  39  916
28  40  439
28  48  44,469,519
28  50  636,831
28  57  652
28  61  621
28  64  621
28  84  52
28  86  684
28  102  636,831
28  108  742,942
28  111  243,635
28  116  742
28  117  496,684
28  125  650
28  127  915
28  128  167,615
28  131  367,824
28  141  802
28  145  84,742
28  177  187
28  186  432,942
28  205  811
28  207  763
28  214  609,839,916
28  225  615
28  230  572
28  231  371
28  238  650
28  247  63
28  248  439
28  250  127,140,326,429
28  251  140,216,234,326
28  256  592
28  263  320,655,808
28  277  2
28  295  727,811
28  297  650
28  304  393,563,870
28  312  742
28  321  459,967
28  323  2,650
28  324  419
28  326  967
28  339  600,666,884
28  342  946
28  344  109,130
28  388  22
28  398  650
28  402  474,644
28  412  738,779
28  432  524,652
28  436  470,535
28  451  915
28  454  938
28  462  649
28  469  329,936
28  473  251,885
28  474  327,627,671
28  484  734,763
28  488  140,240,326
28  491  100,239
28  492  454,915
29  7  251
29  9  319
29  25  29
29  36  216,234,454
29  37  650
29  62  808
29  64  942
29  69  474,644
29  71  664
29  72  216
29  91  204,216,711
29  94  140,326
29  96  663,974
29  103  646,962
29  114  215
29  119  100,239
29  126  650
29  128  743
29  133  140,326,369,519
29  137  63,298
29  140  454
29  142  498
29  144  470
29  146  538,978
29  151  298,711,786
29  172  22
29  176  538,609,738,820
29  179  579
29  187  135
29  195  63,865
29  202  374
29  207  562
29  213  127
29  223  525
29  231  535
29  235  393,432,870
29  236  251,516,711
29  243  519,535
29  245  684
29  253  180,529,556,809
29  256  109
29  263  22,717,813,949
29  270  22,243,279,717
29  273  156,865
29  278  942
29  282  251,623,846
29  284  340,836
29  287  22
29  292  140,340
29  301  195,393,877
29  302  621
29  307  779
29  308  535
29  319  22,439,579,717
29  321  967
29  326  454
29  340  627
29  341  100,239,865
29  351  439
29  353  500
29  355  562
29  357  738,946
29  364  459
29  368  29,109,251
29  370  243,650
29  378  417
29  380  871,888
29  392  32,650,727
29  394  663
29  402  529
29  412  251,808
29  414  967
29  415  432,454,615
29  420  319
29  428  877
29  432  439
29  440  454
29  452  621
29  460  946
29  461  32,727
29  462  562,642
29  467  273
29  470  201
29  473  649
29  475  730
29  482  649
29  485  195,393,500
29  491  646
29  499  522
30  11  398
30  14  130,135
30  16  609,839,916
30  20  244
30  26  730
30  27  29,779
30  29  738,967
30  37  519
30  40  298
30  50  967
30  52  216,642
30  75  439,529
30  82  730
30  85  190,358,725
30  91  535
30  97  387,398
30  101  303,439,728
30  109  22
30  113  684
30  114  389
30  116  167
30  121  663
30  125  496
30  137  563
30  141  911
30  144  865
30  148  942
30  152  2,261,650,851
30  153  879
30  163  251,522,538,978
30  164  525
30  171  529
30  173  367
30  177  802,816
30  182  535
30  193  797
30  194  519
30  198  470
30  211  243,664
30  212  258,650
30  214  397,949
30  216  609,839,916
30  224  470
30  225  439,655
30  244  393,870
30  249  460
30  250  652,967
30  257  140,326
30  260  201
30  262  553
30  270  417
30  272  535,538,928
30  274  877
30  280  253,369,663
30  289  187
30  294  52
30  299  22,460
30  307  393,870
30  310  525,967
30  313  204
30  324  20,741
30  327  167
30  334  22
30  341  621
30  351  650,865
30  363  375
30  364  187,609,839,916
30  367  29,439
30  368  127
30  376  398,459
30  390  274,443,673,879
30  391  652
30  394  63
30  407  2,579
30  415  621
30  423  500
30  424  32,727
30  426  439
30  434  167,693
30  444  369,500
30  462  251
30  471  553,562
30  487  525
30  491  32,288,727
30  498  29
31  5  621,636,831
31  30  591
31  43  22,717,949
31  44  369
31  48  387,454
31  49  307
31  56  693,730
31  58  167
31  59  615
31  83  22,717,949
31  87  642
31  90  650,730
31  102  84
31  104  879
31  111  434,507
31  121  739
31  122  340
31  138  500
31  152  243
31  168  525
31  169  535
31  175  190,232,358,725
31  177  911
31  178  500
31  198  711,786
31  211  519
31  212  327,671
31  214  649
31  216  738
31  217  187
31  220  62
31  236  470
31  238  649
31  240  187,207,329,525
31  245  535
31  255  454,498
31  259  650,967
31  263  251,669,813
31  282  29
31  301  727,811
31  302  62
31  303  915
31  316  432
31  322  140
31  323  496
31  337  859
31  343  535
31  359  116,779
31  368  204,529,553,621
31  375  63
31  377  535
31  378  409
31  380  253,369
31  386  865
31  389  500
31  397  180,556,609,809
31  402  439,915
31  423  273
31  426  300,496,802
31  437  904
31  444  237
31  449  284
31  450  500
31  454  592
31  457  535
31  461  957
31  463  470,575
31  470  135,374
31  474  915
31  480  22
31  481  439
31  485  525
31  498  652
32  8  327,671,904
32  12  190,358,725
32  20  843
32  27  393
32  33  738
32  34  84
32  38  498
32  46  393,870
32  47  553
32  52  127,765
32  53  22,251
32  62  140
32  67  244
32  72  663
32  73  271
32  75  738
32  83  251
32  85  650
32  86  472,535
32  98  327,454,671,962
32  100  621
32  101  130
32  102  865
32  112  730
32  115  646
32  120  649,663
32  123  621
32  125  130
32  129  171,982
32  132  915
32  133  140,326
32  138  816
32  139  140,326,529
32  144  946
32  145  237
32  150  500,636,831
32  164  171,982
32  181  22,516,711,717
32  196  417
32  202  271
32  206  29,621
32  208  562
32  211  615,879
32  217  865
32  220  879
32  221  100,239,417
32  222  180,556,809
32  230  223,460,871
32  244  967
32  245  32,187,727,967
32  253  288
32  258  949
32  260  474,644
32  269  496,816
32  274  307
32  285  261,525,851
32  289  454
32  299  592
32  305  711,786
32  309  251,522
32  314  320,655
32  316  216,234
32  317  942
32  320  525,816,967
32  322  519
32  323  398
32  326  865
32  333  877
32  337  498,962
32  344  22,717,949
32  346  62,158,247
32  353  201,454,816
32  357  198,820
32  364  879
32  367  62,243
32  370  417,579
32  371  223,871
32  384  439
32  387  167
32  388  843
32  390  439
32  393  216,684,711
32  405  44,469
32  423  525
32  436  738
32  437  273
32  445  319
32  451  650
32  453  535
32  462  942
32  465  15
32  467  22
32  484  109
32  486  288
33  7  439,742
33  11  553
33  15  419,742
33  17  711,786
33  27  130
33  31  243,635,957
33  34  877
33  35  742
33  44  187
33  53  779
33  64  859
33  77  650
33  86  109,371
33  90  454
33  93  2,650
33  95  572
33  99  2,454
33  109  652
33  116  816
33  122  535,816
33  126  650
33  133  62,535
33  135  369
33  142  663
33  143  234
33  158  62,525
33  162  470
33  163  516,575,711,952
33  175  454
33  176  865
33  180  130
33  187  398,500,663
33  188  52,288
33  193  496
33  194  454
33  198  243
33  214  243,635
33  215  474,644
33  220  251
33  224  271,738
33  227  915
33  235  871,888
33  241  398,652,820
33  248  865
33  256  271,562
33  259  22
33  260  563
33  262  201,398
33  267  623,846
33  273  243,279,733,824
33  282  36,454
33  287  62
33  297  967
33  303  371
33  304  63
33  306  525
33  321  369
33  339  525
33  342  22,500
33  358  130
33  363  130
33  371  243,279,824
33  372  166,245,320
33  389  525
33  390  460
33  400  63
33  405  779
33  417  165
33  418  470
33  428  459
33  429  865
33  440  519
33  441  219,865
33  444  942
33  449  253,369
33  454  500
33  465  621
33  472  251
33  473  454,498
33  477  216,621
33  480  470
33  481  22
33  490  140,326
33  495  167
34  25  816
34  26  216
34  28  865
34  33  730
34  40  271,649
34  47  371
34  52  371
34  60  251,522
34  61  664
34  67  816
34  71  525
34  72  460
34  75  319
34  80  253,369,398
34  86  500
34  91  243,279,824
34  98  500
34  101  865
34  111  219
34  130  646
34  135  621
34  136  663
34  145  234
34  149  879
34  151  649
34  159  556,779,809
34  161  363
34  166  504,627,808
34  174  2,525,650
34  179  439
34  180  135,156
34  182  802
34  197  535
34  207  62,63
34  211  663
34  213  284,967
34  214  738
34  218  223,871
34  226  15
34  234  642
34  236  36
34  244  63
34  251  251,288,535
34  255  562
34  259  684
34  262  738
34  278  417
34  279  439
34  284  538,978
34  285  454
34  287  96,331
34  288  535,562
34  293  949
34  310  664,738
34  323  32,727
34  324  253,369
34  325  201
34  332  915
34  335  244
34  349  251
34  353  374
34  360  62,397
34  361  234
34  362  525
34  373  22,717,949
34  380  885
34  383  320,502,655
34  393  865
34  396  650
34  400  871,888
34  401  472
34  413  36
34  421  535,949
34  425  649,684
34  441  692
34  444  454,519,562
34  454  94,319,820
34  464  649
34  479  324
34  482  167
34  483  516,711
34  484  10
34  489  243,279,500,824
34  499  429,621
35  3  387
35  6  895
35  11  140,326,417
35  12  284
35  14  135
35  18  63,135
35  19  243
35  26  288
35  33  498
35  39  711,786
35  45  535
35  49  496
35  64  650
35  65  962
35  67  650
35  68  470
35  75  153
35  76  525
35  86  454
35  92  32,525,727
35  96  538,978
35  104  274,443,673
35  111  156
35  113  251
35  117  535
35  119  646
35  122  650
35  129  22,717,949
35  139  779
35  150  820
35  151  167,243,615
35  161  393,942
35  162  797
35  169  498
35  171  367
35  172  251
35  178  525
35  186  216,234
35  200  779,816
35  212  52,865
35  221  535,646
35  233  204,327,671
35  234  911
35  237  967
35  239  454
35  242  432,738
35  246  797
35  250  156
35  254  2
35  255  439
35  258  22,717,949
35  265  865
35  273  251
35  280  167
35  286  454
35  291  439
35  295  621
35  297  865
35  298  563,820
35  312  500,562
35  315  649
35  317  636,831
35  321  237
35  338  100,239
35  342  877
35  347  116,219
35  351  319,609
35  355  500
35  361  498
35  362  652,942
35  366  2
35  389  877
35  412  243,635
35  419  739
35  428  507
35  440  393,870
35  444  22
35  461  130
35  475  721
35  480  340,439
35  489  327,671
35  493  738
35  496  516,711
35  498  216,234,649
35  499  525,865
35  500  623
36  2  63
36  3  652
36  6  258,802
36  7  397,865
36  8  245
36  10  472,779,929
36  11  929
36  19  29,454
36  20  879
36  25  621
36  29  22,223,717,871
36  30  130
36  32  650
36  41  201,557,865
36  44  929,991,997
36  47  140,326
36  62  459
36  67  195,393
36  68  232
36  82  650
36  93  36
36  95  204,223,871
36  96  621
36  97  525
36  98  525
36  108  859
36  111  251,572
36  112  251,439
36  119  153
36  125  525
36  128  885
36  145  942
36  148  243,824
36  157  529,621,942
36  158  739,865
36  160  271
36  161  621
36  164  942
36  172  877
36  173  63
36  188  734
36  191  439
36  193  553
36  201  816
36  202  251,271
36  203  942
36  206  743
36  207  22
36  209  663,865
36  223  621,879
36  249  36
36  256  369
36  259  216
36  275  775,846,991
36  278  251
36  282  251,522
36  286  109,167
36  300  535
36  303  22
36  310  289
36  311  251,865
36  319  865
36  321  942,949
36  330  397,684
36  337  201,553,579
36  357  2,650
36  363  649
36  367  739
36  374  251
36  378  234
36  380  684
36  385  553
36  389  808
36  391  251,865
36  395  167
36  399  470
36  400  288
36  403  439
36  404  967
36  408  738
36  418  693,711,763,786
36  427  288
36  428  615,642
36  429  779,967
36  433  187
36  435  711
36  439  243
36  441  535
36  462  167,454
36  467  738
36  471  22
36  472  62
36  484  22
36  486  967
36  496  500
37  1  942
37  2  730
37  6  615,911
37  18  135
37  20  454,459
37  25  22,498,717,949
37  29  967
37  37  711,786
37  46  63
37  48  535
37  51  470
37  53  258
37  57  742
37  59  836
37  61  216,234
37  69  502,563
37  81  621
37  91  967
37  112  865
37  113  623,846
37  127  877
37  131  62,865
37  134  785
37  143  243,816,824
37  153  915
37  155  859,865
37  172  258
37  173  245,329,730,936
37  175  454
37  176  738
37  184  562
37  191  195,393
37  192  816
37  197  36
37  202  915
37  203  300,454
37  210  498
37  212  742
37  213  738
37  217  369,422,967
37  218  432
37  219  198,764
37  224  579
37  228  967
37  229  454
37  231  967
37  232  535
37  235  216,234,253,369
37  237  652
37  242  29
37  252  22,693,808
37  255  865
37  264  243,635
37  268  100,239,397
37  270  779
37  274  167
37  276  198,764
37  278  535
37  284  234
37  286  251,615
37  288  201
37  291  865
37  310  439
37  314  290
37  322  32,727
37  330  307
37  334  243,663
37  346  500
37  348  271,553,649
37  349  243,279,824
37  350  216
37  354  62,636,642,831
37  361  130,808
37  363  135,663
37  369  22,717,949
37  391  234
37  392  535
37  393  429
37  403  237
37  406  130
37  407  187,650
37  411  201,615
37  415  216,234,419
37  418  562
37  423  538,615,978
37  428  2
37  429  474,644
37  432  615
37  440  216,525
37  450  22,44,469,717
37  457  130
37  472  96,331
37  478  439
37  482  454
37  496  63,525
37  497  663
38  1  650
38  4  393,870
38  16  684
38  20  802
38  24  563
38  28  535,725
38  29  240
38  31  652
38  39  251,627
38  40  167,915
38  46  201
38  59  942,967
38  62  621,727,811
38  63  439
38  71  206
38  76  459,684
38  77  243,279,824
38  89  650
38  93  646
38  94  190,358,535,725
38  100  535
38  103  942
38  112  652
38  113  319
38  115  369
38  116  329,936
38  129  251,522
38  131  251
38  132  525,786
38  138  525
38  146  529
38  149  232
38  150  245,525,865
38  154  22,319,610,738
38  156  865
38  157  432,652
38  164  727,811,885
38  166  652
38  169  785
38  176  284
38  178  374,877
38  182  371,911
38  196  201
38  200  251
38  202  535
38  215  563
38  218  201
38  225  273
38  230  240
38  232  579,967
38  241  340,865
38  242  271,808
38  250  143
38  269  130
38  270  877
38  275  340
38  288  22,411,454
38  290  277
38  294  36
38  299  369
38  308  877
38  310  525
38  327  816
38  332  664
38  333  650,693,840
38  340  165,411,454
38  351  251,727,811
38  355  454
38  359  363
38  360  879
38  361  879
38  371  742
38  376  288
38  382  816
38  397  820
38  402  865
38  413  915
38  414  340,649
38  423  915
38  433  340
38  442  204
38  447  320,738
38  453  646
38  454  251
38  455  621
38  463  22
38  469  572
38  478  454,470
38  487  288,529,642
38  495  816
39  4  171,519,982
39  7  273
39  16  454,738
39  22  621
39  49  130
39  52  942
39  54  167,915
39  55  84,500,535
39  58  474,644
39  62  251,779
39  65  201,553,579
39  68  187
39  86  563,738
39  94  813
39  102  127,765
39  113  525
39  114  84
39  116  22,717,949
39  119  470
39  123  652
39  128  525
39  133  538,967,978
39  139  816
39  147  36,251,649
39  150  525
39  154  367
39  163  52
39  165  733,797
39  170  22,190,358,725
39  182  808
39  187  865
39  198  535
39  199  470
39  200  243,279,824
39  204  967
39  219  460
39  227  94,820
39  229  140
39  234  942
39  237  387
39  238  454
39  253  592
39  256  615
39  261  575,952
39  268  879
39  275  967
39  281  813
39  282  459
39  283  739,865
39  291  525
39  315  779
39  334  195,393
39  339  797
39  354  195,393
39  356  733,797
39  358  71,140,326
39  359  621,915
39  368  140,326
39  371  22,717,949
39  372  251
39  376  251,908
39  386  621
39  387  439
39  398  664,693
39  403  22,717,843,865
39  409  553,579
39  418  22
39  423  135,374,636,831
39  426  130,692
39  429  563
39  433  663
39  434  500,816
39  436  156,525
39  440  22,717,949
39  457  329,936
39  463  251,522
39  465  243
39  469  240
39  470  135
39  475  865
39  484  650
39  485  201,738
39  486  243
39  487  942
39  489  525
40  1  459
40  8  621
40  13  454
40  27  251
40  38  216,243,279,824
40  39  251
40  43  529
40  46  2
40  48  195,393
40  53  636
40  66  879
40  69  865
40  73  243
40  90  84,135
40  97  140,326,516,711
40  98  915
40  111  223,871
40  113  251
40  114  62
40  116  109
40  120  243,727,811
40  122  251,288
40  125  743
40  131  52
40  132  738
40  137  167,187
40  138  739
40  143  284
40  144  877
40  145  167
40  153  140,326
40  167  498,525
40  169  855
40  171  498
40  173  498
40  175  627
40  179  865
40  180  251
40  185  375
40  193  130
40  205  127,429,816
40  210  879
40  213  459,742
40  225  733,797,865
40  239  529
40  248  165
40  251  319
40  253  369
40  257  135
40  261  245,529
40  266  663
40  271  409,730,915
40  272  967
40  274  251,816
40  275  240
40  281  135
40  282  865
40  296  454
40  302  498
40  311  991
40  317  2,650,899
40  323  130
40  324  63
40  328  369
40  330  288,498,879
40  340  29,216,234
40  342  454
40  343  2,621
40  346  261,851
40  353  165
40  357  116
40  361  251
40  362  967
40  371  240
40  376  646
40  384  2,650,865
40  387  816,865
40  391  398
40  395  167
40  408  865
40  411  32,727
40  412  877
40  416  621
40  430  36
40  431  251
40  439  525,535
40  443  797,865
40  446  254,500
40  447  470,519
40  459  22,206,562,717
40  462  127
40  463  52
40  475  877
40  493  113
